Residual Convergence speed Computational time
0.12499903 0.01356877 2.00000000
0.12499780 0.01207223 3.00000000
0.12499651 0.01075567 3.00000000
0.12499515 0.00967334 3.00000000
0.12499371 0.00889468 3.00000000
0.12499216 0.00849120 3.00000000
0.12499050 0.00850875 3.00000000
0.12498872 0.00894185 3.00000000
0.12498678 0.00973635 3.00000000
0.12498468 0.01081742 3.00000000
0.12498239 0.01211574 3.00000000
0.12497989 0.01357837 4.00000000
0.12497715 0.01516878 4.00000000
0.12497415 0.01686311 4.00000000
0.12497086 0.01864650 4.00000000
0.12496725 0.02051016 4.00000000
0.12496328 0.02244944 4.00000000
0.12495891 0.02446257 4.00000000
0.12495409 0.02654977 4.00000000
0.12494879 0.02871269 4.00000000
0.12494295 0.03095407 4.00000000
0.12493651 0.03327749 5.00000000
0.12492941 0.03568715 5.00000000
0.12492157 0.03818784 5.00000000
0.12491293 0.04078479 5.00000000
0.12490339 0.04348365 5.00000000
0.12489286 0.04629045 5.00000000
0.12488124 0.04921158 5.00000000
0.12486842 0.05225379 5.00000000
0.12485426 0.05542416 5.00000000
0.12483863 0.05873008 6.00000000
0.12482137 0.06217932 6.00000000
0.12480233 0.06577997 6.00000000
0.12478130 0.06954047 6.00000000
0.12475808 0.07346962 6.00000000
0.12473246 0.07757658 6.00000000
0.12470417 0.08187087 6.00000000
0.12467294 0.08636242 6.00000000
0.12463848 0.09106151 6.00000000
0.12460044 0.09597883 6.00000000
0.12455845 0.10112547 7.00000000
0.12451213 0.10651289 7.00000000
0.12446101 0.11215299 7.00000000
0.12440461 0.11805804 7.00000000
0.12434240 0.12424071 7.00000000
0.12427378 0.13071403 7.00000000
0.12419811 0.13749142 7.00000000
0.12411468 0.14458662 7.00000000
0.12402270 0.15201367 7.00000000
0.12392134 0.15978688 7.00000000
0.12380966 0.16792078 8.00000000
0.12368663 0.17643003 8.00000000
0.12355116 0.18532938 8.00000000
0.12340203 0.19463353 8.00000000
0.12323793 0.20435702 8.00000000
0.12305743 0.21451412 8.00000000
0.12285898 0.22511862 8.00000000
0.12264090 0.23618364 8.00000000
0.12240139 0.24772140 8.00000000
0.12213849 0.25974293 8.00000000
0.12185013 0.27225773 9.00000000
0.12153407 0.28527343 9.00000000
0.12118792 0.29879530 9.00000000
0.12080916 0.31282577 9.00000000
0.12039513 0.32736385 9.00000000
0.11994301 0.34240451 9.00000000
0.11944989 0.35793788 9.00000000
0.11891272 0.37394850 9.00000000
0.11832841 0.39041443 9.00000000
0.11769377 0.40730627 10.00000000
0.11700561 0.42458617 10.00000000
0.11626077 0.44220680 10.00000000
0.11545616 0.46011029 10.00000000
0.11458881 0.47822731 10.00000000
0.11365597 0.49647615 10.00000000
0.11265516 0.51476213 10.00000000
0.11158429 0.53297722 10.00000000
0.11044169 0.55100013 10.00000000
0.10922625 0.56869691 10.00000000
0.10793749 0.58592229 11.00000000
0.10657564 0.60252176 11.00000000
0.10514174 0.61833451 11.00000000
0.10363768 0.63319740 11.00000000
0.10206624 0.64694966 11.00000000
0.10043112 0.65943846 11.00000000
0.09873694 0.67052491 11.00000000
0.09698915 0.68009025 11.00000000
0.09519400 0.68804166 13.00000000
0.09335844 0.69431734 13.00000000
0.09148992 0.69889017 13.00000000
0.08959630 0.70176959 13.00000000
0.08768566 0.70300141 13.00000000
0.08576610 0.70266540 13.00000000
0.08384559 0.70087076 13.00000000
0.08193181 0.69774990 13.00000000
0.08003200 0.69345105 13.00000000
0.07815286 0.68813045 13.00000000
0.07630046 0.68194469 14.00000000
0.07448020 0.67504395 14.00000000
0.07269677 0.66756659 14.00000000
0.07095416 0.65963536 14.00000000
0.06925568 0.65135531 14.00000000
0.06760400 0.64281316 14.00000000
0.06600118 0.63407811 14.00000000
0.06444877 0.62520352 14.00000000
0.06294780 0.61622914 14.00000000
0.06149889 0.60718370 14.00000000
0.06010227 0.59808742 15.00000000
0.05875786 0.58895435 15.00000000
0.05746528 0.57979435 15.00000000
0.05622393 0.57061477 15.00000000
0.05503299 0.56142166 15.00000000
0.05389147 0.55222074 15.00000000
0.05279826 0.54301794 15.00000000
0.05175212 0.53381982 15.00000000
0.05075169 0.52463372 15.00000000
0.04979559 0.51546780 16.00000000
0.04888234 0.50633097 16.00000000
0.04801044 0.49723277 16.00000000
0.04717836 0.48818317 16.00000000
0.04638456 0.47919245 16.00000000
0.04562750 0.47027096 16.00000000
0.04490562 0.46142898 16.00000000
0.04421742 0.45267653 16.00000000
0.04356139 0.44402327 16.00000000
0.04293607 0.43547833 16.00000000
0.04234000 0.42705025 17.00000000
0.04177180 0.41874692 17.00000000
0.04123011 0.41057548 17.00000000
0.04071362 0.40254232 17.00000000
0.04022106 0.39465306 18.00000000
0.03975121 0.38691253 18.00000000
0.03930290 0.37932480 18.00000000
0.03887502 0.37189320 18.00000000
0.03846648 0.36462035 18.00000000
0.03807628 0.35750817 18.00000000
0.03770343 0.35055797 18.00000000
0.03734700 0.34377046 18.00000000
0.03700612 0.33714578 18.00000000
0.03667994 0.33068361 19.00000000
0.03636768 0.32438316 19.00000000
0.03606857 0.31824322 19.00000000
0.03578192 0.31226224 19.00000000
0.03550703 0.30643835 19.00000000
0.03524328 0.30076939 19.00000000
0.03499006 0.29525297 19.00000000
0.03474680 0.28988651 19.00000000
0.03451297 0.28466722 19.00000000
0.03428805 0.27959221 20.00000000
0.03407158 0.27465845 20.00000000
0.03386310 0.26986284 20.00000000
0.03366218 0.26520220 20.00000000
0.03346843 0.26067331 20.00000000
0.03328146 0.25627292 20.00000000
0.03310092 0.25199778 20.00000000
0.03292648 0.24784461 20.00000000
0.03275782 0.24381019 20.00000000
0.03259464 0.23989130 21.00000000
0.03243667 0.23608474 21.00000000
0.03228364 0.23238738 21.00000000
0.03213530 0.22879613 21.00000000
0.03199142 0.22530795 21.00000000
0.03185178 0.22191986 21.00000000
0.03171618 0.21862894 21.00000000
0.03158441 0.21543235 21.00000000
0.03145629 0.21232731 21.00000000
0.03133166 0.20931109 21.00000000
0.03121035 0.20638105 22.00000000
0.03109221 0.20353463 22.00000000
0.03097709 0.20076930 22.00000000
0.03086486 0.19808265 22.00000000
0.03075539 0.19547230 22.00000000
0.03064856 0.19293596 22.00000000
0.03054426 0.19047138 22.00000000
0.03044238 0.18807641 22.00000000
0.03034281 0.18574894 22.00000000
0.03024548 0.18348692 22.00000000
0.03015028 0.18128837 23.00000000
0.03005713 0.17915137 23.00000000
0.02996596 0.17707404 23.00000000
0.02987669 0.17505457 23.00000000
0.02978924 0.17309120 23.00000000
0.02970355 0.17118220 23.00000000
0.02961956 0.16932592 23.00000000
0.02953720 0.16752074 23.00000000
0.02945643 0.16576508 23.00000000
0.02937718 0.16405741 24.00000000
0.02929940 0.16239624 24.00000000
0.02922306 0.16078014 24.00000000
0.02914809 0.15920768 24.00000000
0.02907447 0.15767751 24.00000000
0.02900213 0.15618830 24.00000000
0.02893106 0.15473874 24.00000000
0.02886120 0.15332758 24.00000000
0.02879253 0.15195360 24.00000000
0.02872501 0.15061560 24.00000000
0.02865860 0.14931243 25.00000000
0.02859327 0.14804296 25.00000000
0.02852900 0.14680610 25.00000000
0.02846576 0.14560079 25.00000000
0.02840351 0.14442599 25.00000000
0.02834224 0.14328071 25.00000000
0.02828191 0.14216397 25.00000000
0.02822250 0.14107482 25.00000000
0.02816399 0.14001236 25.00000000
0.02810636 0.13897569 26.00000000
0.02804957 0.13796395 26.00000000
0.02799363 0.13697631 26.00000000
0.02793849 0.13601195 26.00000000
0.02788415 0.13507009 26.00000000
0.02783057 0.13414998 26.00000000
0.02777776 0.13325088 26.00000000
0.02772568 0.13237207 26.00000000
0.02767432 0.13151286 26.00000000
0.02762366 0.13067260 26.00000000
0.02757369 0.12985062 27.00000000
0.02752440 0.12904632 27.00000000
0.02747576 0.12825908 27.00000000
0.02742776 0.12748833 27.00000000
0.02738038 0.12673349 27.00000000
0.02733362 0.12599403 27.00000000
0.02728746 0.12526941 27.00000000
0.02724189 0.12455913 27.00000000
0.02719689 0.12386270 27.00000000
0.02715246 0.12317963 28.00000000
0.02710857 0.12250948 29.00000000
0.02706522 0.12185180 29.00000000
0.02702240 0.12120616 29.00000000
0.02698009 0.12057214 29.00000000
0.02693829 0.11994936 29.00000000
0.02689698 0.11933743 29.00000000
0.02685615 0.11873598 29.00000000
0.02681580 0.11814464 29.00000000
0.02677592 0.11756308 29.00000000
0.02673649 0.11699097 29.00000000
0.02669750 0.11642797 30.00000000
0.02665895 0.11587380 30.00000000
0.02662084 0.11532814 30.00000000
0.02658314 0.11479072 30.00000000
0.02654585 0.11426125 30.00000000
0.02650897 0.11373947 30.00000000
0.02647248 0.11322513 30.00000000
0.02643638 0.11271799 30.00000000
0.02640066 0.11221779 31.00000000
0.02636531 0.11172433 31.00000000
0.02633033 0.11123738 31.00000000
0.02629571 0.11075672 31.00000000
0.02626145 0.11028217 31.00000000
0.02622752 0.10981351 31.00000000
0.02619394 0.10935058 31.00000000
0.02616070 0.10889319 31.00000000
0.02612778 0.10844116 31.00000000
0.02609518 0.10799433 32.00000000
0.02606289 0.10755255 32.00000000
0.02603092 0.10711566 32.00000000
0.02599925 0.10668352 32.00000000
0.02596788 0.10625598 32.00000000
0.02593681 0.10583292 32.00000000
0.02590602 0.10541421 32.00000000
0.02587551 0.10499971 32.00000000
0.02584529 0.10458932 32.00000000
0.02581534 0.10418292 33.00000000
0.02578566 0.10378040 33.00000000
0.02575624 0.10338167 33.00000000
0.02572708 0.10298661 33.00000000
0.02569818 0.10259514 33.00000000
0.02566953 0.10220716 33.00000000
0.02564112 0.10182259 33.00000000
0.02561296 0.10144134 33.00000000
0.02558504 0.10106334 33.00000000
0.02555736 0.10068851 33.00000000
0.02552990 0.10031677 34.00000000
0.02550268 0.09994805 34.00000000
0.02547568 0.09958230 34.00000000
0.02544889 0.09921944 34.00000000
0.02542233 0.09885941 34.00000000
0.02539598 0.09850216 34.00000000
0.02536984 0.09814762 34.00000000
0.02534390 0.09779576 34.00000000
0.02531817 0.09744650 34.00000000
0.02529264 0.09709982 35.00000000
0.02526731 0.09675565 35.00000000
0.02524218 0.09641396 35.00000000
0.02521723 0.09607469 35.00000000
0.02519247 0.09573782 35.00000000
0.02516790 0.09540330 35.00000000
0.02514352 0.09507109 35.00000000
0.02511931 0.09474116 35.00000000
0.02509528 0.09441348 35.00000000
0.02507143 0.09408800 35.00000000
0.02504774 0.09376470 36.00000000
0.02502423 0.09344355 36.00000000
0.02500089 0.09312452 36.00000000
0.02497771 0.09280758 36.00000000
0.02495470 0.09249270 36.00000000
0.02493185 0.09217986 36.00000000
0.02490915 0.09186904 36.00000000
0.02488661 0.09156020 36.00000000
0.02486423 0.09125333 37.00000000
0.02484200 0.09094841 37.00000000
0.02481991 0.09064541 37.00000000
0.02479798 0.09034431 37.00000000
0.02477619 0.09004510 37.00000000
0.02475455 0.08974775 37.00000000
0.02473305 0.08945225 37.00000000
0.02471169 0.08915858 37.00000000
0.02469046 0.08886671 37.00000000
0.02466938 0.08857665 38.00000000
0.02464843 0.08828836 38.00000000
0.02462761 0.08800183 38.00000000
0.02460692 0.08771705 38.00000000
0.02458636 0.08743401 38.00000000
0.02456594 0.08715269 38.00000000
0.02454563 0.08687307 38.00000000
0.02452546 0.08659514 38.00000000
0.02450540 0.08631889 38.00000000
0.02448547 0.08604430 38.00000000
0.02446566 0.08577137 39.00000000
0.02444597 0.08550008 39.00000000
0.02442639 0.08523042 39.00000000
0.02440693 0.08496238 39.00000000
0.02438759 0.08469594 39.00000000
0.02436836 0.08443109 39.00000000
0.02434924 0.08416783 39.00000000
0.02433023 0.08390614 39.00000000
0.02431133 0.08364601 39.00000000
0.02429254 0.08338744 39.00000000
0.02427385 0.08313040 40.00000000
0.02425528 0.08287490 40.00000000
0.02423680 0.08262091 40.00000000
0.02421843 0.08236844 40.00000000
0.02420016 0.08211747 40.00000000
0.02418199 0.08186799 40.00000000
0.02416392 0.08161998 40.00000000
0.02414595 0.08137346 40.00000000
0.02412808 0.08112839 40.00000000
0.02411031 0.08088478 41.00000000
0.02409263 0.08064261 41.00000000
0.02407504 0.08040188 41.00000000
0.02405755 0.08016257 41.00000000
0.02404015 0.07992468 41.00000000
0.02402284 0.07968819 41.00000000
0.02400562 0.07945311 41.00000000
0.02398849 0.07921941 41.00000000
0.02397145 0.07898710 41.00000000
0.02395450 0.07875616 42.00000000
0.02393763 0.07852658 42.00000000
0.02392085 0.07829836 42.00000000
0.02390416 0.07807149 42.00000000
0.02388755 0.07784595 42.00000000
0.02387102 0.07762175 42.00000000
0.02385458 0.07739886 42.00000000
0.02383821 0.07717729 42.00000000
0.02382193 0.07695702 42.00000000
0.02380573 0.07673805 42.00000000
0.02378960 0.07652036 43.00000000
0.02377356 0.07630395 43.00000000
0.02375759 0.07608882 43.00000000
0.02374170 0.07587495 43.00000000
0.02372588 0.07566233 43.00000000
0.02371015 0.07545096 43.00000000
0.02369448 0.07524083 43.00000000
0.02367889 0.07503192 43.00000000
0.02366337 0.07482424 43.00000000
0.02364793 0.07461778 43.00000000
0.02363256 0.07441251 44.00000000
0.02361726 0.07420845 44.00000000
0.02360202 0.07400558 44.00000000
0.02358686 0.07380388 44.00000000
0.02357177 0.07360337 44.00000000
0.02355675 0.07340401 44.00000000
0.02354180 0.07320582 44.00000000
0.02352691 0.07300877 44.00000000
0.02351209 0.07281287 44.00000000
0.02349733 0.07261810 45.00000000
0.02348265 0.07242446 45.00000000
0.02346802 0.07223194 45.00000000
0.02345347 0.07204053 46.00000000
0.02343897 0.07185022 46.00000000
0.02342454 0.07166101 46.00000000
0.02341017 0.07147289 46.00000000
0.02339587 0.07128585 46.00000000
0.02338162 0.07109988 46.00000000
0.02336744 0.07091497 46.00000000
0.02335332 0.07073112 46.00000000
0.02333926 0.07054833 46.00000000
0.02332526 0.07036658 46.00000000
0.02331131 0.07018586 47.00000000
0.02329743 0.07000617 47.00000000
0.02328360 0.06982750 47.00000000
0.02326984 0.06964985 47.00000000
0.02325613 0.06947320 47.00000000
0.02324247 0.06929755 47.00000000
0.02322888 0.06912289 47.00000000
0.02321534 0.06894922 47.00000000
0.02320185 0.06877652 47.00000000
0.02318842 0.06860480 48.00000000
0.02317505 0.06843404 48.00000000
0.02316173 0.06826423 48.00000000
0.02314846 0.06809538 48.00000000
0.02313525 0.06792746 48.00000000
0.02312209 0.06776049 48.00000000
0.02310898 0.06759444 49.00000000
0.02309592 0.06742931 49.00000000
0.02308292 0.06726510 49.00000000
0.02306996 0.06710180 49.00000000
0.02305706 0.06693940 49.00000000
0.02304421 0.06677789 49.00000000
0.02303141 0.06661727 49.00000000
0.02301866 0.06645753 49.00000000
0.02300596 0.06629867 49.00000000
0.02299331 0.06614068 49.00000000
0.02298070 0.06598355 50.00000000
0.02296815 0.06582728 50.00000000
0.02295564 0.06567185 50.00000000
0.02294318 0.06551727 50.00000000
0.02293077 0.06536352 50.00000000
0.02291841 0.06521061 50.00000000
0.02290609 0.06505852 51.00000000
0.02289382 0.06490725 52.00000000
0.02288159 0.06475679 52.00000000
0.02286941 0.06460713 52.00000000
0.02285728 0.06445828 52.00000000
0.02284519 0.06431022 52.00000000
0.02283314 0.06416294 52.00000000
0.02282114 0.06401645 52.00000000
0.02280919 0.06387074 52.00000000
0.02279728 0.06372579 52.00000000
0.02278541 0.06358161 53.00000000
0.02277358 0.06343819 53.00000000
0.02276180 0.06329553 53.00000000
0.02275006 0.06315360 53.00000000
0.02273837 0.06301243 53.00000000
0.02272671 0.06287198 53.00000000
0.02271510 0.06273227 53.00000000
0.02270353 0.06259328 53.00000000
0.02269200 0.06245502 53.00000000
0.02268051 0.06231746 53.00000000
0.02266906 0.06218062 54.00000000
0.02265765 0.06204448 54.00000000
0.02264628 0.06190903 54.00000000
0.02263495 0.06177428 54.00000000
0.02262367 0.06164022 54.00000000
0.02261242 0.06150684 54.00000000
0.02260121 0.06137414 54.00000000
0.02259004 0.06124211 54.00000000
0.02257891 0.06111075 54.00000000
0.02256781 0.06098005 55.00000000
0.02255676 0.06085000 55.00000000
0.02254574 0.06072061 55.00000000
0.02253476 0.06059187 55.00000000
0.02252382 0.06046377 55.00000000
0.02251292 0.06033630 55.00000000
0.02250205 0.06020947 55.00000000
0.02249122 0.06008327 55.00000000
0.02248042 0.05995769 55.00000000
0.02246967 0.05983273 55.00000000
0.02245894 0.05970839 56.00000000
0.02244826 0.05958465 56.00000000
0.02243761 0.05946152 56.00000000
0.02242699 0.05933899 56.00000000
0.02241641 0.05921705 56.00000000
0.02240587 0.05909571 56.00000000
0.02239536 0.05897496 56.00000000
0.02238489 0.05885478 56.00000000
0.02237445 0.05873519 56.00000000
0.02236404 0.05861617 56.00000000
0.02235367 0.05849772 57.00000000
0.02234333 0.05837984 57.00000000
0.02233303 0.05826251 57.00000000
0.02232276 0.05814575 57.00000000
0.02231252 0.05802954 57.00000000
0.02230231 0.05791388 57.00000000
0.02229214 0.05779876 57.00000000
0.02228200 0.05768418 57.00000000
0.02227190 0.05757014 57.00000000
0.02226182 0.05745664 58.00000000
0.02225178 0.05734366 58.00000000
0.02224177 0.05723121 58.00000000
0.02223179 0.05711928 58.00000000
0.02222185 0.05700787 58.00000000
0.02221193 0.05689697 58.00000000
0.02220205 0.05678659 58.00000000
0.02219220 0.05667670 58.00000000
0.02218238 0.05656733 58.00000000
0.02217258 0.05645845 58.00000000
0.02216282 0.05635006 59.00000000
0.02215309 0.05624217 59.00000000
0.02214340 0.05613477 59.00000000
0.02213373 0.05602785 59.00000000
0.02212409 0.05592142 59.00000000
0.02211448 0.05581546 59.00000000
0.02210490 0.05570997 59.00000000
0.02209535 0.05560496 59.00000000
0.02208583 0.05550041 59.00000000
0.02207633 0.05539633 60.00000000
0.02206687 0.05529271 60.00000000
0.02205744 0.05518955 60.00000000
0.02204803 0.05508684 60.00000000
0.02203865 0.05498459 60.00000000
0.02202930 0.05488278 60.00000000
0.02201998 0.05478141 60.00000000
0.02201069 0.05468049 60.00000000
0.02200143 0.05458000 60.00000000
0.02199219 0.05447996 60.00000000
0.02198298 0.05438034 61.00000000
0.02197380 0.05428115 61.00000000
0.02196465 0.05418239 61.00000000
0.02195552 0.05408405 61.00000000
0.02194642 0.05398613 61.00000000
0.02193735 0.05388863 61.00000000
0.02192830 0.05379155 61.00000000
0.02191928 0.05369487 61.00000000
0.02191029 0.05359861 61.00000000
0.02190132 0.05350274 61.00000000
0.02189238 0.05340729 62.00000000
0.02188347 0.05331223 63.00000000
0.02187458 0.05321757 63.00000000
0.02186572 0.05312330 63.00000000
0.02185689 0.05302943 63.00000000
0.02184808 0.05293594 63.00000000
0.02183929 0.05284285 63.00000000
0.02183053 0.05275013 63.00000000
0.02182180 0.05265780 63.00000000
0.02181309 0.05256584 64.00000000
0.02180441 0.05247426 64.00000000
0.02179575 0.05238306 64.00000000
0.02178711 0.05229222 64.00000000
0.02177850 0.05220176 64.00000000
0.02176992 0.05211165 64.00000000
0.02176136 0.05202192 64.00000000
0.02175282 0.05193254 65.00000000
0.02174431 0.05184352 65.00000000
0.02173582 0.05175486 65.00000000
0.02172736 0.05166655 65.00000000
0.02171892 0.05157859 65.00000000
0.02171050 0.05149098 65.00000000
0.02170211 0.05140372 65.00000000
0.02169374 0.05131680 65.00000000
0.02168540 0.05123023 65.00000000
0.02167708 0.05114399 66.00000000
0.02166878 0.05105809 66.00000000
0.02166050 0.05097253 66.00000000
0.02165225 0.05088729 66.00000000
0.02164402 0.05080239 66.00000000
0.02163581 0.05071782 66.00000000
0.02162763 0.05063357 66.00000000
0.02161947 0.05054965 66.00000000
0.02161133 0.05046605 66.00000000
0.02160321 0.05038277 67.00000000
0.02159512 0.05029981 67.00000000
0.02158704 0.05021716 67.00000000
0.02157899 0.05013483 67.00000000
0.02157097 0.05005281 68.00000000
0.02156296 0.04997110 68.00000000
0.02155498 0.04988969 68.00000000
0.02154701 0.04980859 68.00000000
0.02153907 0.04972780 68.00000000
0.02153115 0.04964731 68.00000000
0.02152325 0.04956711 68.00000000
0.02151538 0.04948722 68.00000000
0.02150752 0.04940762 68.00000000
0.02149969 0.04932831 69.00000000
0.02149187 0.04924930 69.00000000
0.02148408 0.04917057 69.00000000
0.02147631 0.04909214 69.00000000
0.02146856 0.04901399 69.00000000
0.02146083 0.04893612 69.00000000
0.02145312 0.04885854 69.00000000
0.02144543 0.04878124 69.00000000
0.02143776 0.04870422 69.00000000
0.02143011 0.04862748 70.00000000
0.02142249 0.04855101 70.00000000
0.02141488 0.04847482 70.00000000
0.02140729 0.04839890 70.00000000
0.02139972 0.04832325 70.00000000
0.02139217 0.04824787 70.00000000
0.02138465 0.04817275 70.00000000
0.02137714 0.04809791 70.00000000
0.02136965 0.04802332 70.00000000
0.02136218 0.04794900 70.00000000
0.02135473 0.04787494 71.00000000
0.02134730 0.04780114 71.00000000
0.02133989 0.04772759 71.00000000
0.02133250 0.04765431 71.00000000
0.02132513 0.04758127 71.00000000
0.02131777 0.04750849 71.00000000
0.02131044 0.04743596 71.00000000
0.02130312 0.04736369 71.00000000
0.02129583 0.04729166 71.00000000
0.02128855 0.04721987 72.00000000
0.02128129 0.04714833 72.00000000
0.02127405 0.04707704 72.00000000
0.02126683 0.04700599 72.00000000
0.02125962 0.04693517 72.00000000
0.02125244 0.04686460 72.00000000
0.02124527 0.04679427 72.00000000
0.02123812 0.04672417 72.00000000
0.02123099 0.04665431 72.00000000
0.02122388 0.04658468 72.00000000
0.02121679 0.04651529 73.00000000
0.02120971 0.04644612 73.00000000
0.02120265 0.04637719 73.00000000
0.02119561 0.04630848 73.00000000
0.02118859 0.04624000 73.00000000
0.02118159 0.04617175 73.00000000
0.02117460 0.04610372 73.00000000
0.02116763 0.04603591 73.00000000
0.02116068 0.04596832 73.00000000
0.02115374 0.04590096 74.00000000
0.02114683 0.04583381 74.00000000
0.02113993 0.04576689 74.00000000
0.02113304 0.04570018 74.00000000
0.02112618 0.04563368 74.00000000
0.02111933 0.04556740 74.00000000
0.02111250 0.04550133 74.00000000
0.02110568 0.04543548 74.00000000
0.02109888 0.04536983 74.00000000
0.02109210 0.04530439 74.00000000
0.02108534 0.04523916 75.00000000
0.02107859 0.04517414 75.00000000
0.02107186 0.04510933 75.00000000
0.02106515 0.04504472 75.00000000
0.02105845 0.04498031 75.00000000
0.02105177 0.04491610 75.00000000
0.02104510 0.04485210 75.00000000
0.02103845 0.04478829 75.00000000
0.02103182 0.04472469 75.00000000
0.02102520 0.04466128 76.00000000
0.02101860 0.04459807 76.00000000
0.02101202 0.04453505 76.00000000
0.02100545 0.04447223 76.00000000
0.02099890 0.04440960 76.00000000
0.02099236 0.04434717 76.00000000
0.02098584 0.04428492 76.00000000
0.02097934 0.04422287 76.00000000
0.02097285 0.04416101 76.00000000
0.02096638 0.04409933 76.00000000
0.02095992 0.04403784 77.00000000
0.02095348 0.04397654 77.00000000
0.02094705 0.04391542 77.00000000
0.02094064 0.04385449 77.00000000
0.02093424 0.04379374 77.00000000
0.02092786 0.04373317 77.00000000
0.02092150 0.04367278 77.00000000
0.02091515 0.04361257 77.00000000
0.02090881 0.04355254 77.00000000
0.02090249 0.04349269 77.00000000
0.02089619 0.04343302 78.00000000
0.02088990 0.04337353 79.00000000
0.02088362 0.04331420 79.00000000
0.02087736 0.04325506 79.00000000
0.02087112 0.04319609 79.00000000
0.02086489 0.04313729 79.00000000
0.02085867 0.04307866 79.00000000
0.02085247 0.04302020 79.00000000
0.02084628 0.04296191 79.00000000
0.02084011 0.04290379 79.00000000
0.02083395 0.04284584 80.00000000
0.02082781 0.04278806 80.00000000
0.02082168 0.04273044 80.00000000
0.02081557 0.04267299 80.00000000
0.02080947 0.04261571 80.00000000
0.02080338 0.04255858 80.00000000
0.02079731 0.04250162 80.00000000
0.02079126 0.04244483 80.00000000
0.02078521 0.04238819 81.00000000
0.02077918 0.04233172 81.00000000
0.02077317 0.04227540 81.00000000
0.02076717 0.04221924 81.00000000
0.02076118 0.04216324 81.00000000
0.02075521 0.04210740 81.00000000
0.02074925 0.04205172 81.00000000
0.02074330 0.04199619 81.00000000
0.02073737 0.04194081 81.00000000
0.02073145 0.04188559 81.00000000
0.02072555 0.04183053 82.00000000
0.02071966 0.04177561 82.00000000
0.02071378 0.04172085 82.00000000
0.02070792 0.04166624 82.00000000
0.02070207 0.04161178 82.00000000
0.02069623 0.04155747 82.00000000
0.02069040 0.04150330 82.00000000
0.02068459 0.04144929 82.00000000
0.02067880 0.04139542 82.00000000
0.02067301 0.04134170 83.00000000
0.02066724 0.04128813 83.00000000
0.02066148 0.04123470 83.00000000
0.02065574 0.04118141 83.00000000
0.02065001 0.04112827 83.00000000
0.02064429 0.04107527 83.00000000
0.02063858 0.04102242 83.00000000
0.02063289 0.04096970 83.00000000
0.02062721 0.04091713 83.00000000
0.02062154 0.04086470 83.00000000
0.02061589 0.04081241 84.00000000
0.02061025 0.04076025 84.00000000
0.02060462 0.04070824 84.00000000
0.02059900 0.04065636 84.00000000
0.02059340 0.04060462 84.00000000
0.02058781 0.04055302 84.00000000
0.02058223 0.04050155 84.00000000
0.02057667 0.04045022 84.00000000
0.02057111 0.04039902 84.00000000
0.02056557 0.04034795 85.00000000
0.02056004 0.04029702 85.00000000
0.02055453 0.04024622 85.00000000
0.02054902 0.04019556 85.00000000
0.02054353 0.04014502 85.00000000
0.02053805 0.04009462 85.00000000
0.02053258 0.04004434 85.00000000
0.02052713 0.03999420 85.00000000
0.02052168 0.03994418 85.00000000
0.02051625 0.03989429 85.00000000
0.02051083 0.03984453 86.00000000
0.02050543 0.03979490 86.00000000
0.02050003 0.03974539 86.00000000
0.02049465 0.03969601 86.00000000
0.02048928 0.03964676 86.00000000
0.02048392 0.03959763 86.00000000
0.02047857 0.03954863 86.00000000
0.02047323 0.03949974 86.00000000
0.02046791 0.03945099 86.00000000
0.02046260 0.03940235 87.00000000
0.02045730 0.03935384 87.00000000
0.02045201 0.03930545 87.00000000
0.02044673 0.03925717 87.00000000
0.02044146 0.03920902 87.00000000
0.02043621 0.03916099 87.00000000
0.02043096 0.03911308 87.00000000
0.02042573 0.03906529 87.00000000
0.02042051 0.03901762 87.00000000
0.02041530 0.03897006 87.00000000
0.02041010 0.03892262 88.00000000
0.02040491 0.03887530 88.00000000
0.02039974 0.03882810 88.00000000
0.02039457 0.03878101 88.00000000
0.02038942 0.03873403 88.00000000
0.02038428 0.03868717 88.00000000
0.02037915 0.03864043 88.00000000
0.02037403 0.03859380 88.00000000
0.02036892 0.03854728 88.00000000
0.02036382 0.03850088 88.00000000
0.02035873 0.03845458 89.00000000
0.02035366 0.03840840 89.00000000
0.02034859 0.03836233 89.00000000
0.02034354 0.03831637 89.00000000
0.02033850 0.03827053 89.00000000
0.02033346 0.03822479 89.00000000
0.02032844 0.03817916 89.00000000
0.02032343 0.03813364 89.00000000
0.02031843 0.03808823 89.00000000
0.02031344 0.03804293 90.00000000
0.02030846 0.03799773 90.00000000
0.02030349 0.03795264 90.00000000
0.02029853 0.03790766 90.00000000
0.02029358 0.03786279 90.00000000
0.02028865 0.03781802 90.00000000
0.02028372 0.03777336 90.00000000
0.02027880 0.03772880 90.00000000
0.02027390 0.03768434 90.00000000
0.02026900 0.03764000 90.00000000
0.02026412 0.03759575 91.00000000
0.02025924 0.03755161 91.00000000
0.02025438 0.03750757 91.00000000
0.02024952 0.03746363 91.00000000
0.02024468 0.03741980 91.00000000
0.02023985 0.03737606 91.00000000
0.02023502 0.03733243 91.00000000
0.02023021 0.03728890 91.00000000
0.02022541 0.03724547 91.00000000
0.02022061 0.03720214 91.00000000
0.02021583 0.03715891 92.00000000
0.02021106 0.03711577 92.00000000
0.02020629 0.03707274 92.00000000
0.02020154 0.03702981 92.00000000
0.02019679 0.03698697 92.00000000
0.02019206 0.03694423 92.00000000
0.02018734 0.03690159 92.00000000
0.02018262 0.03685904 92.00000000
0.02017792 0.03681659 92.00000000
0.02017322 0.03677424 93.00000000
0.02016854 0.03673198 93.00000000
0.02016386 0.03668982 93.00000000
0.02015920 0.03664776 93.00000000
0.02015454 0.03660578 93.00000000
0.02014990 0.03656391 93.00000000
0.02014526 0.03652212 93.00000000
0.02014063 0.03648043 93.00000000
0.02013602 0.03643884 93.00000000
0.02013141 0.03639733 93.00000000
0.02012681 0.03635592 94.00000000
0.02012222 0.03631460 94.00000000
0.02011764 0.03627337 94.00000000
0.02011307 0.03623224 94.00000000
0.02010851 0.03619119 94.00000000
0.02010396 0.03615024 94.00000000
0.02009942 0.03610937 94.00000000
0.02009488 0.03606860 94.00000000
0.02009036 0.03602791 94.00000000
0.02008585 0.03598732 94.00000000
0.02008134 0.03594681 95.00000000
0.02007685 0.03590639 95.00000000
0.02007236 0.03586606 96.00000000
0.02006788 0.03582582 96.00000000
0.02006341 0.03578567 96.00000000
0.02005895 0.03574560 96.00000000
0.02005450 0.03570562 96.00000000
0.02005006 0.03566573 100.00000000
0.02004563 0.03562592 100.00000000
0.02004121 0.03558620 100.00000000
0.02003679 0.03554657 100.00000000
0.02003239 0.03550702 100.00000000
0.02002799 0.03546755 100.00000000
0.02002360 0.03542817 101.00000000
0.02001922 0.03538888 101.00000000
0.02001485 0.03534967 101.00000000
0.02001049 0.03531054 101.00000000
0.02000614 0.03527150 101.00000000
0.02000180 0.03523254 101.00000000
0.01999746 0.03519366 101.00000000
0.01999313 0.03515487 101.00000000
0.01998882 0.03511615 101.00000000
0.01998451 0.03507752 101.00000000
0.01998021 0.03503898 101.00000000
0.01997592 0.03500051 102.00000000
0.01997163 0.03496212 102.00000000
0.01996736 0.03492382 102.00000000
0.01996309 0.03488559 102.00000000
0.01995883 0.03484745 102.00000000
0.01995459 0.03480939 102.00000000
0.01995035 0.03477140 102.00000000
0.01994611 0.03473350 102.00000000
0.01994189 0.03469567 102.00000000
0.01993767 0.03465793 102.00000000
0.01993347 0.03462026 102.00000000
0.01992927 0.03458267 102.00000000
0.01992508 0.03454516 102.00000000
0.01992090 0.03450773 102.00000000
0.01991672 0.03447037 102.00000000
0.01991256 0.03443309 103.00000000
0.01990840 0.03439589 103.00000000
0.01990425 0.03435877 103.00000000
0.01990011 0.03432172 103.00000000
0.01989598 0.03428475 103.00000000
0.01989185 0.03424785 103.00000000
0.01988774 0.03421103 103.00000000
0.01988363 0.03417429 103.00000000
0.01987953 0.03413762 103.00000000
0.01987543 0.03410102 103.00000000
0.01987135 0.03406450 103.00000000
0.01986727 0.03402806 103.00000000
0.01986321 0.03399169 103.00000000
0.01985915 0.03395539 103.00000000
0.01985509 0.03391916 103.00000000
0.01985105 0.03388301 103.00000000
0.01984701 0.03384694 104.00000000
0.01984298 0.03381093 104.00000000
0.01983896 0.03377500 104.00000000
0.01983495 0.03373914 104.00000000
0.01983094 0.03370336 104.00000000
0.01982695 0.03366764 104.00000000
0.01982296 0.03363200 104.00000000
0.01981898 0.03359643 104.00000000
0.01981500 0.03356093 104.00000000
0.01981104 0.03352550 104.00000000
0.01980708 0.03349014 104.00000000
0.01980313 0.03345485 104.00000000
0.01979918 0.03341964 104.00000000
0.01979525 0.03338449 104.00000000
0.01979132 0.03334941 104.00000000
0.01978740 0.03331440 105.00000000
0.01978348 0.03327947 105.00000000
0.01977958 0.03324460 105.00000000
0.01977568 0.03320980 105.00000000
0.01977179 0.03317507 105.00000000
0.01976791 0.03314040 105.00000000
0.01976403 0.03310581 105.00000000
0.01976016 0.03307128 105.00000000
0.01975630 0.03303682 105.00000000
0.01975245 0.03300243 105.00000000
0.01974860 0.03296811 105.00000000
0.01974476 0.03293385 105.00000000
0.01974093 0.03289966 105.00000000
0.01973711 0.03286554 105.00000000
0.01973329 0.03283149 105.00000000
0.01972948 0.03279750 106.00000000
0.01972568 0.03276357 106.00000000
0.01972189 0.03272972 106.00000000
0.01971810 0.03269593 106.00000000
0.01971432 0.03266220 106.00000000
0.01971055 0.03262854 106.00000000
0.01970678 0.03259495 106.00000000
0.01970302 0.03256141 106.00000000
0.01969927 0.03252795 106.00000000
0.01969552 0.03249455 106.00000000
0.01969179 0.03246121 106.00000000
0.01968806 0.03242794 106.00000000
0.01968433 0.03239473 106.00000000
0.01968062 0.03236159 106.00000000
