Residual Convergence speed Computational time
0.12499903 0.01356877 1.00000000
0.12499780 0.01213536 1.00000000
0.12499573 0.01020451 1.00000000
0.12499299 0.00882144 3.00000000
0.12498960 0.00902548 3.00000000
0.12498550 0.01102977 3.00000000
0.12498052 0.01420598 3.00000000
0.12497447 0.01801434 3.00000000
0.12496707 0.02220585 3.00000000
0.12495798 0.02669421 4.00000000
0.12494679 0.03146966 4.00000000
0.12493296 0.03656026 4.00000000
0.12491586 0.04201470 4.00000000
0.12489468 0.04789435 4.00000000
0.12486844 0.05426953 4.00000000
0.12483593 0.06121786 4.00000000
0.12479563 0.06882361 4.00000000
0.12474569 0.07717783 4.00000000
0.12468379 0.08637857 4.00000000
0.12460709 0.09653142 5.00000000
0.12451207 0.10774995 5.00000000
0.12439440 0.12015612 5.00000000
0.12424876 0.13388042 5.00000000
0.12406860 0.14906168 5.00000000
0.12384591 0.16584629 5.00000000
0.12357093 0.18438660 5.00000000
0.12323178 0.20483809 5.00000000
0.12281412 0.22735484 5.00000000
0.12230076 0.25208254 6.00000000
0.12167122 0.27914813 6.00000000
0.12090143 0.30864472 6.00000000
0.11996348 0.34061028 6.00000000
0.11882563 0.37499793 6.00000000
0.11745262 0.41163604 6.00000000
0.11580666 0.45017638 6.00000000
0.11384906 0.49003080 7.00000000
0.11154299 0.53030132 7.00000000
0.10885732 0.56971702 7.00000000
0.10577157 0.60660553 7.00000000
0.10228164 0.63894421 8.00000000
0.09840536 0.66454912 8.00000000
0.09418650 0.68144748 8.00000000
0.08969556 0.68841350 8.00000000
0.08502602 0.68551513 8.00000000
0.08028569 0.67437045 8.00000000
0.07558482 0.65779379 8.00000000
0.07102395 0.63879368 9.00000000
0.06668490 0.61940713 9.00000000
0.06262665 0.60014350 9.00000000
0.05888578 0.58039191 9.00000000
0.05547959 0.55934796 9.00000000
0.05241002 0.53671499 9.00000000
0.04966744 0.51283533 9.00000000
0.04723399 0.48841606 9.00000000
0.04508655 0.46417870 9.00000000
0.04319906 0.44064063 9.00000000
0.04154447 0.41806460 9.00000000
0.04009600 0.39651922 9.00000000
0.03882815 0.37597637 9.00000000
0.03771725 0.35639295 9.00000000
0.03674184 0.33775393 10.00000000
0.03588283 0.32007889 10.00000000
0.03512349 0.30340686 10.00000000
0.03444929 0.28777557 10.00000000
0.03384777 0.27320545 10.00000000
0.03330829 0.25969223 10.00000000
0.03282183 0.24720711 10.00000000
0.03238075 0.23570181 10.00000000
0.03197862 0.22511537 10.00000000
0.03161003 0.21538077 10.00000000
0.03127042 0.20643029 11.00000000
0.03095597 0.19819905 11.00000000
0.03066347 0.19062705 11.00000000
0.03039023 0.18365994 12.00000000
0.03013398 0.17724894 12.00000000
0.02989282 0.17135022 12.00000000
0.02966513 0.16592407 12.00000000
0.02944955 0.16093409 12.00000000
0.02924492 0.15634644 12.00000000
0.02905026 0.15212929 12.00000000
0.02886471 0.14825247 13.00000000
0.02868753 0.14468727 13.00000000
0.02851808 0.14140639 13.00000000
0.02835578 0.13838396 13.00000000
0.02820013 0.13559559 13.00000000
0.02805067 0.13301845 13.00000000
0.02790700 0.13063131 13.00000000
0.02776875 0.12841453 13.00000000
0.02763557 0.12635009 13.00000000
0.02750715 0.12442154 13.00000000
0.02738322 0.12261395 14.00000000
0.02726351 0.12091381 14.00000000
0.02714777 0.11930902 14.00000000
0.02703579 0.11778875 14.00000000
0.02692735 0.11634338 14.00000000
0.02682226 0.11496441 14.00000000
0.02672033 0.11364431 14.00000000
0.02662141 0.11237650 14.00000000
0.02652534 0.11115521 14.00000000
0.02643196 0.10997539 14.00000000
0.02634115 0.10883263 14.00000000
0.02625278 0.10772310 15.00000000
0.02616672 0.10664346 15.00000000
0.02608287 0.10559084 15.00000000
0.02600113 0.10456273 15.00000000
0.02592139 0.10355697 16.00000000
0.02584356 0.10257172 16.00000000
0.02576756 0.10160539 16.00000000
0.02569331 0.10065663 16.00000000
0.02562073 0.09972429 16.00000000
0.02554974 0.09880740 16.00000000
0.02548029 0.09790515 16.00000000
0.02541231 0.09701684 16.00000000
0.02534573 0.09614190 16.00000000
0.02528051 0.09527985 16.00000000
0.02521658 0.09443030 17.00000000
0.02515390 0.09359290 17.00000000
0.02509242 0.09276738 17.00000000
0.02503210 0.09195351 17.00000000
0.02497288 0.09115108 17.00000000
0.02491474 0.09035995 17.00000000
0.02485763 0.08957995 17.00000000
0.02480152 0.08881098 17.00000000
0.02474636 0.08805292 18.00000000
0.02469214 0.08730567 18.00000000
0.02463881 0.08656913 18.00000000
0.02458635 0.08584324 18.00000000
0.02453473 0.08512788 18.00000000
0.02448392 0.08442299 19.00000000
0.02443390 0.08372847 19.00000000
0.02438463 0.08304423 19.00000000
0.02433611 0.08237019 19.00000000
0.02428830 0.08170624 22.00000000
0.02424119 0.08105229 23.00000000
0.02419475 0.08040824 23.00000000
0.02414897 0.07977398 23.00000000
0.02410382 0.07914939 23.00000000
0.02405929 0.07853437 23.00000000
0.02401536 0.07792879 24.00000000
0.02397202 0.07733252 24.00000000
0.02392924 0.07674545 24.00000000
0.02388702 0.07616745 24.00000000
0.02384534 0.07559838 24.00000000
0.02380419 0.07503810 25.00000000
0.02376355 0.07448649 26.00000000
0.02372341 0.07394341 26.00000000
0.02368375 0.07340871 26.00000000
0.02364458 0.07288226 27.00000000
0.02360586 0.07236392 27.00000000
0.02356760 0.07185354 27.00000000
0.02352979 0.07135099 27.00000000
0.02349240 0.07085612 27.00000000
0.02345544 0.07036880 27.00000000
0.02341890 0.06988889 27.00000000
0.02338276 0.06941625 28.00000000
0.02334701 0.06895073 28.00000000
0.02331165 0.06849222 28.00000000
0.02327667 0.06804056 28.00000000
0.02324207 0.06759563 28.00000000
0.02320782 0.06715730 28.00000000
0.02317394 0.06672543 28.00000000
0.02314040 0.06629991 28.00000000
0.02310720 0.06588059 28.00000000
0.02307434 0.06546737 28.00000000
0.02304181 0.06506012 29.00000000
0.02300960 0.06465871 29.00000000
0.02297771 0.06426304 29.00000000
0.02294613 0.06387298 29.00000000
0.02291486 0.06348843 29.00000000
0.02288388 0.06310926 29.00000000
0.02285320 0.06273539 29.00000000
0.02282281 0.06236669 29.00000000
0.02279270 0.06200306 29.00000000
0.02276287 0.06164441 30.00000000
0.02273331 0.06129063 30.00000000
0.02270403 0.06094162 30.00000000
0.02267500 0.06059729 30.00000000
0.02264624 0.06025754 30.00000000
0.02261774 0.05992229 30.00000000
0.02258949 0.05959144 30.00000000
0.02256148 0.05926491 30.00000000
0.02253372 0.05894260 30.00000000
0.02250620 0.05862445 30.00000000
0.02247892 0.05831036 31.00000000
0.02245187 0.05800026 31.00000000
0.02242505 0.05769406 31.00000000
0.02239845 0.05739169 31.00000000
0.02237208 0.05709309 31.00000000
0.02234592 0.05679816 31.00000000
0.02231998 0.05650685 31.00000000
0.02229426 0.05621908 31.00000000
0.02226874 0.05593479 31.00000000
0.02224343 0.05565391 31.00000000
0.02221832 0.05537637 32.00000000
0.02219342 0.05510211 32.00000000
0.02216871 0.05483107 32.00000000
0.02214419 0.05456319 32.00000000
0.02211987 0.05429840 32.00000000
0.02209574 0.05403666 32.00000000
0.02207180 0.05377791 32.00000000
0.02204804 0.05352208 32.00000000
0.02202447 0.05326913 32.00000000
0.02200107 0.05301900 33.00000000
0.02197785 0.05277164 33.00000000
0.02195481 0.05252701 33.00000000
0.02193194 0.05228504 33.00000000
0.02190924 0.05204570 33.00000000
0.02188671 0.05180894 33.00000000
0.02186434 0.05157470 33.00000000
0.02184214 0.05134296 33.00000000
0.02182010 0.05111365 33.00000000
0.02179823 0.05088674 34.00000000
0.02177651 0.05066219 34.00000000
0.02175494 0.05043996 34.00000000
0.02173354 0.05021999 34.00000000
0.02171228 0.05000227 34.00000000
0.02169118 0.04978674 34.00000000
0.02167022 0.04957337 34.00000000
0.02164942 0.04936213 35.00000000
0.02162876 0.04915297 35.00000000
0.02160824 0.04894587 35.00000000
0.02158786 0.04874078 35.00000000
0.02156763 0.04853767 35.00000000
0.02154754 0.04833652 35.00000000
0.02152758 0.04813728 35.00000000
0.02150776 0.04793993 35.00000000
0.02148807 0.04774444 35.00000000
0.02146852 0.04755077 35.00000000
0.02144910 0.04735890 36.00000000
0.02142981 0.04716879 36.00000000
0.02141064 0.04698042 36.00000000
0.02139161 0.04679377 36.00000000
0.02137270 0.04660879 36.00000000
0.02135392 0.04642548 36.00000000
0.02133526 0.04624379 36.00000000
0.02131672 0.04606371 36.00000000
0.02129830 0.04588522 36.00000000
0.02128001 0.04570827 37.00000000
0.02126183 0.04553286 37.00000000
0.02124376 0.04535896 37.00000000
0.02122582 0.04518655 37.00000000
0.02120799 0.04501559 37.00000000
0.02119027 0.04484608 37.00000000
0.02117267 0.04467799 37.00000000
0.02115517 0.04451130 37.00000000
0.02113779 0.04434598 37.00000000
0.02112052 0.04418203 37.00000000
0.02110335 0.04401941 38.00000000
0.02108630 0.04385811 38.00000000
0.02106934 0.04369810 38.00000000
0.02105250 0.04353938 38.00000000
0.02103576 0.04338192 38.00000000
0.02101912 0.04322571 38.00000000
0.02100258 0.04307072 38.00000000
0.02098614 0.04291694 38.00000000
0.02096981 0.04276435 38.00000000
0.02095357 0.04261294 39.00000000
0.02093743 0.04246269 39.00000000
0.02092139 0.04231358 39.00000000
0.02090545 0.04216560 39.00000000
0.02088960 0.04201873 39.00000000
0.02087385 0.04187296 39.00000000
0.02085819 0.04172828 39.00000000
0.02084262 0.04158466 39.00000000
0.02082715 0.04144209 39.00000000
0.02081176 0.04130057 39.00000000
0.02079647 0.04116007 40.00000000
0.02078127 0.04102059 40.00000000
0.02076616 0.04088210 40.00000000
0.02075113 0.04074461 40.00000000
0.02073620 0.04060809 40.00000000
0.02072134 0.04047253 40.00000000
0.02070658 0.04033792 42.00000000
0.02069190 0.04020425 42.00000000
0.02067731 0.04007150 42.00000000
0.02066279 0.03993967 42.00000000
0.02064837 0.03980875 42.00000000
0.02063402 0.03967871 42.00000000
0.02061976 0.03954956 42.00000000
0.02060557 0.03942128 43.00000000
0.02059147 0.03929386 43.00000000
0.02057745 0.03916729 43.00000000
0.02056351 0.03904156 43.00000000
0.02054964 0.03891666 43.00000000
0.02053585 0.03879258 43.00000000
0.02052214 0.03866931 43.00000000
0.02050851 0.03854684 43.00000000
0.02049495 0.03842516 43.00000000
0.02048147 0.03830427 44.00000000
0.02046806 0.03818415 44.00000000
0.02045472 0.03806479 45.00000000
0.02044146 0.03794619 45.00000000
0.02042827 0.03782834 45.00000000
0.02041516 0.03771123 46.00000000
0.02040211 0.03759485 46.00000000
0.02038914 0.03747919 46.00000000
0.02037623 0.03736425 46.00000000
0.02036340 0.03725002 46.00000000
0.02035064 0.03713649 46.00000000
0.02033794 0.03702364 47.00000000
0.02032532 0.03691149 47.00000000
0.02031276 0.03680001 47.00000000
0.02030027 0.03668920 47.00000000
0.02028784 0.03657906 47.00000000
0.02027548 0.03646957 47.00000000
0.02026319 0.03636073 47.00000000
0.02025096 0.03625253 47.00000000
0.02023880 0.03614497 48.00000000
0.02022670 0.03603804 48.00000000
0.02021467 0.03593174 48.00000000
0.02020270 0.03582605 48.00000000
0.02019079 0.03572097 48.00000000
0.02017894 0.03561649 48.00000000
0.02016716 0.03551262 48.00000000
0.02015543 0.03540934 48.00000000
0.02014377 0.03530664 48.00000000
0.02013217 0.03520453 48.00000000
0.02012063 0.03510299 49.00000000
0.02010915 0.03500202 49.00000000
0.02009772 0.03490162 49.00000000
0.02008636 0.03480178 49.00000000
0.02007506 0.03470249 49.00000000
0.02006381 0.03460375 49.00000000
0.02005262 0.03450555 49.00000000
0.02004149 0.03440789 49.00000000
0.02003041 0.03431076 50.00000000
0.02001939 0.03421417 50.00000000
0.02000843 0.03411809 50.00000000
0.01999752 0.03402254 50.00000000
0.01998666 0.03392750 50.00000000
0.01997587 0.03383297 50.00000000
0.01996512 0.03373895 51.00000000
0.01995443 0.03364542 51.00000000
0.01994379 0.03355239 51.00000000
0.01993321 0.03345985 51.00000000
0.01992268 0.03336781 51.00000000
0.01991220 0.03327624 51.00000000
0.01990177 0.03318515 51.00000000
0.01989140 0.03309454 51.00000000
0.01988107 0.03300440 51.00000000
0.01987080 0.03291472 51.00000000
0.01986058 0.03282551 52.00000000
0.01985041 0.03273675 52.00000000
0.01984029 0.03264845 52.00000000
0.01983021 0.03256060 52.00000000
0.01982019 0.03247320 52.00000000
0.01981022 0.03238624 52.00000000
0.01980029 0.03229973 52.00000000
0.01979041 0.03221364 52.00000000
0.01978058 0.03212799 53.00000000
0.01977080 0.03204277 53.00000000
0.01976107 0.03195798 53.00000000
0.01975138 0.03187361 55.00000000
0.01974174 0.03178965 55.00000000
0.01973215 0.03170612 55.00000000
0.01972260 0.03162299 55.00000000
0.01971309 0.03154027 55.00000000
0.01970364 0.03145796 55.00000000
0.01969422 0.03137605 55.00000000
0.01968486 0.03129454 56.00000000
0.01967553 0.03121343 56.00000000
0.01966625 0.03113271 56.00000000
0.01965702 0.03105238 56.00000000
0.01964783 0.03097244 56.00000000
0.01963868 0.03089288 56.00000000
0.01962958 0.03081370 56.00000000
0.01962051 0.03073490 56.00000000
0.01961149 0.03065648 57.00000000
0.01960252 0.03057843 57.00000000
0.01959358 0.03050075 57.00000000
0.01958469 0.03042344 57.00000000
0.01957584 0.03034649 57.00000000
0.01956702 0.03026990 58.00000000
0.01955825 0.03019367 58.00000000
0.01954953 0.03011780 58.00000000
0.01954084 0.03004229 58.00000000
0.01953219 0.02996712 59.00000000
0.01952358 0.02989230 59.00000000
0.01951501 0.02981783 59.00000000
0.01950648 0.02974371 59.00000000
0.01949799 0.02966992 59.00000000
0.01948953 0.02959648 59.00000000
0.01948112 0.02952337 59.00000000
0.01947275 0.02945059 59.00000000
0.01946441 0.02937815 60.00000000
0.01945611 0.02930603 61.00000000
0.01944785 0.02923425 61.00000000
0.01943962 0.02916279 61.00000000
0.01943144 0.02909165 61.00000000
0.01942329 0.02902083 61.00000000
0.01941517 0.02895033 61.00000000
0.01940709 0.02888015 61.00000000
0.01939905 0.02881028 61.00000000
0.01939105 0.02874072 61.00000000
0.01938308 0.02867147 62.00000000
0.01937515 0.02860254 62.00000000
0.01936725 0.02853390 62.00000000
0.01935939 0.02846557 62.00000000
0.01935156 0.02839754 62.00000000
0.01934377 0.02832982 62.00000000
0.01933601 0.02826238 62.00000000
0.01932828 0.02819525 62.00000000
0.01932059 0.02812841 62.00000000
0.01931294 0.02806186 62.00000000
0.01930531 0.02799560 63.00000000
0.01929772 0.02792963 63.00000000
0.01929017 0.02786394 63.00000000
0.01928265 0.02779854 63.00000000
0.01927515 0.02773343 63.00000000
0.01926770 0.02766859 63.00000000
0.01926027 0.02760403 63.00000000
0.01925288 0.02753975 63.00000000
0.01924552 0.02747575 63.00000000
0.01923819 0.02741201 64.00000000
0.01923089 0.02734856 64.00000000
0.01922363 0.02728537 64.00000000
0.01921639 0.02722245 64.00000000
0.01920919 0.02715979 64.00000000
0.01920202 0.02709741 64.00000000
0.01919488 0.02703528 64.00000000
0.01918777 0.02697342 64.00000000
0.01918069 0.02691182 64.00000000
0.01917364 0.02685048 64.00000000
0.01916662 0.02678939 65.00000000
0.01915963 0.02672856 65.00000000
0.01915267 0.02666799 65.00000000
0.01914574 0.02660766 65.00000000
0.01913883 0.02654759 65.00000000
0.01913196 0.02648777 65.00000000
0.01912512 0.02642820 65.00000000
0.01911830 0.02636887 65.00000000
0.01911152 0.02630979 65.00000000
0.01910476 0.02625095 66.00000000
0.01909803 0.02619235 66.00000000
0.01909133 0.02613400 66.00000000
0.01908466 0.02607588 66.00000000
0.01907801 0.02601800 66.00000000
0.01907140 0.02596036 66.00000000
0.01906481 0.02590296 66.00000000
0.01905824 0.02584579 66.00000000
0.01905171 0.02578885 66.00000000
0.01904520 0.02573214 66.00000000
0.01903872 0.02567566 67.00000000
0.01903226 0.02561941 67.00000000
0.01902584 0.02556339 67.00000000
0.01901943 0.02550759 67.00000000
0.01901306 0.02545202 67.00000000
0.01900671 0.02539667 67.00000000
0.01900039 0.02534154 67.00000000
0.01899409 0.02528664 67.00000000
0.01898782 0.02523195 67.00000000
0.01898157 0.02517748 68.00000000
0.01897535 0.02512323 68.00000000
0.01896916 0.02506920 68.00000000
0.01896299 0.02501538 68.00000000
0.01895684 0.02496177 68.00000000
0.01895072 0.02490838 68.00000000
0.01894463 0.02485519 68.00000000
0.01893856 0.02480222 69.00000000
0.01893251 0.02474946 69.00000000
0.01892649 0.02469690 69.00000000
0.01892049 0.02464455 69.00000000
0.01891451 0.02459240 69.00000000
0.01890856 0.02454046 69.00000000
0.01890264 0.02448873 69.00000000
0.01889673 0.02443719 69.00000000
0.01889086 0.02438585 70.00000000
0.01888500 0.02433472 70.00000000
0.01887917 0.02428378 70.00000000
0.01887336 0.02423304 70.00000000
0.01886757 0.02418250 70.00000000
0.01886181 0.02413216 70.00000000
0.01885606 0.02408200 71.00000000
0.01885035 0.02403204 71.00000000
0.01884465 0.02398228 71.00000000
0.01883898 0.02393270 71.00000000
0.01883333 0.02388332 71.00000000
0.01882770 0.02383412 71.00000000
0.01882209 0.02378512 71.00000000
0.01881650 0.02373630 71.00000000
0.01881094 0.02368766 71.00000000
0.01880540 0.02363922 72.00000000
0.01879988 0.02359095 72.00000000
0.01879438 0.02354287 72.00000000
0.01878890 0.02349497 72.00000000
0.01878344 0.02344726 72.00000000
0.01877801 0.02339972 72.00000000
0.01877259 0.02335237 72.00000000
0.01876720 0.02330519 72.00000000
0.01876183 0.02325819 72.00000000
0.01875647 0.02321137 72.00000000
0.01875114 0.02316472 73.00000000
0.01874583 0.02311825 73.00000000
0.01874054 0.02307195 73.00000000
0.01873527 0.02302583 73.00000000
0.01873002 0.02297988 73.00000000
0.01872478 0.02293410 73.00000000
0.01871957 0.02288849 73.00000000
0.01871438 0.02284305 74.00000000
0.01870921 0.02279778 76.00000000
0.01870406 0.02275267 76.00000000
0.01869892 0.02270774 76.00000000
0.01869381 0.02266297 76.00000000
0.01868872 0.02261836 76.00000000
0.01868364 0.02257392 76.00000000
0.01867858 0.02252965 77.00000000
0.01867355 0.02248554 77.00000000
0.01866853 0.02244159 77.00000000
0.01866353 0.02239780 77.00000000
0.01865855 0.02235417 77.00000000
0.01865358 0.02231070 77.00000000
0.01864864 0.02226739 77.00000000
0.01864371 0.02222424 77.00000000
0.01863881 0.02218124 77.00000000
0.01863392 0.02213840 77.00000000
0.01862905 0.02209572 78.00000000
0.01862419 0.02205319 78.00000000
0.01861936 0.02201082 78.00000000
0.01861454 0.02196860 78.00000000
0.01860974 0.02192654 78.00000000
0.01860496 0.02188462 78.00000000
0.01860019 0.02184286 78.00000000
0.01859544 0.02180125 78.00000000
0.01859071 0.02175978 78.00000000
0.01858600 0.02171847 79.00000000
0.01858130 0.02167730 79.00000000
0.01857662 0.02163629 79.00000000
0.01857196 0.02159541 79.00000000
0.01856732 0.02155469 79.00000000
0.01856269 0.02151411 79.00000000
0.01855808 0.02147368 79.00000000
0.01855348 0.02143338 79.00000000
0.01854890 0.02139324 79.00000000
0.01854434 0.02135323 80.00000000
0.01853980 0.02131337 80.00000000
0.01853527 0.02127365 80.00000000
0.01853075 0.02123407 80.00000000
0.01852626 0.02119463 80.00000000
0.01852178 0.02115533 80.00000000
0.01851731 0.02111616 80.00000000
0.01851286 0.02107714 80.00000000
0.01850843 0.02103825 80.00000000
0.01850401 0.02099950 80.00000000
0.01849961 0.02096089 81.00000000
0.01849522 0.02092241 81.00000000
0.01849085 0.02088406 81.00000000
0.01848650 0.02084585 81.00000000
0.01848216 0.02080777 81.00000000
0.01847783 0.02076983 81.00000000
0.01847352 0.02073202 81.00000000
0.01846923 0.02069434 81.00000000
0.01846495 0.02065679 82.00000000
0.01846068 0.02061937 82.00000000
0.01845643 0.02058208 82.00000000
0.01845220 0.02054492 82.00000000
0.01844798 0.02050789 82.00000000
0.01844377 0.02047098 82.00000000
0.01843958 0.02043421 82.00000000
0.01843540 0.02039756 83.00000000
0.01843124 0.02036103 83.00000000
0.01842709 0.02032464 83.00000000
0.01842296 0.02028836 83.00000000
0.01841884 0.02025221 83.00000000
0.01841474 0.02021619 83.00000000
0.01841065 0.02018029 83.00000000
0.01840657 0.02014451 83.00000000
0.01840251 0.02010885 84.00000000
0.01839846 0.02007332 84.00000000
0.01839442 0.02003790 84.00000000
0.01839040 0.02000261 84.00000000
0.01838639 0.01996743 84.00000000
0.01838240 0.01993238 84.00000000
0.01837842 0.01989744 84.00000000
0.01837445 0.01986262 84.00000000
0.01837050 0.01982792 84.00000000
0.01836656 0.01979334 85.00000000
0.01836263 0.01975888 85.00000000
0.01835871 0.01972453 85.00000000
0.01835481 0.01969029 85.00000000
0.01835093 0.01965617 85.00000000
0.01834705 0.01962217 85.00000000
0.01834319 0.01958828 85.00000000
0.01833934 0.01955450 85.00000000
0.01833551 0.01952083 86.00000000
0.01833168 0.01948728 86.00000000
0.01832787 0.01945384 86.00000000
0.01832407 0.01942051 86.00000000
0.01832029 0.01938729 86.00000000
0.01831652 0.01935419 86.00000000
0.01831276 0.01932119 86.00000000
0.01830901 0.01928830 86.00000000
0.01830527 0.01925552 86.00000000
0.01830155 0.01922285 87.00000000
0.01829784 0.01919029 87.00000000
0.01829414 0.01915784 87.00000000
0.01829046 0.01912549 87.00000000
0.01828678 0.01909325 87.00000000
0.01828312 0.01906111 87.00000000
0.01827947 0.01902908 87.00000000
0.01827583 0.01899716 87.00000000
0.01827220 0.01896534 87.00000000
0.01826859 0.01893362 88.00000000
0.01826499 0.01890201 88.00000000
0.01826140 0.01887050 88.00000000
0.01825782 0.01883910 88.00000000
0.01825425 0.01880779 88.00000000
0.01825069 0.01877659 88.00000000
0.01824715 0.01874549 88.00000000
0.01824361 0.01871449 89.00000000
0.01824009 0.01868359 89.00000000
0.01823658 0.01865280 89.00000000
0.01823308 0.01862210 89.00000000
0.01822959 0.01859150 89.00000000
0.01822611 0.01856100 90.00000000
0.01822265 0.01853060 90.00000000
0.01821919 0.01850029 90.00000000
0.01821575 0.01847008 90.00000000
0.01821231 0.01843998 90.00000000
0.01820889 0.01840996 93.00000000
0.01820548 0.01838005 97.00000000
0.01820208 0.01835023 97.00000000
0.01819869 0.01832050 97.00000000
0.01819531 0.01829087 97.00000000
0.01819194 0.01826133 98.00000000
0.01818858 0.01823189 98.00000000
0.01818524 0.01820255 98.00000000
0.01818190 0.01817329 98.00000000
0.01817857 0.01814413 98.00000000
0.01817526 0.01811506 98.00000000
0.01817195 0.01808608 99.00000000
0.01816866 0.01805720 99.00000000
0.01816537 0.01802841 99.00000000
0.01816210 0.01799970 99.00000000
0.01815883 0.01797109 99.00000000
0.01815558 0.01794257 99.00000000
0.01815233 0.01791414 99.00000000
0.01814910 0.01788580 99.00000000
0.01814587 0.01785754 99.00000000
0.01814266 0.01782938 99.00000000
0.01813946 0.01780130 100.00000000
0.01813626 0.01777331 100.00000000
0.01813308 0.01774541 100.00000000
0.01812990 0.01771760 100.00000000
0.01812674 0.01768987 100.00000000
0.01812358 0.01766223 100.00000000
0.01812043 0.01763468 100.00000000
0.01811730 0.01760721 100.00000000
0.01811417 0.01757983 100.00000000
0.01811105 0.01755253 101.00000000
0.01810795 0.01752531 101.00000000
0.01810485 0.01749818 101.00000000
0.01810176 0.01747114 101.00000000
0.01809868 0.01744418 101.00000000
0.01809561 0.01741730 101.00000000
0.01809255 0.01739050 101.00000000
0.01808950 0.01736379 101.00000000
0.01808645 0.01733716 102.00000000
0.01808342 0.01731061 102.00000000
0.01808039 0.01728414 102.00000000
0.01807738 0.01725775 102.00000000
0.01807437 0.01723144 102.00000000
0.01807138 0.01720522 102.00000000
0.01806839 0.01717907 102.00000000
0.01806541 0.01715301 102.00000000
0.01806244 0.01712702 103.00000000
0.01805948 0.01710111 103.00000000
0.01805652 0.01707528 103.00000000
0.01805358 0.01704953 103.00000000
0.01805064 0.01702386 103.00000000
0.01804772 0.01699827 103.00000000
0.01804480 0.01697275 103.00000000
0.01804189 0.01694731 103.00000000
0.01803899 0.01692195 103.00000000
0.01803609 0.01689666 103.00000000
0.01803321 0.01687145 104.00000000
0.01803034 0.01684631 104.00000000
0.01802747 0.01682126 104.00000000
0.01802461 0.01679627 104.00000000
0.01802176 0.01677136 104.00000000
0.01801892 0.01674653 104.00000000
0.01801608 0.01672177 104.00000000
0.01801326 0.01669708 104.00000000
0.01801044 0.01667247 104.00000000
0.01800763 0.01664793 105.00000000
0.01800483 0.01662347 105.00000000
0.01800204 0.01659907 105.00000000
0.01799925 0.01657475 105.00000000
0.01799648 0.01655051 105.00000000
0.01799371 0.01652633 105.00000000
0.01799095 0.01650223 105.00000000
0.01798819 0.01647819 105.00000000
0.01798545 0.01645423 105.00000000
0.01798271 0.01643034 106.00000000
0.01797998 0.01640652 106.00000000
0.01797726 0.01638277 111.00000000
0.01797455 0.01635909 117.00000000
0.01797184 0.01633548 124.00000000
0.01796914 0.01631193 130.00000000
0.01796645 0.01628846 136.00000000
0.01796377 0.01626506 142.00000000
0.01796110 0.01624172 149.00000000
0.01795843 0.01621845 172.00000000
0.01795577 0.01619526 179.00000000
0.01795311 0.01617212 184.00000000
0.01795047 0.01614906 191.00000000
0.01794783 0.01612606 197.00000000
0.01794520 0.01610313 203.00000000
0.01794258 0.01608027 210.00000000
0.01793996 0.01605747 216.00000000
0.01793735 0.01603474 222.00000000
0.01793475 0.01601208 234.00000000
0.01793216 0.01598948 242.00000000
0.01792957 0.01596694 245.00000000
0.01792699 0.01594447 245.00000000
0.01792442 0.01592207 245.00000000
0.01792186 0.01589973 245.00000000
0.01791930 0.01587745 245.00000000
0.01791675 0.01585524 247.00000000
0.01791421 0.01583309 247.00000000
0.01791167 0.01581101 247.00000000
0.01790914 0.01578899 247.00000000
0.01790662 0.01576703 247.00000000
0.01790410 0.01574513 247.00000000
0.01790159 0.01572330 248.00000000
0.01789909 0.01570153 248.00000000
0.01789660 0.01567982 248.00000000
0.01789411 0.01565817 248.00000000
0.01789163 0.01563659 248.00000000
0.01788915 0.01561506 248.00000000
0.01788669 0.01559360 248.00000000
0.01788422 0.01557220 248.00000000
0.01788177 0.01555085 248.00000000
0.01787932 0.01552957 248.00000000
0.01787688 0.01550835 248.00000000
0.01787445 0.01548719 248.00000000
0.01787202 0.01546609 248.00000000
0.01786960 0.01544505 248.00000000
0.01786718 0.01542406 249.00000000
0.01786478 0.01540314 249.00000000
0.01786237 0.01538227 249.00000000
0.01785998 0.01536147 249.00000000
0.01785759 0.01534072 249.00000000
0.01785521 0.01532003 249.00000000
0.01785283 0.01529940 249.00000000
0.01785046 0.01527882 249.00000000
0.01784810 0.01525830 249.00000000
0.01784574 0.01523784 249.00000000
0.01784339 0.01521744 249.00000000
0.01784105 0.01519709 249.00000000
0.01783871 0.01517680 249.00000000
0.01783638 0.01515657 250.00000000
0.01783405 0.01513639 250.00000000
0.01783173 0.01511627 250.00000000
0.01782942 0.01509620 250.00000000
0.01782711 0.01507619 250.00000000
0.01782481 0.01505624 250.00000000
0.01782252 0.01503634 250.00000000
0.01782023 0.01501649 250.00000000
0.01781794 0.01499670 250.00000000
0.01781567 0.01497696 250.00000000
0.01781339 0.01495728 250.00000000
0.01781113 0.01493765 250.00000000
0.01780887 0.01491808 250.00000000
0.01780662 0.01489856 250.00000000
0.01780437 0.01487909 251.00000000
0.01780213 0.01485968 251.00000000
0.01779989 0.01484032 251.00000000
0.01779766 0.01482101 251.00000000
0.01779544 0.01480175 251.00000000
0.01779322 0.01478255 251.00000000
0.01779101 0.01476340 251.00000000
0.01778880 0.01474430 251.00000000
0.01778660 0.01472526 251.00000000
0.01778440 0.01470626 251.00000000
0.01778221 0.01468732 251.00000000
0.01778003 0.01466843 251.00000000
0.01777785 0.01464959 251.00000000
0.01777568 0.01463080 252.00000000
0.01777351 0.01461206 252.00000000
0.01777135 0.01459337 252.00000000
0.01776919 0.01457473 252.00000000
0.01776704 0.01455614 252.00000000
0.01776490 0.01453760 252.00000000
0.01776276 0.01451912 252.00000000
0.01776062 0.01450068 252.00000000
0.01775849 0.01448229 252.00000000
0.01775637 0.01446395 252.00000000
0.01775425 0.01444566 252.00000000
0.01775214 0.01442742 252.00000000
0.01775003 0.01440923 252.00000000
0.01774793 0.01439108 253.00000000
0.01774583 0.01437299 253.00000000
0.01774374 0.01435494 253.00000000
0.01774166 0.01433694 253.00000000
0.01773958 0.01431899 253.00000000
0.01773750 0.01430109 253.00000000
0.01773543 0.01428323 258.00000000
0.01773336 0.01426542 265.00000000
0.01773130 0.01424766 273.00000000
0.01772925 0.01422995 280.00000000
0.01772720 0.01421228 283.00000000
0.01772515 0.01419466 283.00000000
0.01772311 0.01417709 283.00000000
0.01772108 0.01415956 283.00000000
0.01771905 0.01414208 283.00000000
0.01771703 0.01412465 283.00000000
0.01771501 0.01410726 284.00000000
0.01771299 0.01408992 284.00000000
0.01771098 0.01407262 284.00000000
0.01770898 0.01405537 284.00000000
0.01770698 0.01403817 284.00000000
0.01770498 0.01402101 284.00000000
0.01770299 0.01400389 284.00000000
0.01770101 0.01398682 284.00000000
0.01769903 0.01396980 284.00000000
0.01769705 0.01395282 285.00000000
0.01769508 0.01393588 285.00000000
0.01769312 0.01391899 285.00000000
0.01769116 0.01390214 285.00000000
0.01768920 0.01388534 285.00000000
0.01768725 0.01386858 289.00000000
0.01768530 0.01385186 289.00000000
0.01768336 0.01383519 289.00000000
0.01768143 0.01381856 289.00000000
0.01767949 0.01380197 290.00000000
0.01767757 0.01378543 290.00000000
0.01767564 0.01376893 290.00000000
0.01767373 0.01375248 290.00000000
0.01767181 0.01373606 290.00000000
0.01766990 0.01371969 290.00000000
0.01766800 0.01370336 290.00000000
0.01766610 0.01368708 290.00000000
0.01766420 0.01367083 293.00000000
0.01766231 0.01365463 293.00000000
0.01766043 0.01363847 293.00000000
0.01765855 0.01362235 293.00000000
0.01765667 0.01360628 293.00000000
0.01765480 0.01359024 293.00000000
0.01765293 0.01357425 293.00000000
0.01765106 0.01355830 293.00000000
0.01764920 0.01354239 294.00000000
0.01764735 0.01352652 294.00000000
0.01764550 0.01351069 294.00000000
0.01764365 0.01349490 294.00000000
0.01764181 0.01347916 294.00000000
0.01763997 0.01346345 294.00000000
0.01763814 0.01344778 294.00000000
0.01763631 0.01343216 294.00000000
0.01763449 0.01341657 294.00000000
0.01763267 0.01340103 294.00000000
0.01763085 0.01338552 295.00000000
0.01762904 0.01337006 295.00000000
0.01762723 0.01335463 295.00000000
0.01762543 0.01333925 295.00000000
0.01762363 0.01332390 295.00000000
0.01762184 0.01330859 295.00000000
0.01762005 0.01329332 295.00000000
0.01761826 0.01327809 295.00000000
0.01761648 0.01326291 295.00000000
0.01761470 0.01324775 296.00000000
0.01761293 0.01323264 296.00000000
0.01761116 0.01321757 296.00000000
0.01760939 0.01320253 296.00000000
0.01760763 0.01318754 296.00000000
0.01760587 0.01317258 296.00000000
0.01760412 0.01315766 296.00000000
0.01760237 0.01314278 296.00000000
0.01760062 0.01312794 296.00000000
0.01759888 0.01311313 297.00000000
0.01759715 0.01309836 297.00000000
0.01759541 0.01308363 297.00000000
0.01759368 0.01306894 297.00000000
0.01759196 0.01305429 297.00000000
0.01759024 0.01303967 297.00000000
0.01758852 0.01302509 297.00000000
0.01758681 0.01301055 297.00000000
0.01758510 0.01299604 297.00000000
0.01758339 0.01298158 297.00000000
0.01758169 0.01296715 298.00000000
0.01757999 0.01295275 298.00000000
0.01757830 0.01293839 298.00000000
0.01757661 0.01292407 298.00000000
0.01757492 0.01290979 298.00000000
0.01757324 0.01289554 298.00000000
0.01757156 0.01288133 298.00000000
0.01756988 0.01286716 298.00000000
0.01756821 0.01285302 298.00000000
0.01756655 0.01283891 299.00000000
0.01756488 0.01282485 299.00000000
0.01756322 0.01281082 299.00000000
0.01756157 0.01279682 299.00000000
0.01755991 0.01278286 299.00000000
0.01755826 0.01276894 299.00000000
0.01755662 0.01275505 299.00000000
0.01755498 0.01274120 299.00000000
0.01755334 0.01272738 299.00000000
0.01755170 0.01271360 299.00000000
0.01755007 0.01269986 300.00000000
0.01754845 0.01268614 300.00000000
0.01754682 0.01267247 300.00000000
