0.124981638855038782 0.062827100539847525 1.000000000000000000
0.124978904802833940 0.062186744117146052 1.000000000000000000
0.124974358864887711 0.061367447636233939 1.000000000000000000
0.124968420600633998 0.060725006276735299 1.000000000000000000
0.124961188672223208 0.060528889148899902 1.000000000000000000
0.124952543940172051 0.060969843040094111 1.000000000000000000
0.124942207640130754 0.062176373851488741 1.000000000000000000
0.124929770308232838 0.064232559861496480 1.000000000000000000
0.124914699758497671 0.067194113568219971 1.000000000000000000
0.124896333425268000 0.071101518670248789 2.000000000000000000
0.124873858400133791 0.075989997096076359 2.000000000000000000
0.124846280910385424 0.081896589141824780 2.000000000000000000
0.124812385715025800 0.088864905919411735 2.000000000000000000
0.124770684887747826 0.096948180416538604 2.000000000000000000
0.124719354650924638 0.106211165762741228 2.000000000000000000
0.124656158256293170 0.116731286648699140 2.000000000000000000
0.124578352327248232 0.128599302607838084 2.000000000000000000
0.124482573559003870 0.141919617936250575 2.000000000000000000
0.124364702220754283 0.156810275751355671 2.000000000000000000
0.124219698559901795 0.173402594637304230 2.000000000000000000
0.124041408062883593 0.191840333960995146 3.000000000000000000
0.123822331738458177 0.212278197276165342 3.000000000000000000
0.123553358412306497 0.234879392428794381 3.000000000000000000
0.123223457848131338 0.259811852860753589 3.000000000000000000
0.122819336921999228 0.287242578239949586 3.000000000000000000
0.122325066909573357 0.317329365594434032 3.000000000000000000
0.121721699354140456 0.350208968872978921 3.000000000000000000
0.120986902472602770 0.385980447203000787 3.000000000000000000
0.120094671421499252 0.424682160204628234 4.000000000000000000
0.119015195776491153 0.466260601428422017 4.000000000000000000
0.117715007300227395 0.510529162964184935 4.000000000000000000
0.116157579124295265 0.557115267532749314 4.000000000000000000
0.114304597145811940 0.605395589093774222 4.000000000000000000
0.112118159053937710 0.654422143235438458 4.000000000000000000
0.109564143606246098 0.702848082061924506 4.000000000000000000
0.106616881054419674 0.748872468505894062 4.000000000000000000
0.103264981119430194 0.790238797108156477 5.000000000000000000
0.099517692106353209 0.824340191309746673 5.000000000000000000
0.095410512135817568 0.848495297092280776 5.000000000000000000
0.091008160276427760 0.860440822570905262 5.000000000000000000
0.086402858577970573 0.859006696479704734 5.000000000000000000
0.081706664479805569 0.844779240274556420 5.000000000000000000
0.077038504000273678 0.820371920631626561 5.000000000000000000
0.072508988469205546 0.789897324965077696 6.000000000000000000
0.068207623374375193 0.757598641258652949 6.000000000000000000
0.064196252264645690 0.726291806258266726 6.000000000000000000
0.060509605480493160 0.696652777677023050 6.000000000000000000
0.057160614539154143 0.667805441434823344 6.000000000000000000
0.054146936590520667 0.638582706846276826 6.000000000000000000
0.051456267257427843 0.608456088202312673 6.000000000000000000
0.049069927123024694 0.577701905655888304 6.000000000000000000
0.046965281777197776 0.547049783627539643 7.000000000000000000
0.045117555825107833 0.517249085428825195 7.000000000000000000
0.043501236982750442 0.488807622476955472 7.000000000000000000
0.042091096073589199 0.461934509864599219 7.000000000000000000
0.040862884411972528 0.436612741888468991 7.000000000000000000
0.039793811992980231 0.412716638361479926 7.000000000000000000
0.038862880449508606 0.390114097766622425 7.000000000000000000
0.038051094063805892 0.368724096799674828 8.000000000000000000
0.037341550894904818 0.348527445558622473 8.000000000000000000
0.036719424181706976 0.329546769902594239 8.000000000000000000
0.036171858431863289 0.311816368774994690 8.000000000000000000
0.035687810459414916 0.295357176156734402 8.000000000000000000
0.035257862519453891 0.280163298459569499 8.000000000000000000
0.034874027658753345 0.266199679912841713 8.000000000000000000
0.034529560455925937 0.253407117916965130 8.000000000000000000
0.034218780950565943 0.241710438850246512 9.000000000000000000
0.033936915779086071 0.231026725606003430 9.000000000000000000
0.033679957975471471 0.221271903853057422 9.000000000000000000
0.033444545235806783 0.212365140734281949 9.000000000000000000
0.033227855457603261 0.204231218207918175 9.000000000000000000
0.033027517866387093 0.196801368843479957 9.000000000000000000
0.032841537874389259 0.190013129257937813 9.000000000000000000
0.032668233849018860 0.183809692312314560 10.000000000000000000
0.032506184106304098 0.178139108192854473 10.000000000000000000
0.032354182624645129 0.172953548752699887 10.000000000000000000
0.032211202161567407 0.168208736257898311 10.000000000000000000
0.032076363632896544 0.163863557234925877 10.000000000000000000
0.031948910772536580 0.159879834216656525 10.000000000000000000
0.031828189230067833 0.156222206984942130 10.000000000000000000
0.031713629383716441 0.152858072459101962 11.000000000000000000
0.031604732250101464 0.149757540908146164 11.000000000000000000
0.031501057962059015 0.146893379344938124 11.000000000000000000
0.031402216364111606 0.144240926390851981 11.000000000000000000
0.031307859343698390 0.141777974038862997 11.000000000000000000
0.031217674576529596 0.139484619548531391 11.000000000000000000
0.031131380417356330 0.137343095164159684 11.000000000000000000
0.031048721713729903 0.135337585028191876 11.000000000000000000
0.030969466360442847 0.133454038369654721 12.000000000000000000
0.030893402446716015 0.131679986582047104 12.000000000000000000
0.030820335877238824 0.130004369829764654 12.000000000000000000
0.030750088372347498 0.128417376811468781 12.000000000000000000
0.030682495772447322 0.126910299550840128 12.000000000000000000
0.030617406587798445 0.125475403713620370 12.000000000000000000
0.030554680747538740 0.124105813987894886 12.000000000000000000
0.030494188511854009 0.122795413468008027 13.000000000000000000
0.030435809519016824 0.121538755675311791 13.000000000000000000
0.030379431945046016 0.120330987748732632 13.000000000000000000
0.030324951758366775 0.119167783371242883 13.000000000000000000
0.030272272055395358 0.118045284106948034 13.000000000000000000
0.030221302465684011 0.116960047966799444 13.000000000000000000
0.030171958617348733 0.115909004172961058 13.000000000000000000
0.030124161655115257 0.114889413237908078 14.000000000000000000
0.030077837804580024 0.113898831607362291 14.000000000000000000
0.030032917977280117 0.112935080233655116 14.000000000000000000
0.029989337411963416 0.111996216547961491 14.000000000000000000
0.029947035348097752 0.111080509386975473 14.000000000000000000
0.029905954728190257 0.110186416503261705 14.000000000000000000
0.029866041925929076 0.109312564350057664 14.000000000000000000
0.029827246497532534 0.108457729882009690 15.000000000000000000
0.029789520954003834 0.107620824154524661 15.000000000000000000
0.029752820552260473 0.106800877537443176 15.000000000000000000
0.029717103103336348 0.105997026384941129 15.000000000000000000
0.029682328796056943 0.105208501024221093 15.000000000000000000
0.029648460034759669 0.104434614941881887 15.000000000000000000
0.029615461289784394 0.103674755059913845 15.000000000000000000
0.029583298959591248 0.102928373003903131 15.000000000000000000
0.029551941243479912 0.102194977274949472 16.000000000000000000
0.029521358023987303 0.101474126244479282 16.000000000000000000
0.029491520758131547 0.100765421897906868 16.000000000000000000
0.029462402376751441 0.100068504259192309 16.000000000000000000
0.029433977191261344 0.099383046433873065 16.000000000000000000
0.029406220807206555 0.098708750213202731 16.000000000000000000
0.029379110044060588 0.098045342186657183 16.000000000000000000
0.029352622860757384 0.097392570314298030 17.000000000000000000
0.029326738286497123 0.096750200914375695 17.000000000000000000
0.029301436356405780 0.096118016025110969 17.000000000000000000
0.029276698051665679 0.095495811102890030 17.000000000000000000
0.029252505243767622 0.094883393022149376 17.000000000000000000
0.029228840642565583 0.094280578345066313 17.000000000000000000
0.029205687747842400 0.093687191831822239 17.000000000000000000
0.029183030804119506 0.093103065164686638 18.000000000000000000
0.029160854758466036 0.092528035861518032 18.000000000000000000
0.029139145221083913 0.091961946356461932 18.000000000000000000
0.029117888428462538 0.091404643227683130 18.000000000000000000
0.029097071208915092 0.090855976553899709 18.000000000000000000
0.029076680950322977 0.090315799383272000 18.000000000000000000
0.029056705569928825 0.089783967299860545 18.000000000000000000
0.029037133486031784 0.089260338074408835 18.000000000000000000
0.029017953591449826 0.088744771387619353 19.000000000000000000
0.028999155228625114 0.088237128615390306 19.000000000000000000
0.028980728166257318 0.087737272666664298 19.000000000000000000
0.028962662577359511 0.087245067865629536 19.000000000000000000
0.028944949018638793 0.086760379870989737 19.000000000000000000
0.028927578411111543 0.086283075625918568 19.000000000000000000
0.028910542021869771 0.085813023333108904 19.000000000000000000
0.028893831446921724 0.085350092450065321 20.000000000000000000
0.028877438595034964 0.084894153700426245 20.000000000000000000
0.028861355672516201 0.084445079097695400 20.000000000000000000
0.028845575168866287 0.084002741978274884 20.000000000000000000
0.028830089843253717 0.083567017041156433 20.000000000000000000
0.028814892711753803 0.083137780392036245 20.000000000000000000
0.028799977035304718 0.082714909589980637 20.000000000000000000
0.028785336308334707 0.082298283695082269 21.000000000000000000
0.028770964248018206 0.081887783315830687 21.000000000000000000
0.028756854784121984 0.081483290655157678 21.000000000000000000
0.028743002049403887 0.081084689554330375 21.000000000000000000
0.028729400370530886 0.080691865534045448 21.000000000000000000
0.028716044259484118 0.080304705832236895 21.000000000000000000
0.028702928405421858 0.079923099438238013 21.000000000000000000
0.028690047666972165 0.079546937123056327 21.000000000000000000
0.028677397064929937 0.079176111465612917 22.000000000000000000
0.028664971775334183 0.078810516874882622 22.000000000000000000
0.028652767122902989 0.078450049607928507 22.000000000000000000
0.028640778574805174 0.078094607783888784 22.000000000000000000
0.028629001734749120 0.077744091394014406 22.000000000000000000
0.028617432337370165 0.077398402307886277 22.000000000000000000
0.028606066242899738 0.077057444275977049 22.000000000000000000
0.028594899432099731 0.076721122928734287 23.000000000000000000
0.028583928001447372 0.076389345772383169 23.000000000000000000
0.028573148158556244 0.076062022181653616 23.000000000000000000
0.028562556217820237 0.075739063389642383 23.000000000000000000
0.028552148596268142 0.075420382475024736 23.000000000000000000
0.028541921809617107 0.075105894346829127 23.000000000000000000
0.028531872468513905 0.074795515726986714 23.000000000000000000
0.028521997274954101 0.074489165130859097 24.000000000000000000
0.028512293018869012 0.074186762845946871 24.000000000000000000
0.028502756574871668 0.073888230908970259 24.000000000000000000
0.028493384899153179 0.073593493081508365 24.000000000000000000
0.028484175026521421 0.073302474824368455 24.000000000000000000
0.028475124067574624 0.073015103270857085 24.000000000000000000
0.028466229206002544 0.072731307199105782 24.000000000000000000
0.028457487696008810 0.072451017003600932 24.000000000000000000
0.028448896859847854 0.072174164666053350 25.000000000000000000
0.028440454085470634 0.071900683725738088 25.000000000000000000
0.028432156824273615 0.071630509249420979 25.000000000000000000
0.028424002588945601 0.071363577800982556 25.000000000000000000
0.028415988951407480 0.071099827410840116 25.000000000000000000
0.028408113540840225 0.070839197545259303 25.000000000000000000
0.028400374041796742 0.070581629075640820 25.000000000000000000
0.028392768192393242 0.070327064247857785 26.000000000000000000
0.028385293782576336 0.070075446651712031 26.000000000000000000
0.028377948652462102 0.069826721190575730 26.000000000000000000
0.028370730690743522 0.069580834051267318 26.000000000000000000
0.028363637833162980 0.069337732674218666 26.000000000000000000
0.028356668061046766 0.069097365723971418 26.000000000000000000
0.028349819399898449 0.068859683060046750 26.000000000000000000
0.028343089918048518 0.068624635708217335 27.000000000000000000
0.028336477725357231 0.068392175832213450 27.000000000000000000
0.028329980971968777 0.068162256705890698 27.000000000000000000
0.028323597847113604 0.067934832685872457 27.000000000000000000
0.028317326577957300 0.067709859184695978 27.000000000000000000
0.028311165428493650 0.067487292644466679 27.000000000000000000
0.028305112698479414 0.067267090511037034 27.000000000000000000
0.028299166722409758 0.067049211208719359 28.000000000000000000
0.028293325868531859 0.066833614115535220 28.000000000000000000
0.028287588537895005 0.066620259539008700 28.000000000000000000
0.028281953163435871 0.066409108692505228 28.000000000000000000
0.028276418209097140 0.066200123672114169 28.000000000000000000
0.028270982168977943 0.065993267434077046 28.000000000000000000
0.028265643566515088 0.065788503772756773 28.000000000000000000
0.028260400953693261 0.065585797299143600 29.000000000000000000
0.028255252910283295 0.065385113419893726 29.000000000000000000
0.028250198043106994 0.065186418316895978 29.000000000000000000
0.028245234985327834 0.064989678927355687 29.000000000000000000
0.028240362395765786 0.064794862924392752 29.000000000000000000
0.028235578958235842 0.064601938698141764 29.000000000000000000
0.028230883380908969 0.064410875337349419 29.000000000000000000
0.028226274395694542 0.064221642611455507 29.000000000000000000
0.028221750757643389 0.064034210953153550 30.000000000000000000
0.028217311244370748 0.063848551441414589 30.000000000000000000
0.028212954655497995 0.063664635784971627 30.000000000000000000
0.028208679812112905 0.063482436306247086 30.000000000000000000
0.028204485556246946 0.063301925925719787 30.000000000000000000
0.028200370750369769 0.063123078146715667 30.000000000000000000
0.028196334276899528 0.062945867040615916 30.000000000000000000
0.028192375037728753 0.062770267232468341 31.000000000000000000
0.028188491953765174 0.062596253886996869 31.000000000000000000
0.028184683964486645 0.062423802694993084 31.000000000000000000
0.028180950027509925 0.062252889860083059 31.000000000000000000
0.028177289118172678 0.062083492085861128 31.000000000000000000
0.028173700229128035 0.061915586563375001 31.000000000000000000
0.028170182369951571 0.061749150958959255 31.000000000000000000
0.028166734566759874 0.061584163402402227 32.000000000000000000
0.028163355861840447 0.061420602475440178 32.000000000000000000
0.028160045313292643 0.061258447200568403 32.000000000000000000
0.028156801994678956 0.061097677030160856 32.000000000000000000
0.028153624994686439 0.060938271835887819 32.000000000000000000
0.028150513416798022 0.060780211898425897 32.000000000000000000
0.028147466378972950 0.060623477897449332 32.000000000000000000
0.028144483013336601 0.060468050901895998 32.000000000000000000
0.028141562465878706 0.060313912360499433 33.000000000000000000
0.028138703896160296 0.060161044092579580 33.000000000000000000
0.028135906477028568 0.060009428279084356 33.000000000000000000
0.028133169394339724 0.059859047453875630 33.000000000000000000
0.028130491846689358 0.059709884495250123 33.000000000000000000
0.028127873045150045 0.059561922617691720 33.000000000000000000
0.028125312213016306 0.059415145363845359 33.000000000000000000
0.028122808585555936 0.059269536596708673 34.000000000000000000
0.028120361409768396 0.059125080492031447 34.000000000000000000
0.028117969944149265 0.058981761530922099 34.000000000000000000
0.028115633458461058 0.058839564492648905 34.000000000000000000
0.028113351233509831 0.058698474447635651 34.000000000000000000
0.028111122560927744 0.058558476750642859 34.000000000000000000
0.028108946742961032 0.058419557034129974 34.000000000000000000
0.028106823092263495 0.058281701201794302 35.000000000000000000
0.028104750931695208 0.058144895422279533 35.000000000000000000
0.028102729594126206 0.058009126123050939 35.000000000000000000
0.028100758422245166 0.057874379984431158 35.000000000000000000
0.028098836768372812 0.057740643933792024 35.000000000000000000
0.028096963994279911 0.057607905139898989 35.000000000000000000
0.028095139471009698 0.057476151007402207 35.000000000000000000
0.028093362578704713 0.057345369171471421 35.000000000000000000
0.028091632706437678 0.057215547492569685 36.000000000000000000
0.028089949252046685 0.057086674051362390 36.000000000000000000
0.028088311621973994 0.056958737143757258 36.000000000000000000
0.028086719231108993 0.056831725276072373 36.000000000000000000
0.028085171502634496 0.056705627160327877 36.000000000000000000
0.028083667867877075 0.056580431709658083 36.000000000000000000
0.028082207766160501 0.056456128033840654 36.000000000000000000
0.028080790644662772 0.056332705434940074 37.000000000000000000
0.028079415958276455 0.056210153403060480 37.000000000000000000
0.028078083169471989 0.056088461612207839 37.000000000000000000
0.028076791748164541 0.055967619916253812 37.000000000000000000
0.028075541171583340 0.055847618345004721 37.000000000000000000
0.028074330924144360 0.055728447100365751 37.000000000000000000
0.028073160497325660 0.055610096552603606 38.000000000000000000
0.028072029389545609 0.055492557236701871 38.000000000000000000
0.028070937106043609 0.055375819848806303 38.000000000000000000
0.028069883158763673 0.055259875242759618 38.000000000000000000
0.028068867066240399 0.055144714426721413 38.000000000000000000
0.028067888353487454 0.055030328559871798 38.000000000000000000
0.028066946551888499 0.054916708949196286 38.000000000000000000
0.028066041199090484 0.054803847046349802 39.000000000000000000
0.028065171838899089 0.054691734444597677 39.000000000000000000
0.028064338021176499 0.054580362875830526 39.000000000000000000
0.028063539301741457 0.054469724207653308 39.000000000000000000
0.028062775242271076 0.054359810440544297 39.000000000000000000
0.028062045410205114 0.054250613705083342 39.000000000000000000
0.028061349378651977 0.054142126259246748 39.000000000000000000
0.028060686726296608 0.054034340485767919 40.000000000000000000
0.028060057037310709 0.053927248889561769 40.000000000000000000
0.028059459901264197 0.053820844095209555 40.000000000000000000
0.028058894913038968 0.053715118844505867 40.000000000000000000
0.028058361672744093 0.053610065994062699 40.000000000000000000
0.028057859785633008 0.053505678512971201 40.000000000000000000
0.028057388862022043 0.053401949480519566 40.000000000000000000
0.028056948517210877 0.053298872083963326 40.000000000000000000
0.028056538371404299 0.053196439616349615 41.000000000000000000
0.028056158049635946 0.053094645474392986 41.000000000000000000
0.028055807181692899 0.052993483156400088 41.000000000000000000
0.028055485402042467 0.052892946260243281 41.000000000000000000
0.028055192349759801 0.052793028481382384 41.000000000000000000
0.028054927668457373 0.052693723610931810 41.000000000000000000
0.028054691006215479 0.052595025533772884 41.000000000000000000
0.028054482015514338 0.052496928226709157 42.000000000000000000
0.028054300353167229 0.052399425756666659 42.000000000000000000
0.028054145680255212 0.052302512278932532 42.000000000000000000
0.028054017662062822 0.052206182035436755 42.000000000000000000
0.028053915968015125 0.052110429353072155 42.000000000000000000
0.028053840271615837 0.052015248642052488 42.000000000000000000
0.028053790250386866 0.051920634394309620 42.000000000000000000
0.028053765585808590 0.051826581181924812 43.000000000000000000
0.028053765963261562 0.051733083655597714 43.000000000000000000
0.028053791071969158 0.051640136543149050 43.000000000000000000
0.028053840604941333 0.051547734648056995 43.000000000000000000
0.028053914258919316 0.051455872848026843 43.000000000000000000
0.028054011734321382 0.051364546093592624 43.000000000000000000
0.028054132735189724 0.051273749406750377 43.000000000000000000
0.028054276969137995 0.051183477879621103 43.000000000000000000
0.028054444147300052 0.051093726673144144 44.000000000000000000
0.028054633984279497 0.051004491015799923 44.000000000000000000
0.028054846198100256 0.050915766202359609 44.000000000000000000
0.028055080510157766 0.050827547592663988 44.000000000000000000
0.028055336645171312 0.050739830610427854 44.000000000000000000
0.028055614331137086 0.050652610742071655 44.000000000000000000
0.028055913299282004 0.050565883535578372 44.000000000000000000
0.028056233284018451 0.050479644599374790 45.000000000000000000
0.028056574022899735 0.050393889601237800 45.000000000000000000
0.028056935256576390 0.050308614267224702 45.000000000000000000
0.028057316728753116 0.050223814380625779 45.000000000000000000
0.028057718186146535 0.050139485780939817 45.000000000000000000
0.028058139378443762 0.050055624362871844 45.000000000000000000
0.028058580058261423 0.049972226075352462 45.000000000000000000
0.028059039981105670 0.049889286920577855 46.000000000000000000
0.028059518905332710 0.049806802953070557 46.000000000000000000
0.028060016592109941 0.049724770278759670 46.000000000000000000
0.028060532805377930 0.049643185054081378 46.000000000000000000
0.028061067311812855 0.049562043485097740 46.000000000000000000
0.028061619880789698 0.049481341826634766 46.000000000000000000
0.028062190284345909 0.049401076381437620 46.000000000000000000
0.028062778297145846 0.049321243499345205 47.000000000000000000
0.028063383696445673 0.049241839576479894 47.000000000000000000
0.028064006262058856 0.049162861054455866 47.000000000000000000
0.028064645776322221 0.049084304419603056 47.000000000000000000
0.028065302024062710 0.049006166202207345 47.000000000000000000
0.028065974792564379 0.048928442975766658 47.000000000000000000
0.028066663871536182 0.048851131356261852 47.000000000000000000
0.028067369053080250 0.048774228001443369 48.000000000000000000
0.028068090131660475 0.048697729610131725 48.000000000000000000
0.028068826904071927 0.048621632921532938 48.000000000000000000
0.028069579169410438 0.048545934714566981 48.000000000000000000
0.028070346729042846 0.048470631807211798 48.000000000000000000
0.028071129386577735 0.048395721055857141 48.000000000000000000
0.028071926947836452 0.048321199354675770 48.000000000000000000
0.028072739220824830 0.048247063635003480 48.000000000000000000
0.028073566015705122 0.048173310864734142 49.000000000000000000
0.028074407144768547 0.048099938047725319 49.000000000000000000
0.028075262422408140 0.048026942223216650 49.000000000000000000
0.028076131665092166 0.047954320465259034 49.000000000000000000
0.028077014691337675 0.047882069882155952 49.000000000000000000
0.028077911321684846 0.047810187615915281 49.000000000000000000
0.028078821378671386 0.047738670841711794 49.000000000000000000
0.028079744686807524 0.047667516767360918 50.000000000000000000
0.028080681072551270 0.047596722632801548 50.000000000000000000
0.028081630364284134 0.047526285709590589 50.000000000000000000
0.028082592392287161 0.047456203300405980 50.000000000000000000
0.028083566988717310 0.047386472738560149 50.000000000000000000
0.028084553987584304 0.047317091387522235 50.000000000000000000
0.028085553224727638 0.047248056640450127 50.000000000000000000
0.028086564537794102 0.047179365919731292 51.000000000000000000
0.028087587766215550 0.047111016676532183 51.000000000000000000
0.028088622751187026 0.047043006390356600 51.000000000000000000
0.028089669335645218 0.046975332568612360 51.000000000000000000
0.028090727364247170 0.046907992746186067 51.000000000000000000
0.028091796683349421 0.046840984485025716 51.000000000000000000
0.028092877140987339 0.046774305373731971 51.000000000000000000
0.028093968586854787 0.046707953027156808 51.000000000000000000
0.028095070872284154 0.046641925086008132 52.000000000000000000
0.028096183850226608 0.046576219216465181 52.000000000000000000
0.028097307375232583 0.046510833109797617 52.000000000000000000
0.028098441303432656 0.046445764481994022 52.000000000000000000
0.028099585492518727 0.046381011073395650 52.000000000000000000
0.028100739801725238 0.046316570648338475 52.000000000000000000
0.028101904091810903 0.046252440994800650 52.000000000000000000
0.028103078225040670 0.046188619924057178 53.000000000000000000
0.028104262065167779 0.046125105270340611 53.000000000000000000
0.028105455477416219 0.046061894890507403 53.000000000000000000
0.028106658328463367 0.045998986663711557 53.000000000000000000
0.028107870486422954 0.045936378491083195 53.000000000000000000
0.028109091820828127 0.045874068295413212 53.000000000000000000
0.028110322202614880 0.045812054020843825 53.000000000000000000
0.028111561504105643 0.045750333632564456 54.000000000000000000
0.028112809598993118 0.045688905116513058 54.000000000000000000
0.028114066362324400 0.045627766479082982 54.000000000000000000
0.028115331670485168 0.045566915746834497 54.000000000000000000
0.028116605401184235 0.045506350966212521 54.000000000000000000
0.028117887433438266 0.045446070203268213 54.000000000000000000
0.028119177647556639 0.045386071543386308 54.000000000000000000
0.028120475925126651 0.045326353091016243 55.000000000000000000
0.028121782148998825 0.045266912969409573 55.000000000000000000
0.028123096203272423 0.045207749320360126 55.000000000000000000
0.028124417973281111 0.045148860303950170 55.000000000000000000
0.028125747345579002 0.045090244098300383 55.000000000000000000
0.028127084207926645 0.045031898899323866 55.000000000000000000
0.028128428449277418 0.044973822920485247 55.000000000000000000
0.028129779959763894 0.044916014392562625 55.000000000000000000
0.028131138630684616 0.044858471563415353 56.000000000000000000
0.028132504354490790 0.044801192697754094 56.000000000000000000
0.028133877024773456 0.044744176076915873 56.000000000000000000
0.028135256536250521 0.044687419998642453 56.000000000000000000
0.028136642784754175 0.044630922776862599 56.000000000000000000
0.028138035667218432 0.044574682741478237 56.000000000000000000
0.028139435081666754 0.044518698238153978 56.000000000000000000
0.028140840927199932 0.044462967628109820 57.000000000000000000
0.028142253103984029 0.044407489287918531 57.000000000000000000
0.028143671513238613 0.044352261609304618 57.000000000000000000
0.028145096057225004 0.044297282998947959 57.000000000000000000
0.028146526639234788 0.044242551878291084 57.000000000000000000
0.028147963163578350 0.044188066683347779 57.000000000000000000
0.028149405535573720 0.044133825864516613 57.000000000000000000
0.028150853661535372 0.044079827886396881 58.000000000000000000
0.028152307448763382 0.044026071227607162 58.000000000000000000
0.028153766805532526 0.043972554380607633 58.000000000000000000
0.028155231641081618 0.043919275851524657 58.000000000000000000
0.028156701865602984 0.043866234159978375 58.000000000000000000
0.028158177390232055 0.043813427838913406 58.000000000000000000
0.028159658127037031 0.043760855434431943 58.000000000000000000
0.028161143989008861 0.043708515505629410 58.000000000000000000
0.028162634890051028 0.043656406624433146 59.000000000000000000
0.028164130744969880 0.043604527375443292 59.000000000000000000
0.028165631469464665 0.043552876355776343 59.000000000000000000
0.028167136980117958 0.043501452174911692 59.000000000000000000
0.028168647194386200 0.043450253454539324 60.000000000000000000
0.028170162030590151 0.043399278828411339 60.000000000000000000
0.028171681407905724 0.043348526942195084 60.000000000000000000
0.028173205246354693 0.043297996453328540 60.000000000000000000
0.028174733466795755 0.043247686030877940 60.000000000000000000
0.028176265990915432 0.043197594355398453 60.000000000000000000
0.028177802741219345 0.043147720118795474 60.000000000000000000
0.028179343641023452 0.043098062024189504 61.000000000000000000
0.028180888614445329 0.043048618785782554 61.000000000000000000
0.028182437586395777 0.042999389128726438 61.000000000000000000
0.028183990482570347 0.042950371788992969 61.000000000000000000
0.028185547229441013 0.042901565513247093 61.000000000000000000
0.028187107754247945 0.042852969058720776 61.000000000000000000
0.028188671984991413 0.042804581193089310 61.000000000000000000
0.028190239850423765 0.042756400694349425 61.000000000000000000
0.028191811280041522 0.042708426350700213 62.000000000000000000
0.028193386204077499 0.042660656960423621 62.000000000000000000
0.028194964553493136 0.042613091331768611 62.000000000000000000
0.028196546259970805 0.042565728282836925 62.000000000000000000
0.028198131255906242 0.042518566641469212 62.000000000000000000
0.028199719474401218 0.042471605245134783 62.000000000000000000
0.028201310849255951 0.042424842940821078 62.000000000000000000
0.028202905314962050 0.042378278584926057 63.000000000000000000
0.028204502806695071 0.042331911043151850 63.000000000000000000
0.028206103260307674 0.042285739190399740 63.000000000000000000
0.028207706612322386 0.042239761910667015 63.000000000000000000
0.028209312799924738 0.042193978096944668 63.000000000000000000
0.028210921760956385 0.042148386651117781 63.000000000000000000
0.028212533433908289 0.042102986483865866 63.000000000000000000
0.028214147757914081 0.042057776514566027 64.000000000000000000
0.028215764672743379 0.042012755671196673 64.000000000000000000
0.028217384118795246 0.041967922890242537 64.000000000000000000
0.028219006037091730 0.041923277116601966 64.000000000000000000
0.028220630369271419 0.041878817303494582 64.000000000000000000
0.028222257057583185 0.041834542412370342 64.000000000000000000
0.028223886044879867 0.041790451412820867 64.000000000000000000
0.028225517274612116 0.041746543282490306 65.000000000000000000
0.028227150690822274 0.041702817006989433 65.000000000000000000
0.028228786238138352 0.041659271579809393 65.000000000000000000
0.028230423861768036 0.041615906002237378 65.000000000000000000
0.028232063507492793 0.041572719283273211 65.000000000000000000
0.028233705121662029 0.041529710439547569 65.000000000000000000
0.028235348651187327 0.041486878495240735 66.000000000000000000
0.028236994043536700 0.041444222482002552 66.000000000000000000
0.028238641246729070 0.041401741438873998 66.000000000000000000
0.028240290209328535 0.041359434412209281 66.000000000000000000
0.028241940880438896 0.041317300455599476 66.000000000000000000
0.028243593209698364 0.041275338629796307 66.000000000000000000
0.028245247147273923 0.041233548002638586 66.000000000000000000
0.028246902643856164 0.041191927648978006 67.000000000000000000
0.028248559650653950 0.041150476650606206 67.000000000000000000
0.028250218119389270 0.041109194096184513 67.000000000000000000
0.028251878002291959 0.041068079081172063 67.000000000000000000
0.028253539252094759 0.041027130707756918 67.000000000000000000
0.028255201822028134 0.040986348084787072 67.000000000000000000
0.028256865665815402 0.040945730327702476 67.000000000000000000
0.028258530737667729 0.040905276558468574 68.000000000000000000
0.028260196992279281 0.040864985905509722 68.000000000000000000
0.028261864384822415 0.040824857503644736 68.000000000000000000
0.028263532870942916 0.040784890494021959 68.000000000000000000
0.028265202406755209 0.040745084024056237 68.000000000000000000
0.028266872948837805 0.040705437247366333 68.000000000000000000
0.028268544454228633 0.040665949323712702 68.000000000000000000
0.028270216880420446 0.040626619418936756 68.000000000000000000
0.028271890185356335 0.040587446704900984 69.000000000000000000
0.028273564327425376 0.040548430359428837 69.000000000000000000
0.028275239265457990 0.040509569566246947 69.000000000000000000
0.028276914958721748 0.040470863514926320 69.000000000000000000
0.028278591366917009 0.040432311400825850 69.000000000000000000
0.028280268450172633 0.040393912425035851 69.000000000000000000
0.028281946169041748 0.040355665794321795 69.000000000000000000
0.028283624484497623 0.040317570721069854 70.000000000000000000
0.028285303357929416 0.040279626423232295 70.000000000000000000
0.028286982751138286 0.040241832124274270 70.000000000000000000
0.028288662626333047 0.040204187053120399 70.000000000000000000
0.028290342946126472 0.040166690444102704 70.000000000000000000
0.028292023673531119 0.040129341536909023 70.000000000000000000
0.028293704771955530 0.040092139576532175 70.000000000000000000
0.028295386205200251 0.040055083813218935 71.000000000000000000
0.028297067937454116 0.040018173502421220 71.000000000000000000
0.028298749933290339 0.039981407904746608 71.000000000000000000
0.028300432157662841 0.039944786285909473 71.000000000000000000
0.028302114575902433 0.039908307916683892 71.000000000000000000
0.028303797153713312 0.039871972072855290 71.000000000000000000
0.028305479857169233 0.039835778035174796 71.000000000000000000
0.028307162652710029 0.039799725089311955 72.000000000000000000
0.028308845507138025 0.039763812525810516 72.000000000000000000
0.028310528387614439 0.039728039640041707 72.000000000000000000
0.028312211261656041 0.039692405732161470 72.000000000000000000
0.028313894097131573 0.039656910107064729 72.000000000000000000
0.028315576862258399 0.039621552074343459 72.000000000000000000
0.028317259525599110 0.039586330948242987 72.000000000000000000
0.028318942056058140 0.039551246047619719 72.000000000000000000
0.028320624422878540 0.039516296695899171 73.000000000000000000
0.028322306595638676 0.039481482221034647 73.000000000000000000
0.028323988544248897 0.039446801955466432 73.000000000000000000
0.028325670238948494 0.039412255236080773 73.000000000000000000
0.028327351650302326 0.039377841404171131 73.000000000000000000
0.028329032749197913 0.039343559805397312 74.000000000000000000
0.028330713506842090 0.039309409789747340 74.000000000000000000
0.028332393894758112 0.039275390711498596 74.000000000000000000
0.028334073884782512 0.039241501929179669 74.000000000000000000
0.028335753449062109 0.039207742805532728 74.000000000000000000
0.028337432560051053 0.039174112707475915 74.000000000000000000
0.028339111190507846 0.039140611006067576 74.000000000000000000
0.028340789313492383 0.039107237076468480 74.000000000000000000
0.028342466902363153 0.039073990297906910 75.000000000000000000
0.028344143930774283 0.039040870053642485 75.000000000000000000
0.028345820372672827 0.039007875730931528 75.000000000000000000
0.028347496202295742 0.038975006720991676 75.000000000000000000
0.028349171394167372 0.038942262418968164 75.000000000000000000
0.028350845923096508 0.038909642223899227 75.000000000000000000
0.028352519764173755 0.038877145538683162 75.000000000000000000
0.028354192892768859 0.038844771770044341 76.000000000000000000
0.028355865284527965 0.038812520328501306 76.000000000000000000
0.028357536915370990 0.038780390628333446 76.000000000000000000
0.028359207761489098 0.038748382087549327 76.000000000000000000
0.028360877799342016 0.038716494127854856 76.000000000000000000
0.028362547005655520 0.038684726174621681 76.000000000000000000
0.028364215357418926 0.038653077656856702 76.000000000000000000
0.028365882831882464 0.038621548007170582 77.000000000000000000
0.028367549406555004 0.038590136661747973 77.000000000000000000
0.028369215059201341 0.038558843060317337 77.000000000000000000
0.028370879767839988 0.038527666646121284 77.000000000000000000
0.028372543510740623 0.038496606865886435 77.000000000000000000
0.028374206266421752 0.038465663169795543 77.000000000000000000
0.028375868013648376 0.038434835011457953 77.000000000000000000
0.028377528731429603 0.038404121847881896 78.000000000000000000
0.028379188399016361 0.038373523139445122 78.000000000000000000
0.028380846995899038 0.038343038349868332 78.000000000000000000
0.028382504501805343 0.038312666946186812 78.000000000000000000
0.028384160896697982 0.038282408398723489 78.000000000000000000
0.028385816160772369 0.038252262181062327 78.000000000000000000
0.028387470274454554 0.038222227770020885 78.000000000000000000
0.028389123218398989 0.038192304645624786 79.000000000000000000
0.028390774973486271 0.038162492291081124 79.000000000000000000
0.028392425520821166 0.038132790192752605 79.000000000000000000
0.028394074841730406 0.038103197840132122 79.000000000000000000
0.028395722917760553 0.038073714725817623 79.000000000000000000
0.028397369730676018 0.038044340345487100 79.000000000000000000
0.028399015262456948 0.038015074197873304 79.000000000000000000
0.028400659495297159 0.037985915784739935 80.000000000000000000
0.028402302411602215 0.037956864610857087 80.000000000000000000
0.028403943993987359 0.037927920183977247 80.000000000000000000
0.028405584225275497 0.037899082014811319 80.000000000000000000
0.028407223088495394 0.037870349617006020 80.000000000000000000
0.028408860566879558 0.037841722507119459 80.000000000000000000
0.028410496643862401 0.037813200204598947 80.000000000000000000
0.028412131303078431 0.037784782231757796 81.000000000000000000
0.028413764528360107 0.037756468113752904 81.000000000000000000
0.028415396303736316 0.037728257378562627 81.000000000000000000
0.028417026613430232 0.037700149556964171 81.000000000000000000
0.028418655441857649 0.037672144182512399 81.000000000000000000
0.028420282773625124 0.037644240791517680 81.000000000000000000
0.028421908593528201 0.037616438923024846 82.000000000000000000
0.028423532886549578 0.037588738118791439 82.000000000000000000
0.028425155637857441 0.037561137923267165 82.000000000000000000
0.028426776832803619 0.037533637883573071 82.000000000000000000
0.028428396456921960 0.037506237549481000 82.000000000000000000
0.028430014495926532 0.037478936473392628 82.000000000000000000
0.028431630935709981 0.037451734210320067 82.000000000000000000
0.028433245762341873 0.037424630317865741 83.000000000000000000
0.028434858962066947 0.037397624356201961 83.000000000000000000
0.028436470521303540 0.037370715888052145 83.000000000000000000
0.028438080426641990 0.037343904478671273 83.000000000000000000
0.028439688664842915 0.037317189695826029 83.000000000000000000
0.028441295222835720 0.037290571109776745 83.000000000000000000
0.028442900087716966 0.037264048293257891 83.000000000000000000
0.028444503246748794 0.037237620821459587 84.000000000000000000
0.028446104687357372 0.037211288272009493 84.000000000000000000
0.028447704397131388 0.037185050224953907 84.000000000000000000
0.028449302363820504 0.037158906262740300 84.000000000000000000
0.028450898575333845 0.037132855970198962 84.000000000000000000
0.028452493019738512 0.037106898934525297 84.000000000000000000
0.028454085685258118 0.037081034745262302 84.000000000000000000
0.028455676560271270 0.037055262994283307 84.000000000000000000
0.028457265633310122 0.037029583275774387 85.000000000000000000
0.028458852893059043 0.037003995186217657 85.000000000000000000
0.028460438328353037 0.036978498324373679 85.000000000000000000
0.028462021928176449 0.036953092291265976 85.000000000000000000
0.028463603681661457 0.036927776690162790 85.000000000000000000
0.028465183578086847 0.036902551126561788 85.000000000000000000
0.028466761606876417 0.036877415208173517 85.000000000000000000
0.028468337757597842 0.036852368544905027 86.000000000000000000
0.028469912019961196 0.036827410748844089 86.000000000000000000
0.028471484383817608 0.036802541434243087 86.000000000000000000
0.028473054839158025 0.036777760217503938 86.000000000000000000
0.028474623376111848 0.036753066717161754 86.000000000000000000
0.028476189984945617 0.036728460553869684 86.000000000000000000
0.028477754656061775 0.036703941350384378 86.000000000000000000
0.028479317379997340 0.036679508731549994 87.000000000000000000
0.028480878147422714 0.036655162324283105 87.000000000000000000
0.028482436949140353 0.036630901757558801 87.000000000000000000
0.028483993776083578 0.036606726662395082 87.000000000000000000
0.028485548619315335 0.036582636671838878 87.000000000000000000
0.028487101470027008 0.036558631420950859 87.000000000000000000
0.028488652319537150 0.036534710546792415 87.000000000000000000
0.028490201159290358 0.036510873688410120 88.000000000000000000
0.028491747980855991 0.036487120486822268 88.000000000000000000
0.028493292775927187 0.036463450585005205 88.000000000000000000
0.028494835536319485 0.036439863627879272 88.000000000000000000
0.028496376253969821 0.036416359262294765 88.000000000000000000
0.028497914920935292 0.036392937137019132 88.000000000000000000
0.028499451529392174 0.036369596902722921 88.000000000000000000
0.028500986071634603 0.036346338211966936 88.000000000000000000
0.028502518540073615 0.036323160719188556 89.000000000000000000
0.028504048927236014 0.036300064080689212 89.000000000000000000
0.028505577225763291 0.036277047954621104 89.000000000000000000
0.028507103428410473 0.036254112000974212 89.000000000000000000
0.028508627528045137 0.036231255881563847 89.000000000000000000
0.028510149517646383 0.036208479260018196 90.000000000000000000
0.028511669390303640 0.036185781801765349 90.000000000000000000
0.028513187139215797 0.036163163174021233 90.000000000000000000
0.028514702757690025 0.036140623045777212 90.000000000000000000
0.028516216239140912 0.036118161087787815 90.000000000000000000
0.028517727577089265 0.036095776972559251 90.000000000000000000
0.028519236765161309 0.036073470374336378 90.000000000000000000
0.028520743797087543 0.036051240969091861 90.000000000000000000
0.028522248666701795 0.036029088434513808 91.000000000000000000
0.028523751367940359 0.036007012449994484 91.000000000000000000
0.028525251894840838 0.035985012696618308 91.000000000000000000
0.028526750241541308 0.035963088857150910 91.000000000000000000
0.028528246402279349 0.035941240616027340 91.000000000000000000
0.028529740371391166 0.035919467659341273 91.000000000000000000
0.028531232143310513 0.035897769674833400 91.000000000000000000
0.028532721712567898 0.035876146351880495 92.000000000000000000
0.028534209073789604 0.035854597381484617 92.000000000000000000
0.028535694221696845 0.035833122456261850 92.000000000000000000
0.028537177151104792 0.035811721270432084 92.000000000000000000
0.028538657856921758 0.035790393519807819 92.000000000000000000
0.028540136334148227 0.035769138901783723 92.000000000000000000
0.028541612577876074 0.035747957115326245 92.000000000000000000
0.028543086583287681 0.035726847860962987 93.000000000000000000
0.028544558345655002 0.035705810840772435 93.000000000000000000
0.028546027860338823 0.035684845758373669 93.000000000000000000
0.028547495122787842 0.035663952318916545 93.000000000000000000
0.028548960128537845 0.035643130229071049 93.000000000000000000
0.028550422873210975 0.035622379197017502 93.000000000000000000
0.028551883352514705 0.035601698932437122 93.000000000000000000
0.028553341562241270 0.035581089146501203 94.000000000000000000
0.028554797498266643 0.035560549551862462 94.000000000000000000
0.028556251156549951 0.035540079862644527 94.000000000000000000
0.028557702533132501 0.035519679794432955 94.000000000000000000
0.028559151624137059 0.035499349064265134 94.000000000000000000
0.028560598425767171 0.035479087390621292 94.000000000000000000
0.028562042934306194 0.035458894493415022 94.000000000000000000
0.028563485146116702 0.035438770093983940 95.000000000000000000
0.028564925057639697 0.035418713915080696 95.000000000000000000
0.028566362665393832 0.035398725680863379 95.000000000000000000
0.028567797965974633 0.035378805116887159 95.000000000000000000
0.028569230956053827 0.035358951950094475 95.000000000000000000
0.028570661632378615 0.035339165908806709 95.000000000000000000
0.028572089991770896 0.035319446722715413 95.000000000000000000
0.028573516031126615 0.035299794122873131 95.000000000000000000
0.028574939747415019 0.035280207841685028 96.000000000000000000
0.028576361137677912 0.035260687612899876 96.000000000000000000
0.028577780199029033 0.035241233171602021 96.000000000000000000
0.028579196928653336 0.035221844254202848 96.000000000000000000
0.028580611323806307 0.035202520598431757 96.000000000000000000
0.028582023381813239 0.035183261943328416 96.000000000000000000
0.028583433100068702 0.035164068029234399 96.000000000000000000
0.028584840476035656 0.035144938597784635 97.000000000000000000
0.028586245507244978 0.035125873391899411 97.000000000000000000
0.028587648191294779 0.035106872155776750 97.000000000000000000
0.028589048525849627 0.035087934634883709 97.000000000000000000
0.028590446508640059 0.035069060575948628 97.000000000000000000
0.028591842137461843 0.035050249726953302 98.000000000000000000
0.028593235410175433 0.035031501837125445 98.000000000000000000
0.028594626324705247 0.035012816656930359 98.000000000000000000
0.028596014879039088 0.034994193938063398 98.000000000000000000
0.028597401071227543 0.034975633433442552 98.000000000000000000
0.028598784899383417 0.034957134897200683 98.000000000000000000
0.028600166361680987 0.034938698084677901 98.000000000000000000
0.028601545456355557 0.034920322752414384 98.000000000000000000
0.028602922181702777 0.034902008658142435 99.000000000000000000
0.028604296536078062 0.034883755560779946 99.000000000000000000
0.028605668517896046 0.034865563220422016 99.000000000000000000
0.028607038125630001 0.034847431398334835 99.000000000000000000
0.028608405357811149 0.034829359856947413 99.000000000000000000
0.028609770213028324 0.034811348359845458 99.000000000000000000
0.028611132689927189 0.034793396671763351 99.000000000000000000
0.028612492787209787 0.034775504558578127 100.000000000000000000
0.028613850503633971 0.034757671787301547 100.000000000000000000
0.028615205838012827 0.034739898126073809 100.000000000000000000
0.028616558789214201 0.034722183344156339 100.000000000000000000
0.028617909356160060 0.034704527211925074 100.000000000000000000
0.028619257537826057 0.034686929500863668 100.000000000000000000
0.028620603333240947 0.034669389983557349 101.000000000000000000
0.028621946741486028 0.034651908433685007 101.000000000000000000
0.028623287761694753 0.034634484626013796 101.000000000000000000
0.028624626393052060 0.034617118336391924 101.000000000000000000
0.028625962634793944 0.034599809341742484 101.000000000000000000
0.028627296486206953 0.034582557420056434 101.000000000000000000
0.028628627946627641 0.034565362350387166 101.000000000000000000
0.028629957015442135 0.034548223912843110 102.000000000000000000
0.028631283692085605 0.034531141888581973 102.000000000000000000
0.028632607976041752 0.034514116059804388 102.000000000000000000
0.028633929866842357 0.034497146209747684 102.000000000000000000
0.028635249364066799 0.034480232122679470 102.000000000000000000
0.028636566467341577 0.034463373583892037 102.000000000000000000
0.028637881176339818 0.034446570379695673 102.000000000000000000
0.028639193490780847 0.034429822297412926 103.000000000000000000
0.028640503410429698 0.034413129125372734 103.000000000000000000
0.028641810935096636 0.034396490652904212 103.000000000000000000
0.028643116064636785 0.034379906670330751 103.000000000000000000
0.028644418798949516 0.034363376968964458 103.000000000000000000
0.028645719137978226 0.034346901341099953 103.000000000000000000
0.028647017081709643 0.034330479580008587 103.000000000000000000
0.028648312630173589 0.034314111479933421 104.000000000000000000
0.028649605783442458 0.034297796836082618 104.000000000000000000
0.028650896541630791 0.034281535444624200 104.000000000000000000
0.028652184904894833 0.034265327102679932 104.000000000000000000
0.028653470873432146 0.034249171608321034 104.000000000000000000
0.028654754447481140 0.034233068760561369 104.000000000000000000
0.028656035627320720 0.034217018359352480 104.000000000000000000
0.028657314413269807 0.034201020205578053 105.000000000000000000
0.028658590805686966 0.034185074101048610 105.000000000000000000
0.028659864804970035 0.034169179848495573 105.000000000000000000
0.028661136411555564 0.034153337251567203 105.000000000000000000
0.028662405625918666 0.034137546114821560 105.000000000000000000
0.028663672448572403 0.034121806243723060 105.000000000000000000
0.028664936880067507 0.034106117444635778 106.000000000000000000
0.028666198920991932 0.034090479524819153 106.000000000000000000
0.028667458571970512 0.034074892292422394 106.000000000000000000
0.028668715833664590 0.034059355556479522 106.000000000000000000
0.028669970706771582 0.034043869126904387 106.000000000000000000
0.028671223192024642 0.034028432814485442 106.000000000000000000
0.028672473290192277 0.034013046430880961 106.000000000000000000
0.028673721002077993 0.033997709788613752 107.000000000000000000
0.028674966328519909 0.033982422701066550 107.000000000000000000
0.028676209270390392 0.033967184982477076 107.000000000000000000
0.028677449828595724 0.033951996447932911 107.000000000000000000
0.028678688004075727 0.033936856913366974 107.000000000000000000
0.028679923797803424 0.033921766195552552 107.000000000000000000
0.028681157210784649 0.033906724112098441 107.000000000000000000
0.028682388244057777 0.033891730481444587 107.000000000000000000
0.028683616898693268 0.033876785122856995 108.000000000000000000
0.028684843175793461 0.033861887856423460 108.000000000000000000
0.028686067076492093 0.033847038503048460 108.000000000000000000
0.028687288601954103 0.033832236884449113 108.000000000000000000
0.028688507753375184 0.033817482823149926 108.000000000000000000
0.028689724531981514 0.033802776142478924 108.000000000000000000
0.028690938939029461 0.033788116666562812 108.000000000000000000
0.028692150975805124 0.033773504220322582 109.000000000000000000
0.028693360643624204 0.033758938629469062 109.000000000000000000
0.028694567943831524 0.033744419720498471 109.000000000000000000
0.028695772877800799 0.033729947320688000 109.000000000000000000
0.028696975446934298 0.033715521258091678 109.000000000000000000
0.028698175652662514 0.033701141361535722 109.000000000000000000
0.028699373496443928 0.033686807460614775 109.000000000000000000
0.028700568979764599 0.033672519385686793 110.000000000000000000
0.028701762104137975 0.033658276967869750 110.000000000000000000
0.028702952871104491 0.033644080039036892 110.000000000000000000
0.028704141282231373 0.033629928431812506 110.000000000000000000
0.028705327339112199 0.033615821979568222 110.000000000000000000
0.028706511043366800 0.033601760516418513 110.000000000000000000
0.028707692396640817 0.033587743877216691 110.000000000000000000
0.028708871400605469 0.033573771897550751 111.000000000000000000
0.028710048056957288 0.033559844413739701 111.000000000000000000
0.028711222367417816 0.033545961262829070 111.000000000000000000
0.028712394333733279 0.033532122282587132 111.000000000000000000
0.028713563957674413 0.033518327311501547 111.000000000000000000
0.028714731241036139 0.033504576188774143 111.000000000000000000
0.028715896185637253 0.033490868754318233 111.000000000000000000
0.028717058793320212 0.033477204848753994 111.000000000000000000
0.028718219065950824 0.033463584313405050 112.000000000000000000
0.028719377005418021 0.033450006990294351 112.000000000000000000
0.028720532613633602 0.033436472722140342 112.000000000000000000
0.028721685892531913 0.033422981352353796 112.000000000000000000
0.028722836844069642 0.033409532725033185 112.000000000000000000
0.028723985470225553 0.033396126684961946 112.000000000000000000
0.028725131773000241 0.033382763077603621 112.000000000000000000
0.028726275754415834 0.033369441749099109 113.000000000000000000
0.028727417416515785 0.033356162546262696 113.000000000000000000
0.028728556761364682 0.033342925316578287 113.000000000000000000
0.028729693791047853 0.033329729908196229 113.000000000000000000
0.028730828507671238 0.033316576169929162 113.000000000000000000
0.028731960913361134 0.033303463951248974 114.000000000000000000
0.028733091010263945 0.033290393102282989 114.000000000000000000
0.028734218800545927 0.033277363473810467 114.000000000000000000
0.028735344286392957 0.033264374917259532 114.000000000000000000
0.028736467470010345 0.033251427284702810 114.000000000000000000
0.028737588353622581 0.033238520428855008 114.000000000000000000
0.028738706939473044 0.033225654203068881 114.000000000000000000
0.028739823229823866 0.033212828461331785 115.000000000000000000
0.028740937226955691 0.033200043058263032 115.000000000000000000
0.028742048933167376 0.033187297849109454 115.000000000000000000
0.028743158350775903 0.033174592689742918 115.000000000000000000
0.028744265482115991 0.033161927436656934 115.000000000000000000
0.028745370329540047 0.033149301946962730 115.000000000000000000
0.028746472895417860 0.033136716078386863 115.000000000000000000
0.028747573182136416 0.033124169689267277 115.000000000000000000
0.028748671192099635 0.033111662638550421 116.000000000000000000
0.028749766927728244 0.033099194785788197 116.000000000000000000
0.028750860391459507 0.033086765991134186 116.000000000000000000
0.028751951585747063 0.033074376115341246 116.000000000000000000
0.028753040513060671 0.033062025019757683 116.000000000000000000
0.028754127175886060 0.033049712566324413 116.000000000000000000
0.028755211576724733 0.033037438617572377 116.000000000000000000
0.028756293718093656 0.033025203036618406 117.000000000000000000
0.028757373602525255 0.033013005687163165 117.000000000000000000
0.028758451232567022 0.033000846433487351 117.000000000000000000
0.028759526610781495 0.032988725140449177 117.000000000000000000
0.028760599739745905 0.032976641673480925 117.000000000000000000
0.028761670622052121 0.032964595898586795 117.000000000000000000
0.028762739260306376 0.032952587682338733 117.000000000000000000
0.028763805657129146 0.032940616891874420 118.000000000000000000
0.028764869815154893 0.032928683394894125 118.000000000000000000
0.028765931737031930 0.032916787059657483 118.000000000000000000
0.028766991425422238 0.032904927754981043 118.000000000000000000
0.028768048883001253 0.032893105350235187 118.000000000000000000
0.028769104112457748 0.032881319715341091 118.000000000000000000
0.028770157116493576 0.032869570720768196 118.000000000000000000
0.028771207897823566 0.032857858237531165 119.000000000000000000
0.028772256459175305 0.032846182137187381 119.000000000000000000
0.028773302803288978 0.032834542291833996 119.000000000000000000
0.028774346932917191 0.032822938574104898 119.000000000000000000
0.028775388850824837 0.032811370857168419 119.000000000000000000
0.028776428559788889 0.032799839014724101 119.000000000000000000
0.028777466062598227 0.032788342921000573 119.000000000000000000
0.028778501362053503 0.032776882450752408 119.000000000000000000
0.028779534460966982 0.032765457479257611 120.000000000000000000
0.028780565362162346 0.032754067882314788 120.000000000000000000
0.028781594068474546 0.032742713536240954 120.000000000000000000
0.028782620582749635 0.032731394317868312 120.000000000000000000
0.028783644907844678 0.032720110104541823 120.000000000000000000
0.028784667046627480 0.032708860774117006 120.000000000000000000
0.028785687001976493 0.032697646204956708 120.000000000000000000
0.028786704776780737 0.032686466275929027 121.000000000000000000
0.028787720373939459 0.032675320866404678 121.000000000000000000
0.028788733796362171 0.032664209856254255 121.000000000000000000
0.028789745046968400 0.032653133125846043 121.000000000000000000
0.028790754128687555 0.032642090556042780 121.000000000000000000
0.028791761044458800 0.032631082028200288 122.000000000000000000
0.028792765797230859 0.032620107424163998 122.000000000000000000
0.028793768389961977 0.032609166626267075 122.000000000000000000
0.028794768825619654 0.032598259517327831 122.000000000000000000
0.028795767107180556 0.032587385980647011 122.000000000000000000
0.028796763237630411 0.032576545900005797 122.000000000000000000
0.028797757219963797 0.032565739159663327 122.000000000000000000
0.028798749057184051 0.032554965644354061 122.000000000000000000
0.028799738752303117 0.032544225239285469 123.000000000000000000
0.028800726308341434 0.032533517830136069 123.000000000000000000
0.028801711728327767 0.032522843303052516 123.000000000000000000
0.028802695015299085 0.032512201544647477 123.000000000000000000
0.028803676172300445 0.032501592441997698 123.000000000000000000
0.028804655202384823 0.032491015882641187 123.000000000000000000
0.028805632108613043 0.032480471754575038 123.000000000000000000
0.028806606894053580 0.032469959946253346 124.000000000000000000
0.028807579561782481 0.032459480346584843 124.000000000000000000
0.028808550114883223 0.032449032844930670 124.000000000000000000
0.028809518556446617 0.032438617331102093 124.000000000000000000
0.028810484889570605 0.032428233695358299 124.000000000000000000
0.028811449117360218 0.032417881828404244 124.000000000000000000
0.028812411242927414 0.032407561621388331 124.000000000000000000
0.028813371269390965 0.032397272965900371 125.000000000000000000
0.028814329199876372 0.032387015753969406 125.000000000000000000
0.028815285037515629 0.032376789878061557 125.000000000000000000
0.028816238785447298 0.032366595231077690 125.000000000000000000
0.028817190446816205 0.032356431706351510 125.000000000000000000
0.028818140024773418 0.032346299197647366 125.000000000000000000
0.028819087522476122 0.032336197599158047 125.000000000000000000
0.028820032943087569 0.032326126805503022 126.000000000000000000
0.028820976289776725 0.032316086711726151 126.000000000000000000
0.028821917565718533 0.032306077213293219 126.000000000000000000
0.028822856774093436 0.032296098206090723 126.000000000000000000
0.028823793918087565 0.032286149586423056 126.000000000000000000
