Residual Convergence speed Computational time
0.12499903 0.01356877 6.00000000
0.12499780 0.01216838 13.00000000
0.12499534 0.01002534 19.00000000
0.12499150 0.00894314 25.00000000
0.12498591 0.01141139 31.00000000
0.12497793 0.01721180 37.00000000
0.12496647 0.02497527 38.00000000
0.12494987 0.03408802 38.00000000
0.12492563 0.04438421 38.00000000
0.12489009 0.05591456 38.00000000
0.12483784 0.06887765 38.00000000
0.12476098 0.08360164 38.00000000
0.12464799 0.10054094 38.00000000
0.12448202 0.12027688 38.00000000
0.12423850 0.14351796 38.00000000
0.12388178 0.17109551 39.00000000
0.12336038 0.20394760 39.00000000
0.12260063 0.24307783 39.00000000
0.12149860 0.28946303 39.00000000
0.11991083 0.34386119 39.00000000
0.11764573 0.40642985 39.00000000
0.11446089 0.47600140 39.00000000
0.11007625 0.54880127 39.00000000
0.10421931 0.61651038 39.00000000
0.09671924 0.66449575 39.00000000
0.08764690 0.67417236 40.00000000
0.07744276 0.63903606 40.00000000
0.06691081 0.59793932 40.00000000
0.05698934 0.62241428 40.00000000
0.04841432 0.69316347 40.00000000
0.04154773 0.71645102 40.00000000
0.03643436 0.65864127 40.00000000
0.03289420 0.55635803 40.00000000
0.03058274 0.46056261 40.00000000
0.02908997 0.39886506 40.00000000
0.02804812 0.37333453 41.00000000
0.02718245 0.37244028 41.00000000
0.02631691 0.37788363 41.00000000
0.02538320 0.36170229 41.00000000
0.02445361 0.28207329 41.00000000
0.02373078 0.10698981 41.00000000
0.02335994 0.16878117 41.00000000
0.02317224 0.38332292 41.00000000
0.02281272 0.44743620 41.00000000
0.02219679 0.34049423 42.00000000
0.02160070 0.13612400 42.00000000
0.02127572 0.08235078 42.00000000
0.02118310 0.22767945 42.00000000
0.02112395 0.29608592 42.00000000
0.02095951 0.28430582 42.00000000
0.02069627 0.19388581 42.00000000
0.02045175 0.04097998 42.00000000
0.02033666 0.15316419 42.00000000
0.02032710 0.30182630 42.00000000
0.02028477 0.35855201 43.00000000
0.02012732 0.30569793 43.00000000
0.01991728 0.17139462 43.00000000
0.01976080 0.02440390 46.00000000
0.01968043 0.13194812 46.00000000
0.01961790 0.21112538 47.00000000
0.01951990 0.22310367 47.00000000
0.01939310 0.17278058 47.00000000
0.01928766 0.08129474 47.00000000
0.01923788 0.03757464 47.00000000
0.01922298 0.10383509 47.00000000
0.01919417 0.12101271 47.00000000
0.01913338 0.08025978 47.00000000
0.01906710 0.02797250 47.00000000
0.01902471 0.10285218 47.00000000
0.01900295 0.17072945 48.00000000
0.01897631 0.19817661 48.00000000
0.01892925 0.17974503 48.00000000
0.01887068 0.12366635 48.00000000
0.01882035 0.05043005 48.00000000
0.01878615 0.03601805 48.00000000
0.01875767 0.07819362 48.00000000
0.01872152 0.08768417 48.00000000
0.01867760 0.06379674 48.00000000
0.01863706 0.02508899 49.00000000
0.01860756 0.03836041 49.00000000
0.01858560 0.06844484 49.00000000
0.01856265 0.07652170 49.00000000
0.01853522 0.06017170 49.00000000
0.01850720 0.02830115 49.00000000
0.01848381 0.02796715 49.00000000
0.01846509 0.05987252 49.00000000
0.01844634 0.07777418 49.00000000
0.01842405 0.07511653 50.00000000
0.01839956 0.05539957 50.00000000
0.01837659 0.02907573 50.00000000
0.01835657 0.01710410 50.00000000
0.01833764 0.02567403 50.00000000
0.01831747 0.02665860 50.00000000
0.01829602 0.01845972 50.00000000
0.01827523 0.02042669 50.00000000
0.01825656 0.03748276 50.00000000
0.01823946 0.05093173 50.00000000
0.01822235 0.05350813 51.00000000
0.01820457 0.04439014 51.00000000
0.01818692 0.02798758 51.00000000
0.01817045 0.01657826 51.00000000
0.01815518 0.02381948 51.00000000
0.01814025 0.03200048 52.00000000
0.01812497 0.03260572 52.00000000
0.01810955 0.02649112 52.00000000
0.01809461 0.01883394 52.00000000
0.01808041 0.01689833 52.00000000
0.01806660 0.01940757 52.00000000
0.01805270 0.01974374 52.00000000
0.01803868 0.01727819 52.00000000
0.01802490 0.01665843 52.00000000
0.01801164 0.02073297 53.00000000
0.01799882 0.02521544 53.00000000
0.01798614 0.02633147 53.00000000
0.01797349 0.02342049 53.00000000
0.01796099 0.01847164 53.00000000
0.01794885 0.01545577 53.00000000
0.01793707 0.01636991 53.00000000
0.01792549 0.01797225 53.00000000
0.01791397 0.01764870 53.00000000
0.01790255 0.01584396 53.00000000
0.01789133 0.01490806 54.00000000
0.01788038 0.01612431 54.00000000
0.01786961 0.01782313 54.00000000
0.01785894 0.01816959 54.00000000
0.01784836 0.01693124 54.00000000
0.01783792 0.01523507 54.00000000
0.01782767 0.01446192 54.00000000
0.01781760 0.01470041 54.00000000
0.01780766 0.01491926 54.00000000
0.01779780 0.01458060 55.00000000
0.01778807 0.01414217 55.00000000
0.01777849 0.01429440 55.00000000
0.01776907 0.01494321 55.00000000
0.01775978 0.01535230 55.00000000
0.01775059 0.01506309 55.00000000
0.01774150 0.01429703 55.00000000
0.01773254 0.01367819 55.00000000
0.01772370 0.01356758 55.00000000
0.01771498 0.01371124 56.00000000
0.01770636 0.01368619 56.00000000
0.01769783 0.01343039 56.00000000
0.01768940 0.01323718 56.00000000
0.01768107 0.01334311 56.00000000
0.01767285 0.01361910 56.00000000
0.01766472 0.01374605 56.00000000
0.01765668 0.01357120 56.00000000
0.01764873 0.01321877 56.00000000
0.01764087 0.01292276 57.00000000
0.01763310 0.01278807 57.00000000
0.01762542 0.01273685 57.00000000
0.01761782 0.01266694 57.00000000
0.01761030 0.01258340 57.00000000
0.01760287 0.01255540 57.00000000
0.01759552 0.01259214 57.00000000
0.01758824 0.01261129 57.00000000
0.01758105 0.01253210 57.00000000
0.01757392 0.01236552 57.00000000
0.01756687 0.01219972 58.00000000
0.01755990 0.01210577 58.00000000
0.01755300 0.01207185 58.00000000
0.01754617 0.01203555 58.00000000
0.01753940 0.01196200 58.00000000
0.01753270 0.01187354 58.00000000
0.01752607 0.01181050 58.00000000
0.01751951 0.01178002 58.00000000
0.01751301 0.01175218 58.00000000
0.01750658 0.01169880 58.00000000
0.01750020 0.01162289 59.00000000
0.01749389 0.01154862 59.00000000
0.01748764 0.01149115 59.00000000
0.01748145 0.01144372 59.00000000
0.01747532 0.01139246 60.00000000
0.01746925 0.01133577 60.00000000
0.01746323 0.01128407 60.00000000
0.01745727 0.01124390 61.00000000
0.01745136 0.01120796 61.00000000
0.01744551 0.01116283 61.00000000
0.01743972 0.01110359 61.00000000
0.01743397 0.01103802 61.00000000
0.01742828 0.01097731 61.00000000
0.01742264 0.01092520 62.00000000
0.01741706 0.01087730 62.00000000
0.01741152 0.01082885 62.00000000
0.01740603 0.01078045 63.00000000
0.01740059 0.01073572 63.00000000
0.01739520 0.01069532 63.00000000
0.01738985 0.01065515 63.00000000
0.01738456 0.01061057 63.00000000
0.01737930 0.01056102 63.00000000
0.01737410 0.01051001 63.00000000
0.01736894 0.01046121 63.00000000
0.01736382 0.01041533 63.00000000
0.01735875 0.01037087 64.00000000
0.01735372 0.01032670 64.00000000
0.01734874 0.01028319 64.00000000
0.01734379 0.01024105 64.00000000
0.01733889 0.01019973 64.00000000
0.01733403 0.01015779 64.00000000
0.01732921 0.01011445 64.00000000
0.01732443 0.01007043 64.00000000
0.01731969 0.01002719 64.00000000
0.01731499 0.00998548 65.00000000
0.01731033 0.00994489 65.00000000
0.01730570 0.00990469 65.00000000
0.01730112 0.00986470 65.00000000
0.01729657 0.00982535 65.00000000
0.01729206 0.00978692 65.00000000
0.01728758 0.00974906 65.00000000
0.01728314 0.00971112 65.00000000
0.01727874 0.00967277 65.00000000
0.01727437 0.00963426 65.00000000
0.01727004 0.00959602 66.00000000
0.01726574 0.00955831 66.00000000
0.01726147 0.00952104 66.00000000
0.01725724 0.00948410 66.00000000
0.01725304 0.00944753 66.00000000
0.01724888 0.00941140 66.00000000
0.01724474 0.00937561 66.00000000
0.01724064 0.00933994 66.00000000
0.01723657 0.00930420 66.00000000
0.01723254 0.00926842 66.00000000
0.01722853 0.00923281 67.00000000
0.01722455 0.00919757 67.00000000
0.01722061 0.00916277 67.00000000
0.01721669 0.00912839 67.00000000
0.01721280 0.00909438 68.00000000
0.01720895 0.00906074 68.00000000
0.01720512 0.00902743 68.00000000
0.01720132 0.00899437 68.00000000
0.01719755 0.00896144 68.00000000
0.01719381 0.00892856 68.00000000
0.01719009 0.00889578 68.00000000
0.01718641 0.00886317 68.00000000
0.01718275 0.00883083 68.00000000
0.01717911 0.00879878 69.00000000
0.01717551 0.00876701 69.00000000
0.01717193 0.00873551 69.00000000
0.01716837 0.00870427 69.00000000
0.01716484 0.00867327 69.00000000
0.01716134 0.00864248 69.00000000
0.01715786 0.00861186 69.00000000
0.01715441 0.00858143 69.00000000
0.01715098 0.00855120 69.00000000
0.01714758 0.00852122 69.00000000
0.01714420 0.00849150 70.00000000
0.01714084 0.00846205 70.00000000
0.01713751 0.00843286 70.00000000
0.01713420 0.00840392 70.00000000
0.01713092 0.00837522 70.00000000
0.01712765 0.00834674 70.00000000
0.01712441 0.00831845 70.00000000
0.01712120 0.00829033 71.00000000
0.01711800 0.00826239 71.00000000
0.01711483 0.00823463 71.00000000
0.01711168 0.00820707 71.00000000
0.01710855 0.00817972 71.00000000
0.01710544 0.00815259 71.00000000
0.01710235 0.00812566 71.00000000
0.01709928 0.00809895 71.00000000
0.01709624 0.00807244 71.00000000
0.01709321 0.00804612 71.00000000
0.01709021 0.00801999 72.00000000
0.01708722 0.00799405 72.00000000
0.01708426 0.00796829 72.00000000
0.01708131 0.00794273 72.00000000
0.01707839 0.00791737 72.00000000
0.01707548 0.00789223 72.00000000
0.01707259 0.00786729 72.00000000
0.01706972 0.00784256 72.00000000
0.01706687 0.00781804 72.00000000
0.01706404 0.00779370 73.00000000
0.01706122 0.00776956 73.00000000
0.01705843 0.00774560 73.00000000
0.01705565 0.00772182 73.00000000
0.01705289 0.00769822 73.00000000
0.01705014 0.00767481 73.00000000
0.01704742 0.00765159 73.00000000
0.01704471 0.00762858 73.00000000
0.01704202 0.00760576 73.00000000
0.01703934 0.00758314 74.00000000
0.01703668 0.00756072 74.00000000
0.01703404 0.00753849 74.00000000
0.01703141 0.00751646 74.00000000
0.01702880 0.00749462 74.00000000
0.01702621 0.00747298 74.00000000
0.01702363 0.00745153 74.00000000
0.01702106 0.00743029 74.00000000
0.01701852 0.00740926 74.00000000
0.01701598 0.00738843 75.00000000
0.01701346 0.00736781 75.00000000
0.01701096 0.00734740 75.00000000
0.01700847 0.00732720 75.00000000
0.01700599 0.00730720 75.00000000
0.01700353 0.00728741 75.00000000
0.01700109 0.00726783 76.00000000
0.01699865 0.00724847 76.00000000
0.01699623 0.00722931 76.00000000
0.01699383 0.00721038 76.00000000
0.01699144 0.00719167 76.00000000
0.01698906 0.00717319 76.00000000
0.01698669 0.00715493 76.00000000
0.01698433 0.00713691 77.00000000
0.01698199 0.00711912 77.00000000
0.01697966 0.00710157 78.00000000
0.01697735 0.00708426 78.00000000
0.01697504 0.00706720 78.00000000
0.01697275 0.00705038 78.00000000
0.01697047 0.00703383 78.00000000
0.01696820 0.00701753 78.00000000
0.01696594 0.00700150 78.00000000
0.01696369 0.00698574 78.00000000
0.01696145 0.00697025 78.00000000
0.01695922 0.00695505 78.00000000
0.01695701 0.00694014 79.00000000
0.01695480 0.00692552 79.00000000
0.01695260 0.00691120 79.00000000
0.01695042 0.00689719 79.00000000
0.01694824 0.00688350 79.00000000
0.01694607 0.00687014 79.00000000
0.01694391 0.00685711 79.00000000
0.01694176 0.00684443 79.00000000
0.01693962 0.00683210 79.00000000
0.01693749 0.00682014 79.00000000
0.01693537 0.00680856 80.00000000
0.01693325 0.00679736 80.00000000
0.01693114 0.00678657 80.00000000
0.01692904 0.00677619 80.00000000
0.01692694 0.00676625 80.00000000
0.01692485 0.00675674 80.00000000
0.01692277 0.00674770 80.00000000
0.01692070 0.00673914 80.00000000
0.01691863 0.00673107 80.00000000
0.01691656 0.00672351 81.00000000
0.01691450 0.00671649 81.00000000
0.01691245 0.00671002 81.00000000
0.01691040 0.00670412 81.00000000
0.01690835 0.00669883 81.00000000
0.01690631 0.00669416 81.00000000
0.01690427 0.00669015 81.00000000
0.01690223 0.00668681 81.00000000
0.01690020 0.00668419 81.00000000
0.01689816 0.00668230 82.00000000
0.01689613 0.00668119 82.00000000
0.01689410 0.00668089 82.00000000
0.01689207 0.00668144 82.00000000
0.01689004 0.00668288 82.00000000
0.01688801 0.00668525 82.00000000
0.01688597 0.00668860 82.00000000
0.01688394 0.00669297 82.00000000
0.01688190 0.00669842 82.00000000
0.01687986 0.00670500 82.00000000
0.01687781 0.00671277 83.00000000
0.01687576 0.00672178 83.00000000
0.01687370 0.00673211 83.00000000
0.01687164 0.00674382 83.00000000
0.01686956 0.00675700 83.00000000
0.01686748 0.00677170 84.00000000
0.01686539 0.00678803 84.00000000
0.01686329 0.00680606 84.00000000
0.01686117 0.00682590 84.00000000
0.01685904 0.00684764 84.00000000
0.01685690 0.00687140 84.00000000
0.01685474 0.00689727 84.00000000
0.01685256 0.00692539 84.00000000
0.01685036 0.00695589 84.00000000
0.01684814 0.00698890 84.00000000
0.01684590 0.00702457 85.00000000
0.01684363 0.00706305 85.00000000
0.01684133 0.00710451 85.00000000
0.01683900 0.00714913 85.00000000
0.01683664 0.00719709 85.00000000
0.01683425 0.00724860 85.00000000
0.01683182 0.00730387 85.00000000
0.01682934 0.00736312 85.00000000
0.01682683 0.00742659 85.00000000
0.01682426 0.00749454 85.00000000
0.01682164 0.00756725 86.00000000
0.01681897 0.00764501 86.00000000
0.01681624 0.00772811 86.00000000
0.01681344 0.00781690 86.00000000
0.01681057 0.00791171 86.00000000
0.01680763 0.00801292 86.00000000
0.01680460 0.00812093 86.00000000
0.01680149 0.00823615 86.00000000
0.01679828 0.00835901 86.00000000
0.01679497 0.00849001 87.00000000
0.01679155 0.00862963 87.00000000
0.01678801 0.00877840 87.00000000
0.01678434 0.00893688 87.00000000
0.01678053 0.00910568 87.00000000
0.01677657 0.00928542 87.00000000
0.01677245 0.00947677 87.00000000
0.01676815 0.00968043 87.00000000
0.01676366 0.00989715 87.00000000
0.01675896 0.01012772 87.00000000
0.01675404 0.01037296 88.00000000
0.01674888 0.01063376 88.00000000
0.01674346 0.01091103 88.00000000
0.01673775 0.01120575 88.00000000
0.01673174 0.01151892 88.00000000
0.01672539 0.01185161 88.00000000
0.01671869 0.01220492 88.00000000
0.01671160 0.01258001 88.00000000
0.01670408 0.01297808 88.00000000
0.01669611 0.01340035 89.00000000
0.01668764 0.01384811 89.00000000
0.01667864 0.01432263 89.00000000
0.01666906 0.01482523 89.00000000
0.01665886 0.01535725 89.00000000
0.01664798 0.01591998 89.00000000
0.01663638 0.01651473 89.00000000
0.01662400 0.01714275 89.00000000
0.01661077 0.01780521 89.00000000
0.01659664 0.01850321 90.00000000
0.01658155 0.01923771 90.00000000
0.01656542 0.02000950 90.00000000
0.01654820 0.02081919 90.00000000
0.01652981 0.02166711 90.00000000
0.01651018 0.02255332 90.00000000
0.01648924 0.02347751 90.00000000
0.01646694 0.02443898 90.00000000
0.01644320 0.02543656 90.00000000
0.01641798 0.02646855 90.00000000
0.01639122 0.02753268 91.00000000
0.01636287 0.02862606 91.00000000
0.01633292 0.02974512 91.00000000
0.01630134 0.03088557 91.00000000
0.01626813 0.03204237 91.00000000
0.01623329 0.03320972 91.00000000
0.01619685 0.03438106 91.00000000
0.01615885 0.03554905 91.00000000
0.01611936 0.03670568 91.00000000
0.01607844 0.03784225 91.00000000
0.01603620 0.03894954 92.00000000
0.01599272 0.04001787 92.00000000
0.01594814 0.04103729 92.00000000
0.01590258 0.04199771 92.00000000
0.01585616 0.04288916 92.00000000
0.01580904 0.04370197 92.00000000
0.01576134 0.04442702 92.00000000
0.01571321 0.04505595 92.00000000
0.01566479 0.04558138 92.00000000
0.01561620 0.04599713 93.00000000
0.01556757 0.04629835 93.00000000
0.01551903 0.04648166 93.00000000
0.01547068 0.04654527 93.00000000
0.01542263 0.04648896 93.00000000
0.01537498 0.04631416 93.00000000
0.01532782 0.04602390 93.00000000
0.01528123 0.04562283 93.00000000
0.01523528 0.04511714 93.00000000
0.01519005 0.04451457 94.00000000
0.01514560 0.04382431 94.00000000
0.01510197 0.04305697 94.00000000
0.01505922 0.04222444 95.00000000
0.01501739 0.04133970 95.00000000
0.01497651 0.04041658 95.00000000
0.01493660 0.03946938 95.00000000
0.01489768 0.03851246 95.00000000
0.01485977 0.03755968 95.00000000
0.01482287 0.03662390 95.00000000
0.01478698 0.03571643 95.00000000
0.01475210 0.03484660 95.00000000
0.01471821 0.03402150 96.00000000
0.01468530 0.03324583 96.00000000
0.01465335 0.03252203 96.00000000
0.01462235 0.03185054 96.00000000
0.01459225 0.03123026 96.00000000
0.01456304 0.03065901 96.00000000
0.01453469 0.03013405 96.00000000
0.01450717 0.02965256 96.00000000
0.01448044 0.02921191 96.00000000
0.01445448 0.02880996 96.00000000
0.01442925 0.02844506 97.00000000
0.01440473 0.02811608 97.00000000
0.01438089 0.02782227 97.00000000
0.01435769 0.02756309 97.00000000
0.01433512 0.02733811 97.00000000
0.01431313 0.02714679 97.00000000
0.01429171 0.02698836 97.00000000
0.01427084 0.02686180 97.00000000
0.01425047 0.02676575 97.00000000
0.01423061 0.02669855 98.00000000
0.01421121 0.02665826 98.00000000
0.01419226 0.02664274 98.00000000
0.01417375 0.02664971 98.00000000
0.01415564 0.02667681 98.00000000
0.01413793 0.02672169 98.00000000
0.01412060 0.02678204 98.00000000
0.01410362 0.02685563 98.00000000
0.01408698 0.02694037 98.00000000
0.01407067 0.02703427 98.00000000
0.01405468 0.02713550 99.00000000
0.01403899 0.02724239 99.00000000
0.01402358 0.02735338 99.00000000
0.01400845 0.02746708 99.00000000
0.01399358 0.02758224 99.00000000
0.01397897 0.02769773 99.00000000
0.01396460 0.02781257 99.00000000
0.01395046 0.02792591 99.00000000
0.01393655 0.02803701 99.00000000
0.01392284 0.02814527 99.00000000
0.01390935 0.02825020 100.00000000
0.01389605 0.02835139 101.00000000
0.01388295 0.02844856 101.00000000
0.01387002 0.02854148 101.00000000
0.01385728 0.02862999 101.00000000
0.01384470 0.02871401 101.00000000
0.01383228 0.02879346 101.00000000
0.01382003 0.02886833 101.00000000
0.01380792 0.02893859 101.00000000
0.01379597 0.02900423 101.00000000
0.01378415 0.02906523 102.00000000
0.01377247 0.02912155 102.00000000
0.01376093 0.02917314 102.00000000
0.01374952 0.02921991 102.00000000
0.01373823 0.02926176 102.00000000
0.01372706 0.02929856 102.00000000
0.01371601 0.02933014 102.00000000
0.01370507 0.02935632 102.00000000
0.01369425 0.02937692 102.00000000
0.01368354 0.02939171 102.00000000
0.01367293 0.02940048 102.00000000
0.01366243 0.02940301 102.00000000
0.01365203 0.02939909 103.00000000
0.01364173 0.02938852 103.00000000
0.01363153 0.02937111 103.00000000
0.01362142 0.02934670 103.00000000
0.01361141 0.02931516 103.00000000
0.01360150 0.02927637 103.00000000
0.01359167 0.02923025 103.00000000
0.01358194 0.02917675 103.00000000
0.01357229 0.02911585 103.00000000
0.01356273 0.02904757 103.00000000
0.01355326 0.02897194 104.00000000
0.01354388 0.02888902 104.00000000
0.01353458 0.02879893 104.00000000
0.01352537 0.02870176 104.00000000
0.01351624 0.02859766 104.00000000
0.01350719 0.02848679 104.00000000
0.01349823 0.02836931 104.00000000
0.01348935 0.02824541 104.00000000
0.01348055 0.02811529 104.00000000
0.01347183 0.02797916 104.00000000
0.01346319 0.02783723 105.00000000
0.01345464 0.02768973 105.00000000
0.01344616 0.02753689 105.00000000
0.01343776 0.02737894 105.00000000
0.01342945 0.02721612 105.00000000
0.01342121 0.02704868 105.00000000
0.01341305 0.02687686 105.00000000
0.01340497 0.02670093 105.00000000
0.01339696 0.02652112 105.00000000
0.01338904 0.02633770 105.00000000
0.01338119 0.02615093 105.00000000
0.01337342 0.02596107 106.00000000
0.01336573 0.02576836 106.00000000
0.01335811 0.02557308 106.00000000
0.01335058 0.02537548 106.00000000
0.01334311 0.02517581 106.00000000
0.01333572 0.02497433 106.00000000
0.01332841 0.02477129 106.00000000
0.01332117 0.02456693 106.00000000
0.01331401 0.02436149 106.00000000
0.01330692 0.02415522 106.00000000
0.01329991 0.02394834 106.00000000
0.01329297 0.02374106 107.00000000
0.01328610 0.02353361 107.00000000
0.01327930 0.02332619 107.00000000
0.01327258 0.02311900 107.00000000
0.01326592 0.02291223 107.00000000
0.01325934 0.02270606 107.00000000
0.01325283 0.02250066 107.00000000
0.01324638 0.02229619 107.00000000
0.01324001 0.02209281 107.00000000
0.01323370 0.02189065 107.00000000
0.01322746 0.02168985 107.00000000
0.01322129 0.02149054 107.00000000
0.01321519 0.02129282 108.00000000
0.01320915 0.02109682 108.00000000
0.01320318 0.02090262 108.00000000
0.01319727 0.02071031 108.00000000
0.01319142 0.02051999 108.00000000
0.01318564 0.02033171 108.00000000
0.01317992 0.02014556 108.00000000
0.01317426 0.01996158 108.00000000
0.01316866 0.01977983 108.00000000
0.01316313 0.01960037 108.00000000
0.01315765 0.01942322 108.00000000
0.01315223 0.01924843 109.00000000
0.01314687 0.01907602 109.00000000
0.01314157 0.01890601 109.00000000
0.01313632 0.01873843 109.00000000
0.01313113 0.01857329 109.00000000
0.01312600 0.01841060 109.00000000
0.01312092 0.01825036 109.00000000
0.01311589 0.01809258 114.00000000
0.01311092 0.01793725 114.00000000
0.01310600 0.01778437 114.00000000
0.01310113 0.01763393 114.00000000
0.01309631 0.01748591 114.00000000
0.01309154 0.01734030 114.00000000
0.01308682 0.01719709 114.00000000
0.01308215 0.01705625 115.00000000
0.01307753 0.01691777 115.00000000
0.01307296 0.01678161 115.00000000
0.01306844 0.01664776 115.00000000
0.01306396 0.01651618 115.00000000
0.01305952 0.01638685 115.00000000
0.01305514 0.01625974 115.00000000
0.01305079 0.01613482 115.00000000
0.01304649 0.01601205 115.00000000
0.01304224 0.01589141 115.00000000
0.01303802 0.01577286 116.00000000
0.01303385 0.01565637 116.00000000
0.01302972 0.01554190 116.00000000
0.01302563 0.01542943 116.00000000
0.01302158 0.01531891 116.00000000
0.01301757 0.01521031 116.00000000
0.01301360 0.01510360 116.00000000
0.01300967 0.01499875 116.00000000
0.01300578 0.01489571 116.00000000
0.01300192 0.01479447 117.00000000
0.01299811 0.01469497 117.00000000
0.01299432 0.01459719 117.00000000
0.01299058 0.01450110 117.00000000
0.01298687 0.01440667 117.00000000
0.01298319 0.01431385 117.00000000
0.01297955 0.01422263 117.00000000
0.01297594 0.01413296 117.00000000
0.01297237 0.01404482 117.00000000
0.01296883 0.01395818 118.00000000
0.01296532 0.01387300 118.00000000
0.01296185 0.01378926 118.00000000
0.01295841 0.01370693 118.00000000
0.01295499 0.01362598 118.00000000
0.01295161 0.01354638 118.00000000
0.01294826 0.01346810 118.00000000
0.01294494 0.01339112 118.00000000
0.01294165 0.01331541 118.00000000
0.01293839 0.01324095 119.00000000
0.01293516 0.01316771 119.00000000
0.01293196 0.01309566 119.00000000
0.01292878 0.01302479 119.00000000
0.01292563 0.01295506 119.00000000
0.01292251 0.01288645 119.00000000
0.01291942 0.01281894 119.00000000
0.01291635 0.01275252 119.00000000
0.01291331 0.01268714 119.00000000
0.01291030 0.01262281 120.00000000
0.01290731 0.01255948 120.00000000
0.01290435 0.01249715 120.00000000
0.01290141 0.01243579 120.00000000
0.01289849 0.01237538 120.00000000
0.01289561 0.01231591 120.00000000
0.01289274 0.01225735 120.00000000
0.01288990 0.01219969 120.00000000
0.01288708 0.01214291 120.00000000
0.01288429 0.01208698 120.00000000
0.01288152 0.01203190 121.00000000
0.01287877 0.01197765 121.00000000
0.01287604 0.01192420 121.00000000
0.01287334 0.01187155 121.00000000
0.01287065 0.01181967 121.00000000
0.01286799 0.01176856 121.00000000
0.01286535 0.01171819 121.00000000
0.01286273 0.01166855 121.00000000
0.01286014 0.01161963 121.00000000
0.01285756 0.01157142 122.00000000
0.01285500 0.01152389 122.00000000
0.01285246 0.01147703 122.00000000
0.01284995 0.01143084 122.00000000
0.01284745 0.01138530 122.00000000
0.01284497 0.01134039 122.00000000
0.01284251 0.01129611 122.00000000
0.01284007 0.01125243 122.00000000
0.01283765 0.01120936 122.00000000
0.01283525 0.01116687 123.00000000
0.01283286 0.01112496 123.00000000
0.01283049 0.01108361 123.00000000
0.01282814 0.01104282 123.00000000
0.01282581 0.01100257 123.00000000
0.01282350 0.01096285 123.00000000
0.01282120 0.01092366 124.00000000
0.01281892 0.01088498 124.00000000
0.01281666 0.01084680 124.00000000
0.01281441 0.01080911 124.00000000
0.01281218 0.01077191 124.00000000
0.01280997 0.01073518 124.00000000
0.01280777 0.01069891 124.00000000
0.01280559 0.01066311 124.00000000
0.01280342 0.01062775 124.00000000
0.01280127 0.01059283 125.00000000
0.01279914 0.01055834 125.00000000
0.01279702 0.01052428 125.00000000
0.01279492 0.01049063 125.00000000
0.01279283 0.01045739 125.00000000
0.01279075 0.01042455 125.00000000
0.01278869 0.01039210 125.00000000
0.01278665 0.01036004 125.00000000
0.01278462 0.01032835 125.00000000
0.01278260 0.01029704 126.00000000
0.01278060 0.01026609 126.00000000
0.01277861 0.01023550 126.00000000
0.01277663 0.01020526 126.00000000
0.01277467 0.01017536 126.00000000
0.01277272 0.01014581 126.00000000
0.01277079 0.01011658 126.00000000
0.01276887 0.01008769 126.00000000
0.01276696 0.01005911 126.00000000
0.01276506 0.01003085 126.00000000
0.01276318 0.01000290 127.00000000
0.01276131 0.00997525 128.00000000
0.01275945 0.00994790 128.00000000
0.01275761 0.00992084 128.00000000
0.01275577 0.00989407 128.00000000
0.01275395 0.00986758 128.00000000
0.01275215 0.00984137 128.00000000
0.01275035 0.00981543 128.00000000
0.01274856 0.00978976 128.00000000
0.01274679 0.00976436 128.00000000
0.01274503 0.00973921 129.00000000
0.01274328 0.00971432 129.00000000
0.01274154 0.00968967 129.00000000
0.01273981 0.00966527 129.00000000
0.01273810 0.00964112 129.00000000
0.01273639 0.00961720 129.00000000
0.01273470 0.00959351 129.00000000
0.01273302 0.00957005 137.00000000
0.01273134 0.00954681 142.00000000
0.01272968 0.00952380 149.00000000
0.01272803 0.00950100 155.00000000
0.01272639 0.00947841 164.00000000
0.01272476 0.00945604 170.00000000
0.01272314 0.00943387 172.00000000
0.01272153 0.00941190 172.00000000
0.01271993 0.00939013 172.00000000
0.01271834 0.00936856 172.00000000
0.01271676 0.00934718 172.00000000
0.01271519 0.00932599 172.00000000
0.01271363 0.00930498 172.00000000
0.01271208 0.00928416 172.00000000
0.01271054 0.00926352 173.00000000
0.01270901 0.00924305 173.00000000
0.01270748 0.00922276 173.00000000
0.01270597 0.00920264 173.00000000
0.01270447 0.00918268 173.00000000
0.01270297 0.00916289 173.00000000
0.01270149 0.00914326 173.00000000
0.01270001 0.00912379 173.00000000
0.01269854 0.00910448 173.00000000
0.01269708 0.00908533 173.00000000
0.01269563 0.00906632 173.00000000
0.01269419 0.00904746 173.00000000
0.01269276 0.00902875 174.00000000
0.01269133 0.00901019 174.00000000
0.01268992 0.00899176 174.00000000
0.01268851 0.00897348 174.00000000
0.01268711 0.00895533 174.00000000
0.01268572 0.00893732 174.00000000
0.01268434 0.00891944 174.00000000
0.01268296 0.00890169 174.00000000
0.01268159 0.00888407 174.00000000
0.01268024 0.00886658 174.00000000
0.01267888 0.00884920 174.00000000
0.01267754 0.00883196 174.00000000
0.01267620 0.00881483 174.00000000
0.01267488 0.00879782 175.00000000
0.01267356 0.00878093 175.00000000
0.01267224 0.00876415 175.00000000
0.01267094 0.00874748 175.00000000
0.01266964 0.00873093 175.00000000
0.01266835 0.00871448 175.00000000
0.01266707 0.00869814 175.00000000
0.01266579 0.00868191 175.00000000
0.01266452 0.00866578 175.00000000
0.01266326 0.00864975 175.00000000
0.01266201 0.00863383 175.00000000
0.01266076 0.00861800 175.00000000
0.01265952 0.00860227 175.00000000
0.01265828 0.00858663 176.00000000
0.01265706 0.00857109 176.00000000
0.01265584 0.00855565 176.00000000
0.01265462 0.00854029 176.00000000
0.01265342 0.00852502 176.00000000
0.01265222 0.00850985 177.00000000
0.01265102 0.00849475 177.00000000
0.01264984 0.00847975 177.00000000
0.01264866 0.00846483 177.00000000
0.01264748 0.00844999 177.00000000
0.01264631 0.00843524 178.00000000
0.01264515 0.00842056 178.00000000
0.01264400 0.00840596 178.00000000
0.01264285 0.00839145 178.00000000
0.01264171 0.00837700 178.00000000
0.01264057 0.00836264 178.00000000
0.01263944 0.00834835 178.00000000
0.01263831 0.00833413 178.00000000
0.01263719 0.00831998 178.00000000
0.01263608 0.00830591 178.00000000
0.01263498 0.00829190 178.00000000
0.01263387 0.00827797 178.00000000
0.01263278 0.00826410 178.00000000
0.01263169 0.00825030 179.00000000
0.01263061 0.00823656 179.00000000
0.01262953 0.00822289 179.00000000
0.01262846 0.00820928 179.00000000
0.01262739 0.00819574 179.00000000
0.01262633 0.00818225 179.00000000
0.01262527 0.00816883 179.00000000
0.01262422 0.00815547 179.00000000
0.01262318 0.00814217 179.00000000
0.01262214 0.00812892 179.00000000
0.01262110 0.00811574 179.00000000
0.01262007 0.00810261 179.00000000
0.01261905 0.00808953 179.00000000
0.01261803 0.00807651 180.00000000
0.01261702 0.00806354 180.00000000
0.01261601 0.00805063 180.00000000
0.01261500 0.00803777 180.00000000
0.01261401 0.00802496 180.00000000
0.01261301 0.00801220 180.00000000
0.01261203 0.00799950 180.00000000
0.01261104 0.00798684 180.00000000
0.01261006 0.00797423 180.00000000
0.01260909 0.00796167 180.00000000
0.01260812 0.00794915 180.00000000
0.01260716 0.00793669 180.00000000
0.01260620 0.00792426 181.00000000
0.01260524 0.00791189 181.00000000
0.01260429 0.00789956 181.00000000
0.01260335 0.00788727 181.00000000
0.01260241 0.00787503 181.00000000
0.01260147 0.00786282 181.00000000
0.01260054 0.00785067 181.00000000
0.01259962 0.00783855 181.00000000
0.01259869 0.00782647 181.00000000
0.01259778 0.00781444 181.00000000
0.01259686 0.00780244 181.00000000
0.01259595 0.00779048 181.00000000
0.01259505 0.00777857 181.00000000
0.01259415 0.00776669 182.00000000
0.01259325 0.00775484 182.00000000
0.01259236 0.00774304 182.00000000
0.01259147 0.00773127 182.00000000
0.01259059 0.00771954 182.00000000
0.01258971 0.00770784 182.00000000
0.01258884 0.00769618 182.00000000
0.01258797 0.00768456 182.00000000
0.01258710 0.00767297 182.00000000
0.01258624 0.00766141 182.00000000
0.01258538 0.00764989 182.00000000
0.01258452 0.00763839 182.00000000
0.01258367 0.00762694 182.00000000
0.01258283 0.00761551 183.00000000
0.01258198 0.00760411 183.00000000
0.01258114 0.00759275 183.00000000
0.01258031 0.00758142 183.00000000
0.01257948 0.00757012 183.00000000
0.01257865 0.00755885 183.00000000
0.01257783 0.00754760 183.00000000
0.01257701 0.00753639 183.00000000
0.01257619 0.00752521 183.00000000
0.01257538 0.00751405 183.00000000
0.01257457 0.00750293 183.00000000
0.01257377 0.00749183 183.00000000
0.01257297 0.00748076 184.00000000
0.01257217 0.00746971 184.00000000
0.01257138 0.00745869 185.00000000
0.01257059 0.00744770 185.00000000
0.01256980 0.00743674 185.00000000
0.01256902 0.00742580 185.00000000
0.01256824 0.00741489 185.00000000
0.01256746 0.00740400 185.00000000
0.01256669 0.00739314 185.00000000
0.01256592 0.00738230 186.00000000
0.01256515 0.00737149 186.00000000
0.01256439 0.00736070 186.00000000
0.01256363 0.00734994 186.00000000
0.01256288 0.00733920 186.00000000
0.01256212 0.00732848 186.00000000
0.01256138 0.00731778 186.00000000
0.01256063 0.00730711 187.00000000
0.01255989 0.00729646 187.00000000
0.01255915 0.00728584 187.00000000
0.01255841 0.00727523 187.00000000
0.01255768 0.00726465 187.00000000
0.01255695 0.00725409 187.00000000
0.01255622 0.00724355 188.00000000
0.01255550 0.00723303 188.00000000
0.01255478 0.00722254 188.00000000
0.01255406 0.00721206 188.00000000
0.01255335 0.00720160 188.00000000
0.01255264 0.00719117 188.00000000
0.01255193 0.00718075 188.00000000
0.01255123 0.00717036 189.00000000
0.01255053 0.00715998 189.00000000
0.01254983 0.00714963 189.00000000
0.01254913 0.00713929 189.00000000
