0.124981638855038782 0.062827100539847525 6.000000000000000000
0.124978904802833940 0.062186744117146052 6.000000000000000000
0.124973500319982722 0.061192760658019547 6.000000000000000000
0.124965216923854053 0.060233788380307782 6.000000000000000000
0.124953452067724721 0.059802860717782277 6.000000000000000000
0.124937041415640396 0.060460032155598989 6.000000000000000000
0.124914037891392798 0.062793376262992195 6.000000000000000000
0.124881419322138046 0.067386738311220412 6.000000000000000000
0.124834686418631241 0.074809057424274600 6.000000000000000000
0.124767290949735821 0.085631066576067491 7.000000000000000000
0.124669808638519078 0.100456044024182872 7.000000000000000000
0.124528740590675341 0.119944962595406532 7.000000000000000000
0.124324789342724937 0.144827678061964865 7.000000000000000000
0.124030411275790078 0.175902760562430371 7.000000000000000000
0.123606402408452845 0.214027963637262897 7.000000000000000000
0.122997249723194910 0.260094417783245213 7.000000000000000000
0.122125026329436642 0.314965259334556769 7.000000000000000000
0.120881840676671889 0.379342993896639114 7.000000000000000000
0.119121503917054283 0.453505048378748665 7.000000000000000000
0.116652594526793496 0.536809356859056397 8.000000000000000000
0.113238154849909262 0.626826016495004468 8.000000000000000000
0.108612450674420227 0.717940321593065978 8.000000000000000000
0.102531481459698773 0.799466947016059803 8.000000000000000000
0.094874129522820705 0.854208662450995138 8.000000000000000000
0.085786781669290380 0.861003578407831260 8.000000000000000000
0.075798949698613630 0.809570606121836622 8.000000000000000000
0.065771404956837753 0.733575455364310014 8.000000000000000000
0.056605621118870561 0.714704502273211251 8.000000000000000000
0.048896005943204771 0.762693073999303972 9.000000000000000000
0.042838540444677574 0.779351596148318393 9.000000000000000000
0.038394445813242209 0.710582174073741579 9.000000000000000000
0.035402312778065298 0.587688031002026046 9.000000000000000000
0.033568938851384872 0.468668351173252729 9.000000000000000000
0.032513321155047521 0.388161693438618782 9.000000000000000000
0.031877449767530909 0.349074333565130679 9.000000000000000000
0.031396893470738457 0.336054327561511490 9.000000000000000000
0.030914427488879220 0.326248444256724113 9.000000000000000000
0.030383017979201853 0.290978089751647462 10.000000000000000000
0.029873940524764990 0.198480948923492773 10.000000000000000000
0.029535413754857437 0.058795283027531196 10.000000000000000000
0.029437466494461051 0.200861926657228129 10.000000000000000000
0.029432749835406762 0.358713383136796293 10.000000000000000000
0.029294685853984433 0.391386486670204703 10.000000000000000000
0.029002702889918422 0.292896715904529981 10.000000000000000000
0.028752202939170843 0.124553474936431249 10.000000000000000000
0.028695628994900052 0.066447563207580995 10.000000000000000000
0.028793081951898850 0.181361300073482945 10.000000000000000000
0.028904149641452107 0.236993122655584726 10.000000000000000000
0.028933128418226109 0.224208355243713187 11.000000000000000000
0.028888700480464713 0.146277971580335425 11.000000000000000000
0.028854280117346316 0.035249335414039934 11.000000000000000000
0.028898491121241703 0.139609799692583997 11.000000000000000000
0.028995358815286136 0.250329155380015489 11.000000000000000000
0.029051790442024886 0.286731006736662630 11.000000000000000000
0.029020693720073543 0.237212787761712757 11.000000000000000000
0.028950558054184311 0.126201193223888203 11.000000000000000000
0.028914744794612375 0.036534807791954581 11.000000000000000000
0.028929071732004794 0.129238744239738912 11.000000000000000000
0.028954682951569589 0.192777338636806350 12.000000000000000000
0.028956185630233534 0.201450212258207195 12.000000000000000000
0.028939341129999463 0.159516187670123905 12.000000000000000000
0.028938469459966844 0.086024738784293134 12.000000000000000000
0.028974589188864704 0.035121125370645948 12.000000000000000000
0.029030704419704071 0.071744581708329286 12.000000000000000000
0.029073137691917428 0.082709510867372757 12.000000000000000000
0.029091132747658836 0.052186321271910821 12.000000000000000000
0.029103551528656593 0.042982115751344828 12.000000000000000000
0.029129387038027740 0.104320065459025571 12.000000000000000000
0.029165056695679099 0.154566824383333662 12.000000000000000000
0.029193168716515928 0.171537945082758964 13.000000000000000000
0.029204732986462270 0.151379767035121210 13.000000000000000000
0.029207787407143707 0.102075244115047301 13.000000000000000000
0.029216525470629910 0.043971606615010025 13.000000000000000000
0.029235666621678549 0.040308095990132756 13.000000000000000000
0.029257602467092289 0.071062798729281229 13.000000000000000000
0.029273857100524027 0.076846098623191778 13.000000000000000000
0.029285471419263374 0.057330780473612723 13.000000000000000000
0.029300214893297705 0.030566057525452824 13.000000000000000000
0.029322384903750977 0.036845772769767630 13.000000000000000000
0.029348531379262070 0.055918420225723693 14.000000000000000000
0.029372562537138859 0.059315942568466479 14.000000000000000000
0.029392512639327267 0.045134422385508910 14.000000000000000000
0.029411434183876598 0.027087243851144277 14.000000000000000000
0.029432734194676687 0.039191580127621764 14.000000000000000000
0.029456054378379753 0.062427086970718748 14.000000000000000000
0.029478213623339321 0.073888352349588862 14.000000000000000000
0.029497336778669232 0.069075350965488197 14.000000000000000000
0.029514829757786389 0.051830374374391648 14.000000000000000000
0.029533249674963510 0.032287383030937353 14.000000000000000000
0.029553304620691074 0.025321223364944329 15.000000000000000000
0.029573566851542846 0.029536916921985776 15.000000000000000000
0.029592619965392395 0.029947349609131139 15.000000000000000000
0.029610735198440322 0.025734314216052906 15.000000000000000000
0.029629333701661785 0.026448564228238627 15.000000000000000000
0.029649249526559660 0.035008128122202928 15.000000000000000000
0.029669931894487730 0.042038953229883866 15.000000000000000000
0.029690321678377280 0.041670662247132985 15.000000000000000000
0.029710121540991251 0.034108971927435630 15.000000000000000000
0.029729940490558420 0.025656685475607090 15.000000000000000000
0.029750362656844144 0.026517869186723973 16.000000000000000000
0.029771220713543659 0.034098042759570887 16.000000000000000000
0.029791866176161187 0.038920568034392651 16.000000000000000000
0.029811942181658398 0.037828403302921906 16.000000000000000000
0.029831704026074692 0.032296893847959966 16.000000000000000000
0.029851619315986261 0.026468202176842016 16.000000000000000000
0.029871822763386555 0.024129264758624577 16.000000000000000000
0.029892055122764820 0.024404588735655149 16.000000000000000000
0.029912059417133319 0.024310390523664412 17.000000000000000000
0.029931893820322519 0.023742746097676525 17.000000000000000000
0.029951815917061943 0.024703867051805446 17.000000000000000000
0.029971951840249176 0.027434857370686756 17.000000000000000000
0.029992170755846252 0.029689759390384807 17.000000000000000000
0.030012270021237838 0.029614279826697017 17.000000000000000000
0.030032205570080486 0.027246038023752573 17.000000000000000000
0.030052103429948185 0.024326197224399743 17.000000000000000000
0.030072082153308550 0.022887164631068130 17.000000000000000000
0.030092119630627676 0.023086286016533494 18.000000000000000000
0.030112103765290374 0.023399355089453962 18.000000000000000000
0.030131973607823721 0.022976513111965701 18.000000000000000000
0.030151772888796537 0.022449817384677405 18.000000000000000000
0.030171571853449562 0.022838819300492589 18.000000000000000000
0.030191372711601994 0.024040539967311526 18.000000000000000000
0.030211111082286437 0.024960437358435891 18.000000000000000000
0.030230735224270878 0.024814513147104224 18.000000000000000000
0.030250259903000724 0.023748972545880175 18.000000000000000000
0.030269738986054520 0.022547897767032157 18.000000000000000000
0.030289201673298002 0.021860666846509506 19.000000000000000000
0.030308629065096772 0.021661177073141118 19.000000000000000000
0.030327987953412502 0.021566006284651489 19.000000000000000000
0.030347271379181674 0.021452908149490562 19.000000000000000000
0.030366498233053804 0.021520017734038110 19.000000000000000000
0.030385680811891077 0.021859343815139248 20.000000000000000000
0.030404804740581388 0.022210588050464653 20.000000000000000000
0.030423843349217123 0.022218664682127021 20.000000000000000000
0.030442785050700378 0.021803403815116466 20.000000000000000000
0.030461641064872313 0.021222257455599709 20.000000000000000000
0.030480428465269743 0.020805252422621070 20.000000000000000000
0.030499151621869239 0.020646307861945660 20.000000000000000000
0.030517802190084837 0.020592338876454445 20.000000000000000000
0.030536373053284865 0.020499118995591321 21.000000000000000000
0.030554867051921109 0.020398151028153552 21.000000000000000000
0.030573291428368420 0.020405187313167636 21.000000000000000000
0.030591647392336659 0.020531648907191322 21.000000000000000000
0.030609928282727340 0.020645479092704661 21.000000000000000000
0.030628127508447508 0.020610064802744313 21.000000000000000000
0.030646245916985247 0.020414722722551289 21.000000000000000000
0.030664290477145098 0.020163567697422627 21.000000000000000000
0.030682267133123754 0.019962757866333673 22.000000000000000000
0.030700176466122241 0.019837756105847357 22.000000000000000000
0.030718015917714857 0.019756385523766535 22.000000000000000000
0.030735784321244838 0.019699620151304300 22.000000000000000000
0.030753482962758826 0.019681120081469959 22.000000000000000000
0.030771112764303912 0.019704294904315647 22.000000000000000000
0.030788671926624801 0.019728503596511709 22.000000000000000000
0.030806157127866732 0.019694693647882219 22.000000000000000000
0.030823566683122486 0.019579338945062724 22.000000000000000000
0.030840901952466304 0.019414298181421499 22.000000000000000000
0.030858165724739810 0.019254606439699277 23.000000000000000000
0.030875359751582170 0.019132564908465540 23.000000000000000000
0.030892484032652621 0.019044983492086540 23.000000000000000000
0.030909537977316170 0.018977021602757594 23.000000000000000000
0.030926521532785287 0.018925780973799166 23.000000000000000000
0.030943434953087080 0.018896602973579885 23.000000000000000000
0.030960277861709930 0.018883894007541070 23.000000000000000000
0.030977049059358223 0.018865333965417171 23.000000000000000000
0.030993747430400030 0.018817844368064631 23.000000000000000000
0.031010372919021260 0.018736496246042310 23.000000000000000000
0.031026926535418796 0.018636380811498404 23.000000000000000000
0.031043409511589889 0.018538240992422943 24.000000000000000000
0.031059822563515017 0.018454506347736984 24.000000000000000000
0.031076165873166018 0.018387636883375340 24.000000000000000000
0.031092439500043520 0.018336568551729240 24.000000000000000000
0.031108643583857308 0.018299918469129144 24.000000000000000000
0.031124778164836706 0.018272750063432017 24.000000000000000000
0.031140843005627437 0.018243996061324350 24.000000000000000000
0.031156837768596367 0.018200836481513733 24.000000000000000000
0.031172762420451479 0.018137041736887557 24.000000000000000000
0.031188617445716438 0.018057050281419403 24.000000000000000000
0.031204403668533914 0.017972085782414483 25.000000000000000000
0.031220121891962969 0.017892612195422382 25.000000000000000000
0.031235772686600702 0.017823878602290771 25.000000000000000000
0.031251356422841568 0.017766629223914306 25.000000000000000000
0.031266873379426574 0.017719597255142688 25.000000000000000000
0.031282323762842214 0.017680201970590462 25.000000000000000000
0.031297707664491643 0.017643792403229192 25.000000000000000000
0.031313025090459488 0.017604173776260678 25.000000000000000000
0.031328276103323713 0.017556356354315999 25.000000000000000000
0.031343460963049644 0.017499365091848566 25.000000000000000000
0.031358580137901965 0.017436521387398207 26.000000000000000000
0.031373634183855512 0.017373087500611898 26.000000000000000000
0.031388623605066952 0.017313469327325033 26.000000000000000000
0.031403548792131732 0.017259938783859383 26.000000000000000000
0.031418410035077227 0.017212860139590381 26.000000000000000000
0.031433207549279744 0.017171181496074512 26.000000000000000000
0.031447941483613698 0.017132563383915396 26.000000000000000000
0.031462611936589904 0.017093681724590949 26.000000000000000000
0.031477219009277316 0.017051310029100063 26.000000000000000000
0.031491762875923354 0.017003784108380899 26.000000000000000000
0.031506243820649829 0.016951766102539883 27.000000000000000000
0.031520662212436705 0.016897716588520299 27.000000000000000000
0.031535018441888586 0.016844557252940782 27.000000000000000000
0.031549312866266631 0.016794500222282051 27.000000000000000000
0.031563545787554437 0.016748572142983892 27.000000000000000000
0.031577717454978546 0.016706652016016503 27.000000000000000000
0.031591828074395700 0.016667646275766404 27.000000000000000000
0.031605877821392035 0.016629740595852212 27.000000000000000000
0.031619866865460214 0.016590903029232423 27.000000000000000000
0.031633795403765499 0.016549619089742781 27.000000000000000000
0.031647663687757718 0.016505494818905227 27.000000000000000000
0.031661472025339560 0.016459337348736214 28.000000000000000000
0.031675220757919738 0.016412679307317997 28.000000000000000000
0.031688910228261674 0.016367084199255439 28.000000000000000000
0.031702540756417923 0.016323615590540554 28.000000000000000000
0.031716112629897313 0.016282617004515432 28.000000000000000000
0.031729626104425104 0.016243730549750469 28.000000000000000000
0.031743081410989610 0.016206059438978817 28.000000000000000000
0.031756478768503189 0.016168455599851542 28.000000000000000000
0.031769818401166258 0.016129908971445055 28.000000000000000000
0.031783100554943794 0.016089913820841645 28.000000000000000000
0.031796325505041106 0.016048633264722084 29.000000000000000000
0.031809493550416845 0.016006776178686698 29.000000000000000000
0.031822604999033104 0.015965270980436364 29.000000000000000000
0.031835660151926300 0.015924917255698615 29.000000000000000000
0.031848659292471736 0.015886155714743024 29.000000000000000000
0.031861602682629352 0.015848992188691229 29.000000000000000000
0.031874490565029986 0.015813046273440805 29.000000000000000000
0.031887323169470433 0.015777692411063381 29.000000000000000000
0.031900100722460314 0.015742266961742264 29.000000000000000000
0.031912823457301905 0.015706289567442945 29.000000000000000000
0.031925491620959583 0.015669616897008437 30.000000000000000000
0.031938105474793456 0.015632461750460982 30.000000000000000000
0.031950665289199896 0.015595275745486123 30.000000000000000000
0.031963171335145715 0.015558560797331668 30.000000000000000000
0.031975623876405214 0.015522694533784024 30.000000000000000000
0.031988023164999949 0.015487825917664776 30.000000000000000000
0.032000369440487189 0.015453855675919299 30.000000000000000000
0.032012662932606406 0.015420490946253416 30.000000000000000000
0.032024903866307880 0.015387353391826895 30.000000000000000000
0.032037092467720740 0.015354109754776987 30.000000000000000000
0.032049228969137415 0.015320582191552365 30.000000000000000000
0.032061313611219132 0.015286797490207267 31.000000000000000000
0.032073346641718799 0.015252958380624911 31.000000000000000000
0.032085328311544661 0.015219354893438806 31.000000000000000000
0.032097258869985740 0.015186256707947241 31.000000000000000000
0.032109138560892064 0.015153826935239511 31.000000000000000000
0.032120967620855104 0.015122080851551164 31.000000000000000000
0.032132746279591867 0.015090894331353842 31.000000000000000000
0.032144474762137151 0.015060053696512459 31.000000000000000000
0.032156153292049780 0.015029329838072978 31.000000000000000000
0.032167782094567152 0.014998552739422709 31.000000000000000000
0.032179361398628967 0.014967661208324779 32.000000000000000000
0.032190891437094839 0.014936711188660847 32.000000000000000000
0.032202372445206240 0.014905842740150575 32.000000000000000000
0.032213804658022802 0.014875222026069206 32.000000000000000000
0.032225188307848027 0.014844981904511377 32.000000000000000000
0.032236523622490861 0.014815181164920236 32.000000000000000000
0.032247810824785325 0.014785792698566894 32.000000000000000000
0.032259050133350460 0.014756720580378756 32.000000000000000000
0.032270241764227867 0.014727837914814799 32.000000000000000000
0.032281385932813475 0.014699031909141824 33.000000000000000000
0.032292482855432923 0.014670240828707914 33.000000000000000000
0.032303532750052030 0.014641470634429533 33.000000000000000000
0.032314535835948656 0.014612786956782685 33.000000000000000000
0.032325492332565563 0.014584287479013495 33.000000000000000000
0.032336402458037858 0.014556066405495199 33.000000000000000000
0.032347266427935617 0.014528183900315616 33.000000000000000000
0.032358084454609873 0.014500649793260826 33.000000000000000000
0.032368856747281523 0.014473424992232788 33.000000000000000000
0.032379583512768685 0.014446438275473593 33.000000000000000000
0.032390264956565343 0.014419611782735068 34.000000000000000000
0.032400901283897797 0.014392886322312106 34.000000000000000000
0.032411492700415052 0.014366238166067949 34.000000000000000000
0.032422039412316618 0.014339682374888720 34.000000000000000000
0.032432541625931274 0.014313262763949222 34.000000000000000000
0.032442999546952775 0.014287033310535699 34.000000000000000000
0.032453413379631993 0.014261038243536516 34.000000000000000000
0.032463783326202811 0.014235297590421872 34.000000000000000000
0.032474109586704547 0.014209802290466481 34.000000000000000000
0.032484392359218087 0.014184519427085660 34.000000000000000000
0.032494631840399996 0.014159404884572825 38.000000000000000000
0.032504828226115674 0.014134418621359075 38.000000000000000000
0.032514981711957061 0.014109537273303021 38.000000000000000000
0.032525092493484668 0.014084760075657433 38.000000000000000000
0.032535160766140422 0.014060106679253158 38.000000000000000000
0.032545186724895064 0.014035608351557188 38.000000000000000000
0.032555170563777047 0.014011296175467343 38.000000000000000000
0.032565112475453295 0.013987190479115815 39.000000000000000000
0.032575012650994377 0.013963294835533336 39.000000000000000000
0.032584871279880599 0.013939596105046257 39.000000000000000000
0.032594688550221615 0.013916069897398079 39.000000000000000000
0.032604464649096117 0.013892689159034875 39.000000000000000000
0.032614199762888638 0.013869432789652062 39.000000000000000000
0.032623894077511477 0.013846291446567301 39.000000000000000000
0.032633547778449276 0.013823268874891147 40.000000000000000000
0.032643161050628616 0.013800378758096463 40.000000000000000000
0.032652734078174400 0.013777638598844085 40.000000000000000000
0.032662267044146612 0.013755062983870598 40.000000000000000000
0.032671760130346970 0.013732658537080529 40.000000000000000000
0.032681213517252970 0.013710422054218534 40.000000000000000000
0.032690627384088421 0.013688342109710276 40.000000000000000000
0.032700001908994795 0.013666403262606730 40.000000000000000000
0.032709337269238553 0.013644591221261722 41.000000000000000000
0.032718633641384345 0.013622897159667868 41.000000000000000000
0.032727891201381670 0.013601319821415691 41.000000000000000000
0.032737110124547011 0.013579864911013486 41.000000000000000000
0.032746290585459872 0.013558542230476900 41.000000000000000000
0.032755432757818385 0.013537361731231903 41.000000000000000000
0.032764536814308722 0.013516329895516641 41.000000000000000000
0.032773602926531989 0.013495447606950532 42.000000000000000000
0.032782631265008987 0.013474710061018077 42.000000000000000000
0.032791621999255074 0.013454108542997204 42.000000000000000000
0.032800575297895401 0.013433633307379967 42.000000000000000000
0.032809491328780548 0.013413276505274883 42.000000000000000000
0.032818370259065796 0.013393034190117658 42.000000000000000000
0.032827212255233482 0.013372906829337427 43.000000000000000000
0.032836017483058436 0.013352898302066351 43.000000000000000000
0.032844786107535412 0.013333013869913302 43.000000000000000000
0.032853518292798277 0.013313257901002818 43.000000000000000000
0.032862214202060133 0.013293632129589400 43.000000000000000000
0.032870873997593586 0.013274134975590175 44.000000000000000000
0.032879497840755008 0.013254762044424774 44.000000000000000000
0.032888085892041959 0.013235507525394158 44.000000000000000000
0.032896638311162713 0.013216365936942715 44.000000000000000000
0.032905155257095406 0.013197333604738440 44.000000000000000000
0.032913636888119421 0.013178409405321601 45.000000000000000000
0.032922083361813043 0.013159594596922838 45.000000000000000000
0.032930494835022903 0.013140891880445725 45.000000000000000000
0.032938871463819686 0.013122304076219489 45.000000000000000000
0.032947213403457479 0.013103832892004969 45.000000000000000000
0.032955520808351325 0.013085478180427632 45.000000000000000000
0.032963793832079827 0.013067237882742650 46.000000000000000000
0.032972032627410726 0.013049108609939580 46.000000000000000000
0.032980237346340022 0.013031086606836800 46.000000000000000000
0.032988408140131750 0.013013168743241115 46.000000000000000000
0.032996545159346413 0.012995353201936791 46.000000000000000000
0.033004648553851081 0.012977639665907098 46.000000000000000000
0.033012718472811328 0.012960028992756674 46.000000000000000000
0.033020755064670580 0.012942522535819331 47.000000000000000000
0.033028758477126385 0.012925121372870515 47.000000000000000000
0.033036728857113361 0.012907825707836714 47.000000000000000000
0.033044666350798960 0.012890634626800868 47.000000000000000000
0.033052571103593512 0.012873546253935164 47.000000000000000000
0.033060443260171241 0.012856558215783751 47.000000000000000000
0.033068282964495342 0.012839668228976576 47.000000000000000000
0.033076090359839966 0.012822874603480321 47.000000000000000000
0.033083865588803378 0.012806176501749894 48.000000000000000000
0.033091608793310204 0.012789573890843842 48.000000000000000000
0.033099320114604355 0.012773067232890451 48.000000000000000000
0.033106999693237507 0.012756657041962488 48.000000000000000000
0.033114647669058431 0.012740343467368128 48.000000000000000000
0.033122264181208172 0.012724126038998800 48.000000000000000000
0.033129849368123243 0.012708003643417058 48.000000000000000000
0.033137403367546350 0.012691974716269722 49.000000000000000000
0.033144926316541486 0.012676037566445249 49.000000000000000000
0.033152418351509394 0.012660190712072718 49.000000000000000000
0.033159879608199369 0.012644433116276044 49.000000000000000000
0.033167310221715235 0.012628764254808108 49.000000000000000000
0.033174710326515235 0.012613184010094026 49.000000000000000000
0.033182080056407895 0.012597692444300245 49.000000000000000000
0.033189419544546732 0.012582289538910165 50.000000000000000000
0.033196728923427038 0.012566974990621019 50.000000000000000000
0.033204008324886680 0.012551748125670420 50.000000000000000000
0.033211257880111665 0.012536607949139796 50.000000000000000000
0.033218477719645118 0.012521553299268901 50.000000000000000000
0.033225667973397682 0.012506583044845780 50.000000000000000000
0.033232828770656891 0.012491696255494494 50.000000000000000000
0.033239960240093736 0.012476892290572980 51.000000000000000000
0.033247062509765689 0.012462170784798441 51.000000000000000000
0.033254135707116599 0.012447531545241423 51.000000000000000000
0.033261179958975123 0.012432974402418697 51.000000000000000000
0.033268195391553415 0.012418499069346401 51.000000000000000000
0.033275182130447653 0.012404105054546260 51.000000000000000000
0.033282140300641111 0.012389791652632534 51.000000000000000000
0.033289070026509632 0.012375558008087293 52.000000000000000000
0.033295971431828691 0.012361403224012413 52.000000000000000000
0.033302844639780380 0.012347326475514214 52.000000000000000000
0.033309689772959387 0.012333327089801987 52.000000000000000000
0.033316506953376950 0.012319404569850374 52.000000000000000000
0.033323296302462974 0.012305558559462679 52.000000000000000000
0.033330057941066582 0.012291788767208231 52.000000000000000000
0.033336791989456646 0.012278094878592771 52.000000000000000000
0.033343498567322452 0.012264476486779294 53.000000000000000000
0.033350177793776178 0.012250933062969371 53.000000000000000000
0.033356829787356518 0.012237463972258873 53.000000000000000000
0.033363454666033618 0.012224068525068426 54.000000000000000000
0.033370052547214368 0.012210746043393346 54.000000000000000000
0.033376623547747404 0.012197495918232066 54.000000000000000000
0.033383167783927255 0.012184317639822726 54.000000000000000000
0.033389685371497231 0.012171210793182072 54.000000000000000000
0.033396176425651278 0.012158175023743978 54.000000000000000000
0.033402641061035479 0.012145209987393267 54.000000000000000000
0.033409079391749419 0.012132315303005726 55.000000000000000000
0.033415491531348276 0.012119490523022483 55.000000000000000000
0.033421877592845692 0.012106735130095773 55.000000000000000000
0.033428237688717416 0.012094048558410873 55.000000000000000000
0.033434571930905349 0.012081430230246146 55.000000000000000000
0.033440880430821801 0.012068879594207393 55.000000000000000000
0.033447163299353107 0.012056396152348589 55.000000000000000000
0.033453420646862825 0.012043979468340873 55.000000000000000000
0.033459652583194208 0.012031629155901374 55.000000000000000000
0.033465859217672152 0.012019344853315621 56.000000000000000000
0.033472040659105168 0.012007126193910088 56.000000000000000000
0.033478197015787359 0.011994972782679676 56.000000000000000000
0.033484328395500945 0.011982884186201368 56.000000000000000000
0.033490434905519215 0.011970859937827254 56.000000000000000000
0.033496516652609824 0.011958899554859766 56.000000000000000000
0.033502573743038271 0.011947002560747506 56.000000000000000000
0.033508606282571164 0.011935168504353574 56.000000000000000000
0.033514614376479276 0.011923396970111161 56.000000000000000000
0.033520598129540238 0.011911687576524388 56.000000000000000000
0.033526557646040706 0.011900039964611888 57.000000000000000000
0.033532493029778558 0.011888453781087332 57.000000000000000000
0.033538404384065044 0.011876928662362542 57.000000000000000000
0.033544291811726940 0.011865464224596538 57.000000000000000000
0.033550155415109223 0.011854060062502357 57.000000000000000000
0.033555995296077896 0.011842715756448611 57.000000000000000000
0.033561811556022753 0.011831430884694395 57.000000000000000000
0.033567604295860490 0.011820205036197308 57.000000000000000000
0.033573373616037405 0.011809037819701867 57.000000000000000000
0.033579119616532017 0.011797928866468670 57.000000000000000000
0.033584842396857412 0.011786877826378736 58.000000000000000000
0.033590542056063447 0.011775884359369033 58.000000000000000000
0.033596218692738919 0.011764948125508330 58.000000000000000000
0.033601872405013777 0.011754068777140001 58.000000000000000000
0.033607503290561405 0.011743245955486564 58.000000000000000000
0.033613111446601104 0.011732479292383776 58.000000000000000000
0.033618696969900733 0.011721768416036631 58.000000000000000000
0.033624259956779250 0.011711112958459460 58.000000000000000000
0.033629800503109292 0.011700512561931711 58.000000000000000000
0.033635318704319711 0.011689966882394322 58.000000000000000000
0.033640814655397783 0.011679475588935230 59.000000000000000000
0.033646288450891501 0.011669038359902661 59.000000000000000000
0.033651740184911648 0.011658654877256151 59.000000000000000000
0.033657169951133978 0.011648324821196213 59.000000000000000000
0.033662577842801390 0.011638047866824847 59.000000000000000000
0.033667963952726143 0.011627823683742107 59.000000000000000000
0.033673328373292205 0.011617651938420457 59.000000000000000000
0.033678671196457600 0.011607532298294544 59.000000000000000000
0.033683992513756797 0.011597464436035699 59.000000000000000000
0.033689292416302918 0.011587448032573566 59.000000000000000000
0.033694570994790077 0.011577482777982821 60.000000000000000000
0.033699828339495405 0.011567568370151288 60.000000000000000000
0.033705064540281174 0.011557704511887751 60.000000000000000000
0.033710279686596831 0.011547890907582122 60.000000000000000000
0.033715473867481055 0.011538127260565089 60.000000000000000000
0.033720647171563894 0.011528413271967540 60.000000000000000000
0.033725799687068771 0.011518748641300043 60.000000000000000000
0.033730931501814755 0.011509133068377798 60.000000000000000000
0.033736042703218658 0.011499566255804918 60.000000000000000000
0.033741133378297150 0.011490047911124516 60.000000000000000000
0.033746203613668868 0.011480577747939784 61.000000000000000000
0.033751253495556431 0.011471155485726152 61.000000000000000000
0.033756283109788454 0.011461780848515551 61.000000000000000000
0.033761292541801421 0.011452453562996009 61.000000000000000000
0.033766281876641747 0.011443173356709682 61.000000000000000000
0.033771251198967608 0.011433939956934085 61.000000000000000000
0.033776200593050962 0.011424753090547220 61.000000000000000000
0.033781130142779496 0.011415612484820923 61.000000000000000000
0.033786039931658705 0.011406517868782754 61.000000000000000000
0.033790930042813694 0.011397468974634969 61.000000000000000000
0.033795800558991285 0.011388465538750225 62.000000000000000000
0.033800651562561769 0.011379507301949178 62.000000000000000000
0.033805483135520953 0.011370594009039049 62.000000000000000000
0.033810295359491822 0.011361725407832172 62.000000000000000000
0.033815088315726521 0.011352901248020157 62.000000000000000000
0.033819862085108093 0.011344121280287526 62.000000000000000000
0.033824616748152334 0.011335385255928835 62.000000000000000000
0.033829352385009573 0.011326692927043983 62.000000000000000000
0.033834069075466607 0.011318044047180594 62.000000000000000000
0.033838766898948339 0.011309438372162403 62.000000000000000000
0.033843445934519774 0.011300875660801743 62.000000000000000000
0.033848106260887717 0.011292355675267320 63.000000000000000000
0.033852747956402487 0.011283878181013807 63.000000000000000000
0.033857371099059667 0.011275442946336051 63.000000000000000000
0.033861975766501892 0.011267049741731682 63.000000000000000000
0.033866562036020398 0.011258698339298628 63.000000000000000000
0.033871129984556866 0.011250388512363709 63.000000000000000000
0.033875679688704988 0.011242120035441684 63.000000000000000000
0.033880211224712242 0.011233892684501263 63.000000000000000000
0.033884724668481497 0.011225706237421269 63.000000000000000000
0.033889220095572749 0.011217560474462032 63.000000000000000000
0.033893697581204613 0.011209455178593383 64.000000000000000000
0.033898157200256150 0.011201390135581926 64.000000000000000000
0.033902599027268318 0.011193365133831540 64.000000000000000000
0.033907023136445592 0.011185379964053119 64.000000000000000000
0.033911429601657550 0.011177434418887345 64.000000000000000000
0.033915818496440459 0.011169528292611050 64.000000000000000000
0.033920189893998726 0.011161661381012374 64.000000000000000000
0.033924543867206482 0.011153833481460394 64.000000000000000000
0.033928880488609182 0.011146044393123111 64.000000000000000000
0.033933199830424976 0.011138293917246715 64.000000000000000000
0.033937501964546327 0.011130581857395554 65.000000000000000000
0.033941786962541451 0.011122908019576249 65.000000000000000000
0.033946054895655747 0.011115272212215354 65.000000000000000000
0.033950305834813260 0.011107674246014250 65.000000000000000000
0.033954539850618137 0.011100113933740795 65.000000000000000000
0.033958757013355975 0.011092591090035379 65.000000000000000000
0.033962957392995298 0.011085105531294834 65.000000000000000000
0.033967141059188855 0.011077657075667659 65.000000000000000000
0.033971308081274992 0.011070245543152056 65.000000000000000000
0.033975458528279129 0.011062870755757322 65.000000000000000000
0.033979592468914938 0.011055532537667914 66.000000000000000000
0.033983709971585757 0.011048230715361932 66.000000000000000000
0.033987811104385833 0.011040965117646705 66.000000000000000000
0.033991895935101712 0.011033735575615428 66.000000000000000000
0.033995964531213341 0.011026541922546030 66.000000000000000000
0.034000016959895449 0.011019383993787117 66.000000000000000000
0.034004053288018678 0.011012261626673479 66.000000000000000000
0.034008073582150855 0.011005174660498546 66.000000000000000000
0.034012077908558078 0.010998122936552963 66.000000000000000000
0.034016066333206092 0.010991106298213248 67.000000000000000000
0.034020038921761177 0.010984124591050339 67.000000000000000000
0.034023995739591500 0.010977177662926113 67.000000000000000000
0.034027936851768095 0.010970265364050744 67.000000000000000000
0.034031862323065959 0.010963387546993867 67.000000000000000000
0.034035772217965193 0.010956544066654070 67.000000000000000000
0.034039666600651955 0.010949734780210746 67.000000000000000000
0.034043545535019482 0.010942959547081138 67.000000000000000000
0.034047409084669161 0.010936218228905217 67.000000000000000000
0.034051257312911407 0.010929510689569160 67.000000000000000000
0.034055090282766654 0.010922836795263839 68.000000000000000000
0.034058908056966236 0.010916196414565378 68.000000000000000000
0.034062710697953316 0.010909589418517286 68.000000000000000000
0.034066498267883764 0.010903015680698198 68.000000000000000000
0.034070270828626889 0.010896475077264007 68.000000000000000000
0.034074028441766394 0.010889967486964089 68.000000000000000000
0.034077771168601029 0.010883492791140632 68.000000000000000000
0.034081499070145391 0.010877050873725974 68.000000000000000000
0.034085212207130622 0.010870641621250784 68.000000000000000000
0.034088910640005070 0.010864264922874236 69.000000000000000000
0.034092594428934947 0.010857920670437397 69.000000000000000000
0.034096263633804955 0.010851608758534354 69.000000000000000000
0.034099918314218818 0.010845329084593040 69.000000000000000000
0.034103558529499867 0.010839081548952426 69.000000000000000000
0.034107184338691490 0.010832866054929183 69.000000000000000000
0.034110795800557599 0.010826682508871902 69.000000000000000000
0.034114392973583027 0.010820530820202181 69.000000000000000000
0.034117975915973972 0.010814410901453467 69.000000000000000000
0.034121544685658194 0.010808322668314725 69.000000000000000000
0.034125099340285382 0.010802266039685345 70.000000000000000000
0.034128639937227305 0.010796240937745782 70.000000000000000000
0.034132166533578104 0.010790247288043089 70.000000000000000000
0.034135679186154289 0.010784285019585933 70.000000000000000000
0.034139177951494869 0.010778354064943761 70.000000000000000000
0.034142662885861333 0.010772454360343639 70.000000000000000000
0.034146134045237642 0.010766585845762185 70.000000000000000000
0.034149591485330075 0.010760748465012753 70.000000000000000000
0.034153035261567065 0.010754942165830395 70.000000000000000000
0.034156465429098913 0.010749166899960106 71.000000000000000000
0.034159882042797581 0.010743422623254091 71.000000000000000000
0.034163285157256203 0.010737709295778310 71.000000000000000000
0.034166674826788625 0.010732026881933369 71.000000000000000000
0.034170051105428909 0.010726375350585364 71.000000000000000000
0.034173414046930695 0.010720754675203554 71.000000000000000000
0.034176763704766383 0.010715164834004122 71.000000000000000000
0.034180100132126558 0.010709605810093692 71.000000000000000000
0.034183423381918827 0.010704077591614616 71.000000000000000000
0.034186733506766945 0.010698580171893372 71.000000000000000000
0.034190030559009765 0.010693113549592556 72.000000000000000000
0.034193314590699908 0.010687677728872023 72.000000000000000000
0.034196585653602493 0.010682272719561294 72.000000000000000000
0.034199843799193677 0.010676898537342673 72.000000000000000000
0.034203089078659099 0.010671555203948548 72.000000000000000000
0.034206321542892187 0.010666242747368456 72.000000000000000000
0.034209541242492272 0.010660961202066294 72.000000000000000000
0.034212748227762685 0.010655710609205640 72.000000000000000000
0.034215942548708522 0.010650491016881942 72.000000000000000000
0.034219124255034462 0.010645302480363095 73.000000000000000000
0.034222293396142245 0.010640145062339752 73.000000000000000000
0.034225450021128048 0.010635018833187336 73.000000000000000000
0.034228594178779756 0.010629923871242161 73.000000000000000000
0.034231725917573827 0.010624860263091972 73.000000000000000000
0.034234845285672215 0.010619828103884760 73.000000000000000000
0.034237952330918905 0.010614827497652779 73.000000000000000000
0.034241047100836274 0.010609858557653897 73.000000000000000000
0.034244129642621267 0.010604921406728165 73.000000000000000000
0.034247200003141284 0.010600016177670138 73.000000000000000000
0.034250258228929714 0.010595143013617848 74.000000000000000000
0.034253304366181528 0.010590302068459971 74.000000000000000000
0.034256338460748131 0.010585493507262039 74.000000000000000000
0.034259360558132224 0.010580717506714294 74.000000000000000000
0.034262370703482425 0.010575974255603644 74.000000000000000000
0.034265368941587132 0.010571263955310224 74.000000000000000000
0.034268355316868532 0.010566586820329885 74.000000000000000000
0.034271329873375944 0.010561943078825475 74.000000000000000000
0.034274292654778882 0.010557332973203791 74.000000000000000000
0.034277243704359667 0.010552756760723276 75.000000000000000000
0.034280183065005632 0.010548214714130097 75.000000000000000000
0.034283110779200897 0.010543707122328183 75.000000000000000000
0.034286026889017621 0.010539234291081175 75.000000000000000000
0.034288931436106757 0.010534796543752261 75.000000000000000000
0.034291824461688360 0.010530394222083461 75.000000000000000000
0.034294706006541151 0.010526027687016002 75.000000000000000000
0.034297576110991733 0.010521697319554792 75.000000000000000000
0.034300434814902955 0.010517403521680116 75.000000000000000000
0.034303282157661763 0.010513146717307962 76.000000000000000000
0.034306118178166270 0.010508927353301445 76.000000000000000000
0.034308942914812179 0.010504745900535765 76.000000000000000000
0.034311756405478344 0.010500602855021827 76.000000000000000000
0.034314558687511529 0.010496498739089265 76.000000000000000000
0.034317349797710284 0.010492434102634590 76.000000000000000000
0.034320129772307979 0.010488409524438233 76.000000000000000000
0.034322898646954744 0.010484425613555426 76.000000000000000000
0.034325656456698522 0.010480483010783855 76.000000000000000000
0.034328403235964783 0.010476582390215273 76.000000000000000000
0.034331139018535489 0.010472724460873391 77.000000000000000000
0.034333863837526353 0.010468909968445950 77.000000000000000000
0.034336577725363131 0.010465139697113195 77.000000000000000000
0.034339280713756519 0.010461414471482206 77.000000000000000000
0.034341972833675377 0.010457735158630757 77.000000000000000000
0.034344654115318632 0.010454102670270755 77.000000000000000000
0.034347324588085440 0.010450517965036108 77.000000000000000000
0.034349984280543588 0.010446982050905169 77.000000000000000000
0.034352633220396112 0.010443495987766548 77.000000000000000000
0.034355271434445944 0.010440060890135152 77.000000000000000000
0.034357898948558369 0.010436677930031795 78.000000000000000000
0.034360515787621448 0.010433348340034475 78.000000000000000000
0.034363121975503952 0.010430073416512036 78.000000000000000000
0.034365717535010845 0.010426854523054734 78.000000000000000000
0.034368302487836108 0.010423693094112271 78.000000000000000000
0.034370876854512733 0.010420590638854458 78.000000000000000000
0.034373440654359745 0.010417548745269531 78.000000000000000000
0.034375993905425950 0.010414569084515879 78.000000000000000000
0.034378536624430397 0.010411653415544815 78.000000000000000000
0.034381068826699002 0.010408803590012622 79.000000000000000000
0.034383590526097629 0.010406021557502271 79.000000000000000000
0.034386101734960831 0.010403309371075479 79.000000000000000000
0.034388602464016163 0.010400669193178532 79.000000000000000000
0.034391092722303972 0.010398103301925896 79.000000000000000000
0.034393572517092283 0.010395614097788226 79.000000000000000000
0.034396041853786002 0.010393204110714609 79.000000000000000000
0.034398500735830909 0.010390876007717631 79.000000000000000000
0.034400949164611200 0.010388632600956462 79.000000000000000000
0.034403387139340880 0.010386476856351900 79.000000000000000000
0.034405814656947975 0.010384411902772939 80.000000000000000000
0.034408231711951613 0.010382441041836624 80.000000000000000000
0.034410638296331092 0.010380567758363707 80.000000000000000000
0.034413034399386477 0.010378795731541386 80.000000000000000000
0.034415420007590361 0.010377128846841277 80.000000000000000000
0.034417795104429785 0.010375571208751830 80.000000000000000000
0.034420159670237926 0.010374127154383342 80.000000000000000000
0.034422513682014821 0.010372801268012002 80.000000000000000000
0.034424857113236132 0.010371598396633064 80.000000000000000000
0.034427189933649294 0.010370523666599248 81.000000000000000000
0.034429512109056114 0.010369582501427449 81.000000000000000000
0.034431823601080762 0.010368780640859930 81.000000000000000000
0.034434124366922211 0.010368124161280690 81.000000000000000000
0.034436414359089937 0.010367619497586213 81.000000000000000000
0.034438693525121598 0.010367273466626139 81.000000000000000000
0.034440961807281470 0.010367093292333852 81.000000000000000000
0.034443219142238336 0.010367086632679674 81.000000000000000000
0.034445465460720796 0.010367261608587208 81.000000000000000000
0.034447700687149092 0.010367626834969581 81.000000000000000000
0.034449924739240988 0.010368191454050657 82.000000000000000000
0.034452137527590208 0.010368965171152560 82.000000000000000000
0.034454338955215102 0.010369958293145430 82.000000000000000000
0.034456528917075485 0.010371181769770433 82.000000000000000000
0.034458707299554969 0.010372647238067526 82.000000000000000000
0.034460873979906478 0.010374367070155479 82.000000000000000000
0.034463028825657854 0.010376354424633196 82.000000000000000000
0.034465171693974547 0.010378623301894660 82.000000000000000000
0.034467302430976135 0.010381188603674608 82.000000000000000000
0.034469420871002882 0.010384066197165613 83.000000000000000000
0.034471526835828867 0.010387272984078599 83.000000000000000000
0.034473620133816850 0.010390826975047382 83.000000000000000000
0.034475700559010822 0.010394747369813081 83.000000000000000000
0.034477767890161146 0.010399054643656883 83.000000000000000000
0.034479821889676771 0.010403770640591642 83.000000000000000000
0.034481862302499000 0.010408918673861687 83.000000000000000000
0.034483888854890302 0.010414523634343663 83.000000000000000000
0.034485901253131432 0.010420612107495066 83.000000000000000000
0.034487899182119600 0.010427212499538952 83.000000000000000000
0.034489882303859624 0.010434355173635381 84.000000000000000000
0.034491850255839174 0.010442072596845139 84.000000000000000000
0.034493802649279211 0.010450399498753666 84.000000000000000000
0.034495739067249037 0.010459373042687315 84.000000000000000000
0.034497659062635237 0.010469033010525795 84.000000000000000000
0.034499562155952374 0.010479422002185329 84.000000000000000000
0.034501447832982535 0.010490585650923753 84.000000000000000000
0.034503315542230129 0.010502572855696673 84.000000000000000000
0.034505164692176120 0.010515436031878682 84.000000000000000000
0.034506994648316094 0.010529231381743919 84.000000000000000000
0.034508804729963809 0.010544019186186925 85.000000000000000000
0.034510594206801498 0.010559864119249814 85.000000000000000000
0.034512362295156133 0.010576835587107376 85.000000000000000000
0.034514108153979296 0.010595008093239143 85.000000000000000000
0.034515830880506693 0.010614461631599429 85.000000000000000000
0.034517529505571298 0.010635282109662277 85.000000000000000000
0.034519202988542323 0.010657561803278464 85.000000000000000000
0.034520850211859855 0.010681399845328236 85.000000000000000000
0.034522469975133294 0.010706902750180193 85.000000000000000000
0.034524060988768659 0.010734184975970826 86.000000000000000000
0.034525621867088255 0.010763369526695977 86.000000000000000000
0.034527151120903016 0.010794588596043880 86.000000000000000000
0.034528647149496008 0.010827984254795298 86.000000000000000000
0.034530108231971904 0.010863709183459401 86.000000000000000000
0.034531532517926199 0.010901927451596351 86.000000000000000000
0.034532918017383937 0.010942815344977116 86.000000000000000000
0.034534262589955969 0.010986562241356326 86.000000000000000000
0.034535563933158618 0.011033371535147558 86.000000000000000000
0.034536819569840199 0.011083461610687318 86.000000000000000000
0.034538026834656552 0.011137066863053482 87.000000000000000000
0.034539182859535930 0.011194438764507656 87.000000000000000000
0.034540284558074424 0.011255846973597359 87.000000000000000000
0.034541328608801394 0.011321580482708491 87.000000000000000000
0.034542311437258222 0.011391948798433407 87.000000000000000000
0.034543229196834016 0.011467283147459994 87.000000000000000000
0.034544077748308366 0.011547937698806802 87.000000000000000000
0.034544852638056386 0.011634290791091684 87.000000000000000000
0.034545549074880749 0.011726746151146777 87.000000000000000000
0.034546161905447792 0.011825734087639320 88.000000000000000000
0.034546685588319206 0.011931712640467216 88.000000000000000000
0.034547114166591966 0.012045168663538853 88.000000000000000000
0.034547441239183074 0.012166618815159704 88.000000000000000000
0.034547659930826681 0.012296610426630548 88.000000000000000000
0.034547762860888613 0.012435722215856369 88.000000000000000000
0.034547742111148722 0.012584564808779545 88.000000000000000000
0.034547589192754941 0.012743781027341078 88.000000000000000000
0.034547295012617850 0.012914045898460276 88.000000000000000000
0.034546849839588757 0.013096066334248747 88.000000000000000000
0.034546243270851873 0.013290580429373285 89.000000000000000000
0.034545464199061300 0.013498356317200514 89.000000000000000000
0.034544500780867370 0.013720190522107257 89.000000000000000000
0.034543340407605108 0.013956905741185700 89.000000000000000000
0.034541969679059863 0.014209347984534992 89.000000000000000000
0.034540374381380627 0.014478382999475270 89.000000000000000000
0.034538539470379354 0.014764891900431317 89.000000000000000000
0.034536449061631336 0.015069765923024689 90.000000000000000000
0.034534086428973085 0.015393900218281582 90.000000000000000000
0.034531434013176363 0.015738186601066507 90.000000000000000000
0.034528473442749452 0.016103505166267185 90.000000000000000000
0.034525185568972820 0.016490714687381763 90.000000000000000000
0.034521550517400731 0.016900641715643112 90.000000000000000000
0.034517547758141559 0.017334068304459372 90.000000000000000000
0.034513156197247499 0.017791718294711815 90.000000000000000000
0.034508354291482482 0.018274242112426023 90.000000000000000000
0.034503120188572753 0.018782200052705859 90.000000000000000000
0.034497431894759192 0.019316044053837238 91.000000000000000000
0.034491267471040518 0.019876098004287263 91.000000000000000000
0.034484605258910048 0.020462536673966851 91.000000000000000000
0.034477424135629070 0.021075363420276400 91.000000000000000000
0.034469703798146449 0.021714386889326469 91.000000000000000000
0.034461425073675042 0.022379197012852230 91.000000000000000000
0.034452570253689016 0.023069140690394563 91.000000000000000000
0.034443123446754237 0.023783297641932648 91.000000000000000000
0.034433070944198715 0.024520457014763571 91.000000000000000000
0.034422401591247730 0.025279095425204786 91.000000000000000000
0.034411107154975654 0.026057357204597301 92.000000000000000000
0.034399182679366314 0.026853037692992243 92.000000000000000000
0.034386626817028407 0.027663570474994917 92.000000000000000000
0.034373442126783393 0.028486019472583213 92.000000000000000000
0.034359635326511914 0.029317076792023493 92.000000000000000000
0.034345217491366389 0.030153067160638671 92.000000000000000000
0.034330204188749110 0.030989959681190112 92.000000000000000000
0.034314615543282773 0.031823387477832761 92.000000000000000000
0.034298476227286927 0.032648675613272400 92.000000000000000000
0.034281815374886226 0.033460877431977488 93.000000000000000000
0.034264666420651402 0.034254819243354738 93.000000000000000000
0.034247066866418215 0.035025153018724740 93.000000000000000000
0.034229057982452238 0.035766416553964654 93.000000000000000000
0.034210684451251396 0.036473100359992489 93.000000000000000000
0.034191993963866324 0.037139720393322868 93.000000000000000000
0.034173036779586427 0.037760895626577098 93.000000000000000000
0.034153865260162987 0.038331429370833114 93.000000000000000000
0.034134533389456954 0.038846393174949798 93.000000000000000000
0.034115096288599135 0.039301212012815230 94.000000000000000000
0.034095609735561479 0.039691749300896445 94.000000000000000000
0.034076129696611682 0.040014390049420756 94.000000000000000000
0.034056711875610587 0.040266120144666309 94.000000000000000000
0.034037411285651950 0.040444599416622977 94.000000000000000000
0.034018281846251115 0.040548225821687260 94.000000000000000000
0.033999376008238748 0.040576187840360579 94.000000000000000000
0.033980744407751978 0.040528502138924033 94.000000000000000000
0.033962435550238659 0.040406033745534288 94.000000000000000000
0.033944495525172924 0.040210496490579242 94.000000000000000000
0.033926967752164972 0.039944432260818535 95.000000000000000000
0.033909892759258972 0.039611168669112962 95.000000000000000000
0.033893307994371111 0.039214755951629203 95.000000000000000000
0.033877247670940386 0.038759885143601965 95.000000000000000000
0.033861742648884766 0.038251790711147114 95.000000000000000000
0.033846820351822793 0.037696141699310161 95.000000000000000000
0.033832504721213949 0.037098925997728266 95.000000000000000000
0.033818816207594235 0.036466332476279367 95.000000000000000000
0.033805771798458714 0.035804635510496903 95.000000000000000000
0.033793385081619214 0.035120085858070131 95.000000000000000000
0.033781666342094702 0.034418811059044652 96.000000000000000000
0.033770622689835328 0.033706727627664294 96.000000000000000000
0.033760258214891418 0.032989466395453200 96.000000000000000000
0.033750574166065160 0.032272311545381606 96.000000000000000000
0.033741569148655670 0.031560153206141715 96.000000000000000000
0.033733239336652052 0.030857452977998721 96.000000000000000000
0.033725578694647519 0.030168221429330431 96.000000000000000000
0.033718579204839033 0.029496006404888492 96.000000000000000000
0.033712231094723349 0.028843890881717443 96.000000000000000000
0.033706523061481045 0.028214499057261228 97.000000000000000000
0.033701442489524121 0.027610009328551725 97.000000000000000000
0.033696975658239627 0.027032172809820443 97.000000000000000000
0.033693107937557115 0.026482336042519386 97.000000000000000000
0.033689823969570445 0.025961466591764439 97.000000000000000000
0.033687107835027236 0.025470180315299410 97.000000000000000000
0.033684943204036755 0.025008769248964835 97.000000000000000000
0.033683313470825635 0.024577229278295129 97.000000000000000000
0.033682201872776048 0.024175287045598362 97.000000000000000000
0.033681591594311555 0.023802425846730622 98.000000000000000000
0.033681465856449051 0.023457910562143136 98.000000000000000000
0.033681807993018141 0.023140811900044651 98.000000000000000000
0.033682601514666746 0.022850030369373633 98.000000000000000000
0.033683830161833739 0.022584320424991037 98.000000000000000000
0.033685477947885636 0.022342315135455523 98.000000000000000000
0.033687529193592310 0.022122551534422087 98.000000000000000000
0.033689968554067792 0.021923496567127103 98.000000000000000000
0.033692781039232178 0.021743573280638053 98.000000000000000000
0.033695952028766366 0.021581186678232684 98.000000000000000000
0.033699467282441289 0.021434748503576892 99.000000000000000000
0.033703312946606424 0.021302700163149425 99.000000000000000000
0.033707475557528913 0.021183533041191974 99.000000000000000000
0.033711942042181094 0.021075805598504121 99.000000000000000000
0.033716699716987229 0.020978156849673305 99.000000000000000000
0.033721736284957698 0.020889316050720922 99.000000000000000000
0.033727039831564512 0.020808108667819219 99.000000000000000000
0.033732598819644535 0.020733458909509089 99.000000000000000000
0.033738402083557398 0.020664389269556452 99.000000000000000000
0.033744438822775065 0.020600017634582725 99.000000000000000000
0.033750698595036696 0.020539552558176886 100.000000000000000000
0.033757171309168589 0.020482287296857391 100.000000000000000000
0.033763847217642542 0.020427593153354281 100.000000000000000000
0.033770716908925462 0.020374912592013680 100.000000000000000000
0.033777771299659684 0.020323752492803628 100.000000000000000000
0.033785001626704426 0.020273677806454022 100.000000000000000000
0.033792399439063425 0.020224305773606052 100.000000000000000000
0.033799956589721639 0.020175300782951117 100.000000000000000000
0.033807665227413047 0.020126369872078619 100.000000000000000000
0.033815517788342284 0.020077258822588265 101.000000000000000000
0.033823506987883098 0.020027748768315499 101.000000000000000000
0.033831625812277513 0.019977653220780885 101.000000000000000000
0.033839867510359611 0.019926815416426488 101.000000000000000000
0.033848225585327296 0.019875105902085639 101.000000000000000000
0.033856693786584381 0.019822420294223222 101.000000000000000000
0.033865266101674271 0.019768677169615459 101.000000000000000000
0.033873936748323417 0.019713816066538083 101.000000000000000000
0.033882700166612247 0.019657795593221759 101.000000000000000000
0.033891551011287248 0.019600591652395825 101.000000000000000000
0.033900484144226944 0.019542195796288773 102.000000000000000000
0.033909494627072198 0.019482613725728584 102.000000000000000000
0.033918577714028890 0.019421863941051040 102.000000000000000000
0.033927728844850374 0.019359976543046550 102.000000000000000000
0.033936943638004896 0.019296992171152553 102.000000000000000000
0.033946217884032653 0.019232961055496441 102.000000000000000000
0.033955547539095902 0.019167942150898853 102.000000000000000000
0.033964928718724217 0.019102002315842585 102.000000000000000000
0.033974357691756857 0.019035215498384935 102.000000000000000000
0.033983830874482597 0.018967661894169333 103.000000000000000000
0.033993344824976630 0.018899427048639453 103.000000000000000000
0.034002896237633626 0.018830600885480903 103.000000000000000000
0.034012481937894266 0.018761276655023217 103.000000000000000000
0.034022098877162670 0.018691549808574709 103.000000000000000000
0.034031744127910553 0.018621516816186859 103.000000000000000000
0.034041414878963464 0.018551273955004419 103.000000000000000000
0.034051108430964309 0.018480916102297948 103.000000000000000000
0.034060822192008164 0.018410535570995590 103.000000000000000000
0.034070553673442874 0.018340221025815055 103.000000000000000000
0.034080300485829232 0.018270056515134098 104.000000000000000000
0.034090060335055072 0.018200120648022414 104.000000000000000000
0.034099831018597392 0.018130485938040935 104.000000000000000000
0.034109610421926950 0.018061218326366545 104.000000000000000000
0.034119396515050492 0.017992376887364783 104.000000000000000000
0.034129187349185339 0.017924013710729398 104.000000000000000000
0.034138981053562202 0.017856173946400791 104.000000000000000000
0.034148775832351833 0.017788895992207409 104.000000000000000000
0.034158569961711703 0.017722211799810449 104.000000000000000000
0.034168361786948979 0.017656147272202272 105.000000000000000000
0.034178149719796116 0.017590722725640134 105.000000000000000000
0.034187932235795804 0.017525953390224388 105.000000000000000000
0.034197707871791369 0.017461849926079655 105.000000000000000000
0.034207475223519662 0.017398418935788813 105.000000000000000000
0.034217232943302284 0.017335663458033997 105.000000000000000000
0.034226979737831925 0.017273583431832822 105.000000000000000000
0.034236714366049942 0.017212176124994656 105.000000000000000000
0.034246435637111564 0.017151436524184802 105.000000000000000000
0.034256142408434762 0.017091357687031711 105.000000000000000000
0.034265833583829265 0.017031931058941064 106.000000000000000000
0.034275508111702171 0.016973146758665267 106.000000000000000000
0.034285164983336225 0.016914993837232724 106.000000000000000000
0.034294803231237778 0.016857460514723154 106.000000000000000000
0.034304421927551031 0.016800534398677864 106.000000000000000000
0.034314020182535397 0.016744202686922834 106.000000000000000000
0.034323597143103422 0.016688452356358192 106.000000000000000000
0.034333151991416434 0.016633270338076322 106.000000000000000000
0.034342683943535457 0.016578643678135177 106.000000000000000000
0.034352192248125357 0.016524559682535651 107.000000000000000000
0.034361676185209931 0.016471006044514753 107.000000000000000000
0.034371135064976063 0.016417970952186365 107.000000000000000000
0.034380568226625247 0.016365443174812252 107.000000000000000000
0.034389975037270565 0.016313412126528599 107.000000000000000000
0.034399354890877816 0.016261867907089750 107.000000000000000000
0.034408707207248888 0.016210801320073017 107.000000000000000000
0.034418031431046173 0.016160203869863634 107.000000000000000000
0.034427327030856436 0.016110067739591789 107.000000000000000000
0.034436593498292652 0.016060385752888734 107.000000000000000000
0.034445830347132715 0.016011151322858293 108.000000000000000000
