Residual Convergence speed Computational time
0.12499903 0.01356877 1.00000000
0.12499780 0.01210331 1.00000000
0.12499612 0.01045158 1.00000000
0.12499421 0.00916058 1.00000000
0.12499208 0.00854476 1.00000000
0.12498973 0.00876162 1.00000000
0.12498712 0.00975134 1.00000000
0.12498419 0.01131614 1.00000000
0.12498089 0.01326714 2.00000000
0.12497717 0.01548010 2.00000000
0.12497293 0.01788536 2.00000000
0.12496812 0.02044735 2.00000000
0.12496263 0.02315029 2.00000000
0.12495636 0.02598998 2.00000000
0.12494919 0.02896923 2.00000000
0.12494098 0.03209532 2.00000000
0.12493159 0.03537859 2.00000000
0.12492082 0.03883162 2.00000000
0.12490847 0.04246874 2.00000000
0.12489431 0.04630575 2.00000000
0.12487807 0.05035978 2.00000000
0.12485945 0.05464922 2.00000000
0.12483808 0.05919369 2.00000000
0.12481356 0.06401400 2.00000000
0.12478543 0.06913226 3.00000000
0.12475316 0.07457183 3.00000000
0.12471614 0.08035740 3.00000000
0.12467366 0.08651505 3.00000000
0.12462494 0.09307227 3.00000000
0.12456907 0.10005799 3.00000000
0.12450499 0.10750262 3.00000000
0.12443152 0.11543807 3.00000000
0.12434731 0.12389772 3.00000000
0.12425081 0.13291640 3.00000000
0.12414025 0.14253031 3.00000000
0.12401364 0.15277689 3.00000000
0.12386870 0.16369465 3.00000000
0.12370285 0.17532294 3.00000000
0.12351320 0.18770153 3.00000000
0.12329644 0.20087023 3.00000000
0.12304889 0.21486822 4.00000000
0.12276641 0.22973328 4.00000000
0.12244437 0.24550077 4.00000000
0.12207762 0.26220236 4.00000000
0.12166047 0.27986443 4.00000000
0.12118667 0.29850607 4.00000000
0.12064939 0.31813668 4.00000000
0.12004122 0.33875297 8.00000000
0.11935426 0.36033550 12.00000000
0.11858013 0.38284446 18.00000000
0.11771008 0.40621494 25.00000000
0.11673518 0.43035154 31.00000000
0.11564650 0.45512264 38.00000000
0.11443540 0.48035446 43.00000000
0.11309385 0.50582565 46.00000000
0.11161484 0.53126294 46.00000000
0.10999283 0.55633907 46.00000000
0.10822429 0.58067439 46.00000000
0.10630815 0.60384350 46.00000000
0.10424634 0.62538862 46.00000000
0.10204415 0.64484069 46.00000000
0.09971051 0.66174813 46.00000000
0.09725803 0.67571205 46.00000000
0.09470286 0.68642397 47.00000000
0.09206425 0.69370094 47.00000000
0.08936381 0.69751090 47.00000000
0.08662467 0.69798192 47.00000000
0.08387044 0.69539104 47.00000000
0.08112421 0.69013278 47.00000000
0.07840759 0.68267211 47.00000000
0.07574001 0.67349121 47.00000000
0.07313820 0.66304039 47.00000000
0.07061597 0.65170233 47.00000000
0.06818415 0.63977414 48.00000000
0.06585081 0.62746665 48.00000000
0.06362148 0.61491660 48.00000000
0.06149949 0.60220518 48.00000000
0.05948631 0.58937740 48.00000000
0.05758190 0.57645847 48.00000000
0.05578495 0.56346546 48.00000000
0.05409319 0.55041454 48.00000000
0.05250358 0.53732455 48.00000000
0.05101249 0.52421831 48.00000000
0.04961587 0.51112249 49.00000000
0.04830935 0.49806691 49.00000000
0.04708838 0.48508348 49.00000000
0.04594831 0.47220521 49.00000000
0.04488443 0.45946517 49.00000000
0.04389210 0.44689556 49.00000000
0.04296674 0.43452695 50.00000000
0.04210391 0.42238757 50.00000000
0.04129932 0.41050281 51.00000000
0.04054887 0.39889486 51.00000000
0.03984864 0.38758251 51.00000000
0.03919496 0.37658106 51.00000000
0.03858432 0.36590238 51.00000000
0.03801349 0.35555510 51.00000000
0.03747940 0.34554475 51.00000000
0.03697923 0.33587410 51.00000000
0.03651033 0.32654344 51.00000000
0.03607027 0.31755088 51.00000000
0.03565680 0.30889264 52.00000000
0.03526783 0.30056342 52.00000000
0.03490145 0.29255657 52.00000000
0.03455589 0.28486443 52.00000000
0.03422954 0.27747854 52.00000000
0.03392090 0.27038980 52.00000000
0.03362861 0.26358872 52.00000000
0.03335142 0.25706548 52.00000000
0.03308817 0.25081017 52.00000000
0.03283782 0.24481279 53.00000000
0.03259939 0.23906342 53.00000000
0.03237202 0.23355225 53.00000000
0.03215489 0.22826966 53.00000000
0.03194725 0.22320626 53.00000000
0.03174844 0.21835291 53.00000000
0.03155783 0.21370078 53.00000000
0.03137486 0.20924131 53.00000000
0.03119901 0.20496629 53.00000000
0.03102979 0.20086781 54.00000000
0.03086678 0.19693827 54.00000000
0.03070958 0.19317042 54.00000000
0.03055782 0.18955726 54.00000000
0.03041117 0.18609213 54.00000000
0.03026932 0.18276863 54.00000000
0.03013199 0.17958065 54.00000000
0.02999892 0.17652232 54.00000000
0.02986987 0.17358801 54.00000000
0.02974463 0.17077234 55.00000000
0.02962300 0.16807014 55.00000000
0.02950479 0.16547643 55.00000000
0.02938983 0.16298644 55.00000000
0.02927796 0.16059559 55.00000000
0.02916904 0.15829946 55.00000000
0.02906293 0.15609379 55.00000000
0.02895950 0.15397451 55.00000000
0.02885865 0.15193767 55.00000000
0.02876025 0.14997950 55.00000000
0.02866420 0.14809636 56.00000000
0.02857042 0.14628473 56.00000000
0.02847881 0.14454126 56.00000000
0.02838928 0.14286271 56.00000000
0.02830176 0.14124599 56.00000000
0.02821617 0.13968812 56.00000000
0.02813244 0.13818625 56.00000000
0.02805050 0.13673765 56.00000000
0.02797029 0.13533972 56.00000000
0.02789175 0.13398995 56.00000000
0.02781482 0.13268596 57.00000000
0.02773945 0.13142548 57.00000000
0.02766557 0.13020633 57.00000000
0.02759316 0.12902645 57.00000000
0.02752214 0.12788386 57.00000000
0.02745249 0.12677668 57.00000000
0.02738415 0.12570313 57.00000000
0.02731709 0.12466150 57.00000000
0.02725126 0.12365018 57.00000000
0.02718663 0.12266764 58.00000000
0.02712315 0.12171240 58.00000000
0.02706080 0.12078310 58.00000000
0.02699953 0.11987840 58.00000000
0.02693932 0.11899706 58.00000000
0.02688014 0.11813791 58.00000000
0.02682194 0.11729981 58.00000000
0.02676472 0.11648171 58.00000000
0.02670843 0.11568260 58.00000000
0.02665305 0.11490153 58.00000000
0.02659855 0.11413759 59.00000000
0.02654492 0.11338995 59.00000000
0.02649211 0.11265778 59.00000000
0.02644012 0.11194035 59.00000000
0.02638892 0.11123692 59.00000000
0.02633848 0.11054682 59.00000000
0.02628880 0.10986942 59.00000000
0.02623983 0.10920411 59.00000000
0.02619158 0.10855033 59.00000000
0.02614401 0.10790755 59.00000000
0.02609712 0.10727527 60.00000000
0.02605087 0.10665302 60.00000000
0.02600526 0.10604035 60.00000000
0.02596028 0.10543685 60.00000000
0.02591589 0.10484213 60.00000000
0.02587210 0.10425582 60.00000000
0.02582888 0.10367759 60.00000000
0.02578622 0.10310711 60.00000000
0.02574410 0.10254407 60.00000000
0.02570252 0.10198821 60.00000000
0.02566146 0.10143924 61.00000000
0.02562091 0.10089693 61.00000000
0.02558085 0.10036105 61.00000000
0.02554128 0.09983137 61.00000000
0.02550218 0.09930770 61.00000000
0.02546354 0.09878985 61.00000000
0.02542535 0.09827763 61.00000000
0.02538761 0.09777089 61.00000000
0.02535029 0.09726947 63.00000000
0.02531340 0.09677322 63.00000000
0.02527692 0.09628202 63.00000000
0.02524084 0.09579572 63.00000000
0.02520516 0.09531422 63.00000000
0.02516987 0.09483741 63.00000000
0.02513495 0.09436517 63.00000000
0.02510040 0.09389742 63.00000000
0.02506621 0.09343406 64.00000000
0.02503238 0.09297501 64.00000000
0.02499890 0.09252018 64.00000000
0.02496576 0.09206951 64.00000000
0.02493295 0.09162291 64.00000000
0.02490047 0.09118034 64.00000000
0.02486830 0.09074171 64.00000000
0.02483646 0.09030697 64.00000000
0.02480492 0.08987608 64.00000000
0.02477368 0.08944896 64.00000000
0.02474274 0.08902558 65.00000000
0.02471209 0.08860589 65.00000000
0.02468172 0.08818983 65.00000000
0.02465163 0.08777737 65.00000000
0.02462182 0.08736847 65.00000000
0.02459228 0.08696308 65.00000000
0.02456300 0.08656116 65.00000000
0.02453398 0.08616269 65.00000000
0.02450522 0.08576762 65.00000000
0.02447671 0.08537593 66.00000000
0.02444844 0.08498757 66.00000000
0.02442042 0.08460252 67.00000000
0.02439263 0.08422074 67.00000000
0.02436508 0.08384221 67.00000000
0.02433776 0.08346689 68.00000000
0.02431066 0.08309476 68.00000000
0.02428378 0.08272578 68.00000000
0.02425713 0.08235994 68.00000000
0.02423069 0.08199719 68.00000000
0.02420446 0.08163752 68.00000000
0.02417843 0.08128090 68.00000000
0.02415262 0.08092730 68.00000000
0.02412700 0.08057670 68.00000000
0.02410158 0.08022906 68.00000000
0.02407636 0.07988437 69.00000000
0.02405133 0.07954260 69.00000000
0.02402649 0.07920372 69.00000000
0.02400183 0.07886772 70.00000000
0.02397736 0.07853455 70.00000000
0.02395307 0.07820421 70.00000000
0.02392896 0.07787666 70.00000000
0.02390502 0.07755188 70.00000000
0.02388125 0.07722984 70.00000000
0.02385766 0.07691053 70.00000000
0.02383423 0.07659392 70.00000000
0.02381097 0.07627998 70.00000000
0.02378787 0.07596868 70.00000000
0.02376494 0.07566002 70.00000000
0.02374216 0.07535395 70.00000000
0.02371954 0.07505046 70.00000000
0.02369707 0.07474953 70.00000000
0.02367475 0.07445113 70.00000000
0.02365259 0.07415523 71.00000000
0.02363057 0.07386182 71.00000000
0.02360870 0.07357086 71.00000000
0.02358697 0.07328234 71.00000000
0.02356539 0.07299624 71.00000000
0.02354394 0.07271252 71.00000000
0.02352264 0.07243117 71.00000000
0.02350147 0.07215217 71.00000000
0.02348044 0.07187548 71.00000000
0.02345954 0.07160109 71.00000000
0.02343877 0.07132898 71.00000000
0.02341813 0.07105912 71.00000000
0.02339763 0.07079149 71.00000000
0.02337724 0.07052607 71.00000000
0.02335699 0.07026284 71.00000000
0.02333686 0.07000176 71.00000000
0.02331685 0.06974283 72.00000000
0.02329696 0.06948602 72.00000000
0.02327719 0.06923131 72.00000000
0.02325754 0.06897867 72.00000000
0.02323801 0.06872808 72.00000000
0.02321859 0.06847953 72.00000000
0.02319928 0.06823300 72.00000000
0.02318009 0.06798845 72.00000000
0.02316101 0.06774587 72.00000000
0.02314204 0.06750525 72.00000000
0.02312318 0.06726655 72.00000000
0.02310443 0.06702976 72.00000000
0.02308579 0.06679486 72.00000000
0.02306725 0.06656183 72.00000000
0.02304881 0.06633065 72.00000000
0.02303048 0.06610129 73.00000000
0.02301225 0.06587375 73.00000000
0.02299413 0.06564799 73.00000000
0.02297610 0.06542401 73.00000000
0.02295817 0.06520178 73.00000000
0.02294034 0.06498128 73.00000000
0.02292261 0.06476250 73.00000000
0.02290497 0.06454541 73.00000000
0.02288743 0.06433000 73.00000000
0.02286998 0.06411625 73.00000000
0.02285262 0.06390414 73.00000000
0.02283536 0.06369366 73.00000000
0.02281819 0.06348478 73.00000000
0.02280111 0.06327749 73.00000000
0.02278412 0.06307177 74.00000000
0.02276721 0.06286761 74.00000000
0.02275040 0.06266499 74.00000000
0.02273367 0.06246388 74.00000000
0.02271703 0.06226428 74.00000000
0.02270047 0.06206617 74.00000000
0.02268400 0.06186953 74.00000000
0.02266761 0.06167435 74.00000000
0.02265130 0.06148061 74.00000000
0.02263508 0.06128829 74.00000000
0.02261894 0.06109739 74.00000000
0.02260288 0.06090787 74.00000000
0.02258690 0.06071974 74.00000000
0.02257099 0.06053297 74.00000000
0.02255517 0.06034755 74.00000000
0.02253942 0.06016346 74.00000000
0.02252376 0.05998070 75.00000000
0.02250816 0.05979924 75.00000000
0.02249265 0.05961907 75.00000000
0.02247720 0.05944018 75.00000000
0.02246184 0.05926255 75.00000000
0.02244654 0.05908618 75.00000000
0.02243132 0.05891104 75.00000000
0.02241618 0.05873713 75.00000000
0.02240110 0.05856443 75.00000000
0.02238610 0.05839293 75.00000000
0.02237116 0.05822261 75.00000000
0.02235630 0.05805346 76.00000000
0.02234150 0.05788548 76.00000000
0.02232678 0.05771864 76.00000000
0.02231212 0.05755294 76.00000000
0.02229753 0.05738836 76.00000000
0.02228301 0.05722490 76.00000000
0.02226856 0.05706253 76.00000000
0.02225417 0.05690125 76.00000000
0.02223984 0.05674105 76.00000000
0.02222558 0.05658191 76.00000000
0.02221139 0.05642383 76.00000000
0.02219726 0.05626680 76.00000000
0.02218320 0.05611079 76.00000000
0.02216919 0.05595581 76.00000000
0.02215525 0.05580183 77.00000000
0.02214137 0.05564886 77.00000000
0.02212756 0.05549688 77.00000000
0.02211380 0.05534588 77.00000000
0.02210011 0.05519584 77.00000000
0.02208647 0.05504677 77.00000000
0.02207290 0.05489865 77.00000000
0.02205938 0.05475146 77.00000000
0.02204592 0.05460521 77.00000000
0.02203253 0.05445988 77.00000000
0.02201919 0.05431546 77.00000000
0.02200590 0.05417194 77.00000000
0.02199268 0.05402931 77.00000000
0.02197951 0.05388757 77.00000000
0.02196640 0.05374670 78.00000000
0.02195334 0.05360670 78.00000000
0.02194034 0.05346756 78.00000000
0.02192739 0.05332926 78.00000000
0.02191450 0.05319181 78.00000000
0.02190166 0.05305519 78.00000000
0.02188888 0.05291939 78.00000000
0.02187615 0.05278440 78.00000000
0.02186347 0.05265023 78.00000000
0.02185085 0.05251685 78.00000000
0.02183828 0.05238426 78.00000000
0.02182576 0.05225246 78.00000000
0.02181329 0.05212143 78.00000000
0.02180087 0.05199117 78.00000000
0.02178851 0.05186167 79.00000000
0.02177619 0.05173293 79.00000000
0.02176393 0.05160493 79.00000000
0.02175171 0.05147767 79.00000000
0.02173955 0.05135114 79.00000000
0.02172743 0.05122533 79.00000000
0.02171537 0.05110025 79.00000000
0.02170335 0.05097587 79.00000000
0.02169138 0.05085219 79.00000000
0.02167946 0.05072922 79.00000000
0.02166758 0.05060693 79.00000000
0.02165576 0.05048533 79.00000000
0.02164398 0.05036440 80.00000000
0.02163224 0.05024414 80.00000000
0.02162056 0.05012455 80.00000000
0.02160891 0.05000562 80.00000000
0.02159732 0.04988734 80.00000000
0.02158577 0.04976970 80.00000000
0.02157427 0.04965271 80.00000000
0.02156281 0.04953634 80.00000000
0.02155139 0.04942061 80.00000000
0.02154002 0.04930550 80.00000000
0.02152869 0.04919100 80.00000000
0.02151741 0.04907711 80.00000000
0.02150617 0.04896383 80.00000000
0.02149498 0.04885115 80.00000000
0.02148383 0.04873907 81.00000000
0.02147272 0.04862757 81.00000000
0.02146165 0.04851665 81.00000000
0.02145062 0.04840631 81.00000000
0.02143964 0.04829655 81.00000000
0.02142870 0.04818735 81.00000000
0.02141780 0.04807872 81.00000000
0.02140694 0.04797064 81.00000000
0.02139612 0.04786311 81.00000000
0.02138534 0.04775613 81.00000000
0.02137461 0.04764970 81.00000000
0.02136391 0.04754380 81.00000000
0.02135325 0.04743843 81.00000000
0.02134264 0.04733360 81.00000000
0.02133206 0.04722928 82.00000000
0.02132152 0.04712549 82.00000000
0.02131102 0.04702221 82.00000000
0.02130056 0.04691944 82.00000000
0.02129014 0.04681718 82.00000000
0.02127975 0.04671541 82.00000000
0.02126941 0.04661415 82.00000000
0.02125910 0.04651337 82.00000000
0.02124883 0.04641309 82.00000000
0.02123860 0.04631329 82.00000000
0.02122840 0.04621397 82.00000000
0.02121825 0.04611512 82.00000000
0.02120812 0.04601675 83.00000000
0.02119804 0.04591884 83.00000000
0.02118799 0.04582140 83.00000000
0.02117798 0.04572442 83.00000000
0.02116800 0.04562790 83.00000000
0.02115806 0.04553183 83.00000000
0.02114816 0.04543620 83.00000000
0.02113829 0.04534102 83.00000000
0.02112846 0.04524629 83.00000000
0.02111866 0.04515199 83.00000000
0.02110889 0.04505812 83.00000000
0.02109916 0.04496468 84.00000000
0.02108947 0.04487168 84.00000000
0.02107981 0.04477909 85.00000000
0.02107018 0.04468692 85.00000000
0.02106059 0.04459518 85.00000000
0.02105103 0.04450384 85.00000000
0.02104150 0.04441292 85.00000000
0.02103201 0.04432240 85.00000000
0.02102255 0.04423228 85.00000000
0.02101313 0.04414257 85.00000000
0.02100373 0.04405325 85.00000000
0.02099437 0.04396432 85.00000000
0.02098504 0.04387579 85.00000000
0.02097575 0.04378764 85.00000000
0.02096648 0.04369988 85.00000000
0.02095725 0.04361250 85.00000000
0.02094805 0.04352550 86.00000000
0.02093888 0.04343887 86.00000000
0.02092974 0.04335262 86.00000000
0.02092064 0.04326674 86.00000000
0.02091156 0.04318122 86.00000000
0.02090252 0.04309607 86.00000000
0.02089351 0.04301128 86.00000000
0.02088452 0.04292685 86.00000000
0.02087557 0.04284277 86.00000000
0.02086665 0.04275905 86.00000000
0.02085776 0.04267568 86.00000000
0.02084890 0.04259266 86.00000000
0.02084007 0.04250998 87.00000000
0.02083126 0.04242764 87.00000000
0.02082249 0.04234565 87.00000000
0.02081375 0.04226399 87.00000000
0.02080504 0.04218267 87.00000000
0.02079635 0.04210168 87.00000000
0.02078770 0.04202102 87.00000000
0.02077907 0.04194068 87.00000000
0.02077047 0.04186068 87.00000000
0.02076190 0.04178099 87.00000000
0.02075336 0.04170163 87.00000000
0.02074485 0.04162259 87.00000000
0.02073636 0.04154386 87.00000000
0.02072791 0.04146545 87.00000000
0.02071948 0.04138734 88.00000000
0.02071108 0.04130955 88.00000000
0.02070270 0.04123206 88.00000000
0.02069436 0.04115488 88.00000000
0.02068604 0.04107801 88.00000000
0.02067775 0.04100143 88.00000000
0.02066948 0.04092515 88.00000000
0.02066124 0.04084917 88.00000000
0.02065303 0.04077348 88.00000000
0.02064485 0.04069808 88.00000000
0.02063669 0.04062298 88.00000000
0.02062856 0.04054816 88.00000000
0.02062045 0.04047363 88.00000000
0.02061237 0.04039939 88.00000000
0.02060432 0.04032542 89.00000000
0.02059629 0.04025174 89.00000000
0.02058829 0.04017834 89.00000000
0.02058032 0.04010521 89.00000000
0.02057237 0.04003236 89.00000000
0.02056444 0.03995978 89.00000000
0.02055654 0.03988747 89.00000000
0.02054867 0.03981543 89.00000000
0.02054082 0.03974366 89.00000000
0.02053300 0.03967215 89.00000000
0.02052520 0.03960091 89.00000000
0.02051742 0.03952993 89.00000000
0.02050967 0.03945922 89.00000000
0.02050195 0.03938876 89.00000000
0.02049424 0.03931855 90.00000000
0.02048657 0.03924861 90.00000000
0.02047891 0.03917892 90.00000000
0.02047129 0.03910947 90.00000000
0.02046368 0.03904029 90.00000000
0.02045610 0.03897134 90.00000000
0.02044854 0.03890265 90.00000000
0.02044101 0.03883420 90.00000000
0.02043350 0.03876600 90.00000000
0.02042601 0.03869804 90.00000000
0.02041855 0.03863032 90.00000000
0.02041111 0.03856284 90.00000000
0.02040369 0.03849560 90.00000000
0.02039630 0.03842860 91.00000000
0.02038892 0.03836183 91.00000000
0.02038158 0.03829529 91.00000000
0.02037425 0.03822899 91.00000000
0.02036695 0.03816291 91.00000000
0.02035966 0.03809707 91.00000000
0.02035241 0.03803146 91.00000000
0.02034517 0.03796607 91.00000000
0.02033795 0.03790091 91.00000000
0.02033076 0.03783597 91.00000000
0.02032359 0.03777125 91.00000000
0.02031644 0.03770675 91.00000000
0.02030932 0.03764248 91.00000000
0.02030221 0.03757842 91.00000000
0.02029513 0.03751458 92.00000000
0.02028807 0.03745096 92.00000000
0.02028103 0.03738755 92.00000000
0.02027401 0.03732436 92.00000000
0.02026701 0.03726137 92.00000000
0.02026003 0.03719860 92.00000000
0.02025308 0.03713604 92.00000000
0.02024614 0.03707368 92.00000000
0.02023923 0.03701154 92.00000000
0.02023234 0.03694960 92.00000000
0.02022546 0.03688786 92.00000000
0.02021861 0.03682633 92.00000000
0.02021178 0.03676500 92.00000000
0.02020497 0.03670387 92.00000000
0.02019818 0.03664294 93.00000000
0.02019141 0.03658221 93.00000000
0.02018466 0.03652168 93.00000000
0.02017793 0.03646135 93.00000000
0.02017122 0.03640121 93.00000000
0.02016453 0.03634127 93.00000000
0.02015786 0.03628152 93.00000000
0.02015121 0.03622196 93.00000000
0.02014457 0.03616259 93.00000000
0.02013796 0.03610342 93.00000000
0.02013137 0.03604443 93.00000000
0.02012480 0.03598563 93.00000000
0.02011825 0.03592702 93.00000000
0.02011171 0.03586860 93.00000000
0.02010520 0.03581036 94.00000000
0.02009870 0.03575230 94.00000000
0.02009222 0.03569443 94.00000000
0.02008577 0.03563674 94.00000000
0.02007933 0.03557923 94.00000000
0.02007291 0.03552190 94.00000000
0.02006650 0.03546475 94.00000000
0.02006012 0.03540778 94.00000000
0.02005376 0.03535099 94.00000000
0.02004741 0.03529437 94.00000000
0.02004108 0.03523793 94.00000000
0.02003477 0.03518166 94.00000000
0.02002848 0.03512557 94.00000000
0.02002221 0.03506964 94.00000000
0.02001596 0.03501390 95.00000000
0.02000972 0.03495832 95.00000000
0.02000350 0.03490291 95.00000000
0.01999730 0.03484767 95.00000000
0.01999112 0.03479260 95.00000000
0.01998495 0.03473770 95.00000000
0.01997880 0.03468296 95.00000000
0.01997267 0.03462839 95.00000000
0.01996656 0.03457398 95.00000000
0.01996046 0.03451974 96.00000000
0.01995439 0.03446566 96.00000000
0.01994833 0.03441175 96.00000000
0.01994228 0.03435799 96.00000000
0.01993626 0.03430440 96.00000000
0.01993025 0.03425096 96.00000000
0.01992425 0.03419769 96.00000000
0.01991828 0.03414457 96.00000000
0.01991232 0.03409161 96.00000000
0.01990638 0.03403881 96.00000000
0.01990046 0.03398617 96.00000000
0.01989455 0.03393367 96.00000000
0.01988866 0.03388134 96.00000000
0.01988278 0.03382916 96.00000000
0.01987692 0.03377713 97.00000000
0.01987108 0.03372525 97.00000000
0.01986526 0.03367352 97.00000000
0.01985945 0.03362195 97.00000000
0.01985365 0.03357052 97.00000000
0.01984788 0.03351925 97.00000000
0.01984212 0.03346812 97.00000000
0.01983637 0.03341714 97.00000000
0.01983064 0.03336631 97.00000000
0.01982493 0.03331563 97.00000000
0.01981923 0.03326509 97.00000000
0.01981355 0.03321469 97.00000000
0.01980789 0.03316444 97.00000000
0.01980224 0.03311434 97.00000000
0.01979660 0.03306437 98.00000000
0.01979099 0.03301455 98.00000000
0.01978538 0.03296488 98.00000000
0.01977980 0.03291534 98.00000000
0.01977422 0.03286594 98.00000000
0.01976867 0.03281668 98.00000000
0.01976313 0.03276757 98.00000000
0.01975760 0.03271859 98.00000000
0.01975209 0.03266975 98.00000000
0.01974659 0.03262104 98.00000000
0.01974111 0.03257247 98.00000000
0.01973565 0.03252404 98.00000000
0.01973020 0.03247575 98.00000000
0.01972476 0.03242759 98.00000000
0.01971934 0.03237956 99.00000000
0.01971393 0.03233167 99.00000000
0.01970854 0.03228390 99.00000000
0.01970316 0.03223628 102.00000000
0.01969780 0.03218878 102.00000000
0.01969245 0.03214142 102.00000000
0.01968712 0.03209418 102.00000000
0.01968180 0.03204708 102.00000000
0.01967649 0.03200010 102.00000000
0.01967120 0.03195326 103.00000000
0.01966593 0.03190654 103.00000000
0.01966067 0.03185995 103.00000000
0.01965542 0.03181349 103.00000000
0.01965018 0.03176715 103.00000000
0.01964496 0.03172094 103.00000000
0.01963976 0.03167486 103.00000000
0.01963457 0.03162890 104.00000000
0.01962939 0.03158307 104.00000000
0.01962422 0.03153735 104.00000000
0.01961907 0.03149177 104.00000000
0.01961394 0.03144630 104.00000000
0.01960882 0.03140096 104.00000000
0.01960371 0.03135574 104.00000000
0.01959861 0.03131064 104.00000000
0.01959353 0.03126567 104.00000000
0.01958846 0.03122081 104.00000000
0.01958340 0.03117607 105.00000000
0.01957836 0.03113145 105.00000000
0.01957333 0.03108696 105.00000000
0.01956832 0.03104258 105.00000000
0.01956332 0.03099831 105.00000000
0.01955833 0.03095417 105.00000000
0.01955335 0.03091014 105.00000000
0.01954839 0.03086623 105.00000000
0.01954344 0.03082243 105.00000000
0.01953851 0.03077875 105.00000000
0.01953358 0.03073518 106.00000000
0.01952867 0.03069173 106.00000000
0.01952377 0.03064839 106.00000000
0.01951889 0.03060517 106.00000000
0.01951402 0.03056206 106.00000000
0.01950916 0.03051906 106.00000000
0.01950431 0.03047618 106.00000000
0.01949948 0.03043340 106.00000000
0.01949466 0.03039074 106.00000000
0.01948985 0.03034819 107.00000000
0.01948505 0.03030574 107.00000000
0.01948027 0.03026341 107.00000000
0.01947549 0.03022119 107.00000000
0.01947074 0.03017908 107.00000000
0.01946599 0.03013707 107.00000000
0.01946125 0.03009518 107.00000000
0.01945653 0.03005339 107.00000000
0.01945182 0.03001171 107.00000000
0.01944712 0.02997013 107.00000000
0.01944244 0.02992867 108.00000000
0.01943776 0.02988730 108.00000000
0.01943310 0.02984605 108.00000000
0.01942845 0.02980490 108.00000000
0.01942381 0.02976385 108.00000000
0.01941919 0.02972291 108.00000000
0.01941457 0.02968207 108.00000000
0.01940997 0.02964134 108.00000000
0.01940538 0.02960071 108.00000000
0.01940080 0.02956018 108.00000000
0.01939624 0.02951976 109.00000000
0.01939168 0.02947943 109.00000000
0.01938714 0.02943921 109.00000000
0.01938260 0.02939909 109.00000000
0.01937808 0.02935907 109.00000000
0.01937357 0.02931915 109.00000000
0.01936908 0.02927934 109.00000000
0.01936459 0.02923962 109.00000000
0.01936011 0.02920000 109.00000000
0.01935565 0.02916048 109.00000000
0.01935120 0.02912106 110.00000000
0.01934676 0.02908173 110.00000000
0.01934233 0.02904251 110.00000000
0.01933791 0.02900338 110.00000000
0.01933350 0.02896435 110.00000000
0.01932910 0.02892541 110.00000000
0.01932472 0.02888658 110.00000000
0.01932034 0.02884784 110.00000000
0.01931598 0.02880919 110.00000000
0.01931162 0.02877064 111.00000000
0.01930728 0.02873218 111.00000000
0.01930295 0.02869382 111.00000000
0.01929863 0.02865556 111.00000000
0.01929432 0.02861739 111.00000000
0.01929002 0.02857931 111.00000000
0.01928573 0.02854132 111.00000000
0.01928146 0.02850343 111.00000000
0.01927719 0.02846563 111.00000000
0.01927293 0.02842792 111.00000000
0.01926869 0.02839031 112.00000000
0.01926445 0.02835278 112.00000000
0.01926023 0.02831535 112.00000000
0.01925601 0.02827801 112.00000000
0.01925181 0.02824076 112.00000000
0.01924762 0.02820360 112.00000000
0.01924343 0.02816653 112.00000000
0.01923926 0.02812955 112.00000000
0.01923510 0.02809265 112.00000000
0.01923095 0.02805585 112.00000000
0.01922681 0.02801914 113.00000000
0.01922267 0.02798251 113.00000000
0.01921855 0.02794597 113.00000000
0.01921444 0.02790952 113.00000000
0.01921034 0.02787316 113.00000000
0.01920625 0.02783689 116.00000000
0.01920217 0.02780070 118.00000000
0.01919809 0.02776460 118.00000000
0.01919403 0.02772858 118.00000000
0.01918998 0.02769265 118.00000000
0.01918594 0.02765681 118.00000000
0.01918191 0.02762105 118.00000000
0.01917789 0.02758538 118.00000000
0.01917387 0.02754979 118.00000000
0.01916987 0.02751429 118.00000000
0.01916588 0.02747887 118.00000000
0.01916189 0.02744353 118.00000000
0.01915792 0.02740828 118.00000000
0.01915396 0.02737311 118.00000000
0.01915000 0.02733802 119.00000000
0.01914606 0.02730302 119.00000000
0.01914212 0.02726810 119.00000000
0.01913820 0.02723326 119.00000000
0.01913428 0.02719850 119.00000000
0.01913037 0.02716383 119.00000000
0.01912647 0.02712924 119.00000000
0.01912259 0.02709472 119.00000000
0.01911871 0.02706029 119.00000000
0.01911484 0.02702594 119.00000000
0.01911098 0.02699167 119.00000000
0.01910713 0.02695748 119.00000000
0.01910328 0.02692337 119.00000000
0.01909945 0.02688933 120.00000000
0.01909563 0.02685538 120.00000000
0.01909181 0.02682151 120.00000000
0.01908801 0.02678771 120.00000000
0.01908421 0.02675400 120.00000000
0.01908042 0.02672036 120.00000000
0.01907664 0.02668680 120.00000000
0.01907287 0.02665331 120.00000000
0.01906911 0.02661991 120.00000000
0.01906536 0.02658658 120.00000000
0.01906162 0.02655333 121.00000000
0.01905789 0.02652015 121.00000000
0.01905416 0.02648705 121.00000000
0.01905044 0.02645403 121.00000000
0.01904674 0.02642108 121.00000000
0.01904304 0.02638821 121.00000000
0.01903935 0.02635541 121.00000000
0.01903567 0.02632269 121.00000000
0.01903199 0.02629005 121.00000000
0.01902833 0.02625748 121.00000000
0.01902467 0.02622498 121.00000000
0.01902103 0.02619256 121.00000000
0.01901739 0.02616021 121.00000000
0.01901376 0.02612793 121.00000000
0.01901014 0.02609573 121.00000000
0.01900652 0.02606360 122.00000000
0.01900292 0.02603154 122.00000000
0.01899932 0.02599956 122.00000000
0.01899573 0.02596765 122.00000000
0.01899215 0.02593581 122.00000000
0.01898858 0.02590404 122.00000000
0.01898502 0.02587235 122.00000000
0.01898146 0.02584073 122.00000000
0.01897792 0.02580917 122.00000000
0.01897438 0.02577769 122.00000000
0.01897085 0.02574628 122.00000000
0.01896733 0.02571494 122.00000000
0.01896381 0.02568368 122.00000000
0.01896031 0.02565248 122.00000000
0.01895681 0.02562135 122.00000000
0.01895332 0.02559029 122.00000000
0.01894984 0.02555930 123.00000000
0.01894637 0.02552838 123.00000000
0.01894290 0.02549753 123.00000000
0.01893944 0.02546675 123.00000000
0.01893599 0.02543603 123.00000000
0.01893255 0.02540539 123.00000000
0.01892912 0.02537481 123.00000000
0.01892569 0.02534430 123.00000000
0.01892227 0.02531386 123.00000000
0.01891886 0.02528349 123.00000000
0.01891546 0.02525318 123.00000000
0.01891206 0.02522294 123.00000000
0.01890868 0.02519277 123.00000000
0.01890530 0.02516267 123.00000000
0.01890192 0.02513263 123.00000000
0.01889856 0.02510265 124.00000000
0.01889520 0.02507275 124.00000000
0.01889185 0.02504291 124.00000000
0.01888851 0.02501313 124.00000000
0.01888518 0.02498343 124.00000000
0.01888185 0.02495378 124.00000000
0.01887853 0.02492420 124.00000000
0.01887522 0.02489469 124.00000000
0.01887192 0.02486524 124.00000000
0.01886862 0.02483586 124.00000000
0.01886533 0.02480654 124.00000000
0.01886205 0.02477728 124.00000000
0.01885878 0.02474809 124.00000000
0.01885551 0.02471896 124.00000000
0.01885225 0.02468990 124.00000000
0.01884900 0.02466090 124.00000000
0.01884575 0.02463196 125.00000000
0.01884252 0.02460308 125.00000000
0.01883929 0.02457427 125.00000000
0.01883606 0.02454552 125.00000000
0.01883285 0.02451683 125.00000000
0.01882964 0.02448821 125.00000000
0.01882643 0.02445965 125.00000000
0.01882324 0.02443115 125.00000000
0.01882005 0.02440271 125.00000000
0.01881687 0.02437433 125.00000000
0.01881370 0.02434601 125.00000000
0.01881053 0.02431776 125.00000000
0.01880737 0.02428956 125.00000000
0.01880422 0.02426143 125.00000000
0.01880107 0.02423336 125.00000000
0.01879794 0.02420534 125.00000000
0.01879480 0.02417739 126.00000000
0.01879168 0.02414950 126.00000000
0.01878856 0.02412167 126.00000000
0.01878545 0.02409389 126.00000000
0.01878235 0.02406618 126.00000000
0.01877925 0.02403853 126.00000000
0.01877616 0.02401093 126.00000000
0.01877308 0.02398340 126.00000000
0.01877000 0.02395592 126.00000000
0.01876693 0.02392850 126.00000000
0.01876386 0.02390114 126.00000000
0.01876081 0.02387384 126.00000000
0.01875776 0.02384660 126.00000000
0.01875471 0.02381941 126.00000000
0.01875168 0.02379228 126.00000000
0.01874865 0.02376521 126.00000000
0.01874562 0.02373820 127.00000000
0.01874261 0.02371125 127.00000000
0.01873960 0.02368435 127.00000000
0.01873659 0.02365751 127.00000000
0.01873359 0.02363072 127.00000000
0.01873060 0.02360399 127.00000000
0.01872762 0.02357732 127.00000000
0.01872464 0.02355071 127.00000000
0.01872167 0.02352415 127.00000000
0.01871870 0.02349764 127.00000000
0.01871574 0.02347120 127.00000000
0.01871279 0.02344481 127.00000000
0.01870985 0.02341847 127.00000000
0.01870691 0.02339219 127.00000000
0.01870397 0.02336596 127.00000000
0.01870105 0.02333979 128.00000000
0.01869812 0.02331368 128.00000000
0.01869521 0.02328762 128.00000000
0.01869230 0.02326161 128.00000000
0.01868940 0.02323566 128.00000000
0.01868650 0.02320976 128.00000000
0.01868361 0.02318392 128.00000000
0.01868073 0.02315813 128.00000000
0.01867785 0.02313239 128.00000000
0.01867498 0.02310671 128.00000000
0.01867212 0.02308108 128.00000000
0.01866926 0.02305550 128.00000000
0.01866640 0.02302998 128.00000000
0.01866356 0.02300451 128.00000000
0.01866072 0.02297909 128.00000000
0.01865788 0.02295373 128.00000000
0.01865505 0.02292842 129.00000000
0.01865223 0.02290316 129.00000000
0.01864941 0.02287795 129.00000000
0.01864660 0.02285280 129.00000000
0.01864380 0.02282769 129.00000000
0.01864100 0.02280264 129.00000000
0.01863821 0.02277764 129.00000000
