   0.1286
   0.1279
   0.1270
   0.1262
   0.1254
   0.1246
   0.1239
   0.1233
   0.1228
   0.1222
   0.1218
   0.1214
   0.1210
   0.1206
   0.1203
   0.1200
   0.1198
   0.1195
   0.1193
   0.1191
   0.1189
   0.1188
   0.1186
   0.1185
   0.1183
   0.1182
   0.1181
   0.1180
   0.1179
   0.1178
   0.1177
   0.1176
   0.1176
   0.1175
   0.1174
   0.1174
   0.1173
   0.1173
   0.1172
   0.1171
   0.1171
   0.1171
   0.1170
   0.1170
   0.1169
   0.1169
   0.1168
   0.1168
   0.1168
   0.1167
   0.1167
   0.1167
   0.1166
   0.1166
   0.1166
   0.1165
   0.1165
   0.1165
   0.1165
   0.1164
   0.1164
   0.1164
   0.1163
   0.1163
   0.1163
   0.1163
   0.1162
   0.1162
   0.1162
   0.1162
   0.1161
   0.1161
   0.1161
   0.1161
   0.1160
   0.1160
   0.1160
   0.1160
   0.1159
   0.1159
   0.1159
   0.1159
   0.1159
   0.1158
   0.1158
   0.1158
   0.1158
   0.1157
   0.1157
   0.1157
   0.1157
   0.1156
   0.1156
   0.1156
   0.1156
   0.1156
   0.1155
   0.1155
   0.1155
   0.1155
   0.1154
   0.1154
   0.1154
   0.1154
   0.1153
   0.1153
   0.1153
   0.1153
   0.1152
   0.1152
   0.1152
   0.1152
   0.1151
   0.1151
   0.1151
   0.1151
   0.1150
   0.1150
   0.1150
   0.1150
   0.1149
   0.1149
   0.1149
   0.1149
   0.1148
   0.1148
   0.1148
   0.1148
   0.1147
   0.1147
   0.1147
   0.1146
   0.1146
   0.1146
   0.1146
   0.1145
   0.1145
   0.1145
   0.1144
   0.1144
   0.1144
   0.1144
   0.1143
   0.1143
   0.1143
   0.1142
   0.1142
   0.1142
   0.1141
   0.1141
   0.1141
   0.1140
   0.1140
   0.1140
   0.1139
   0.1139
   0.1138
   0.1138
   0.1138
   0.1137
   0.1137
   0.1136
   0.1136
   0.1136
   0.1135
   0.1135
   0.1134
   0.1134
   0.1134
   0.1133
   0.1133
   0.1132
   0.1132
   0.1131
   0.1131
   0.1130
   0.1130
   0.1129
   0.1129
   0.1128
   0.1128
   0.1127
   0.1127
   0.1126
   0.1125
   0.1125
   0.1124
   0.1124
   0.1123
   0.1122
   0.1122
   0.1121
   0.1120
   0.1120
   0.1119
   0.1118
   0.1117
   0.1117
   0.1116
   0.1115
   0.1114
   0.1113
   0.1113
   0.1112
   0.1111
   0.1110
   0.1109
   0.1108
   0.1107
   0.1106
   0.1105
   0.1104
   0.1103
   0.1102
   0.1101
   0.1099
   0.1098
   0.1097
   0.1096
   0.1095
   0.1093
   0.1092
   0.1091
   0.1089
   0.1088
   0.1086
   0.1085
   0.1083
   0.1082
   0.1080
   0.1078
   0.1076
   0.1075
   0.1073
   0.1071
   0.1069
   0.1067
   0.1065
   0.1063
   0.1061
   0.1059
   0.1057
   0.1055
   0.1052
   0.1050
   0.1048
   0.1045
   0.1043
   0.1040
   0.1038
   0.1035
   0.1032
   0.1029
   0.1027
   0.1024
   0.1021
   0.1018
   0.1015
   0.1012
   0.1009
   0.1006
   0.1003
   0.1000
   0.0996
   0.0993
   0.0990
   0.0987
   0.0983
   0.0980
   0.0977
   0.0973
   0.0970
   0.0967
   0.0963
   0.0960
   0.0956
   0.0953
   0.0949
   0.0946
   0.0943
   0.0939
   0.0936
   0.0932
   0.0929
   0.0925
   0.0922
   0.0919
   0.0915
   0.0912
   0.0908
   0.0905
   0.0902
   0.0898
   0.0895
   0.0892
   0.0889
   0.0885
   0.0882
   0.0879
   0.0876
   0.0872
   0.0869
   0.0866
   0.0863
   0.0860
   0.0857
   0.0854
   0.0851
   0.0848
   0.0845
   0.0842
   0.0839
   0.0836
   0.0833
   0.0830
   0.0827
   0.0824
   0.0821
   0.0819
   0.0816
   0.0813
   0.0810
   0.0808
   0.0805
   0.0802
   0.0800
   0.0797
   0.0794
   0.0792
   0.0789
   0.0787
   0.0784
   0.0782
   0.0779
   0.0777
   0.0774
   0.0772
   0.0769
   0.0767
   0.0764
   0.0762
   0.0760
   0.0757
   0.0755
   0.0753
   0.0750
   0.0748
   0.0746
   0.0744
   0.0741
   0.0739
   0.0737
   0.0735
   0.0733
   0.0731
   0.0728
   0.0726
   0.0724
   0.0722
   0.0720
   0.0718
   0.0716
   0.0714
   0.0712
   0.0710
   0.0708
   0.0706
   0.0704
   0.0702
   0.0700
   0.0698
   0.0696
   0.0694
   0.0692
   0.0690
   0.0688
   0.0686
   0.0684
   0.0682
   0.0681
   0.0679
   0.0677
   0.0675
   0.0673
   0.0671
   0.0669
   0.0668
   0.0666
   0.0664
   0.0662
   0.0660
   0.0658
   0.0657
   0.0655
   0.0653
   0.0651
   0.0649
   0.0648
   0.0646
   0.0644
   0.0642
   0.0641
   0.0639
   0.0637
   0.0635
   0.0633
   0.0632
   0.0630
   0.0628
   0.0626
   0.0624
   0.0623
   0.0621
   0.0619
   0.0617
   0.0616
   0.0614
   0.0612
   0.0610
   0.0608
   0.0606
   0.0605
   0.0603
   0.0601
   0.0599
   0.0597
   0.0595
   0.0594
   0.0592
   0.0590
   0.0588
   0.0586
   0.0584
   0.0582
   0.0580
   0.0579
   0.0577
   0.0575
   0.0573
   0.0571
   0.0569
   0.0567
   0.0565
   0.0563
   0.0561
   0.0559
   0.0557
   0.0555
   0.0553
   0.0551
   0.0549
   0.0547
   0.0544
   0.0542
   0.0540
   0.0538
   0.0536
   0.0534
   0.0532
   0.0530
   0.0527
   0.0525
   0.0523
   0.0521
   0.0519
   0.0517
   0.0514
   0.0512
   0.0510
   0.0508
   0.0506
   0.0504
   0.0501
   0.0499
   0.0497
   0.0495
   0.0493
   0.0490
   0.0488
   0.0486
   0.0484
   0.0482
   0.0479
   0.0477
   0.0475
   0.0473
   0.0471
   0.0468
   0.0466
   0.0464
   0.0462
   0.0460
   0.0458
   0.0455
   0.0453
   0.0451
   0.0449
   0.0447
   0.0445
   0.0443
   0.0441
   0.0438
   0.0436
   0.0434
   0.0432
   0.0430
   0.0428
   0.0426
   0.0424
   0.0422
   0.0420
   0.0418
   0.0416
   0.0414
   0.0411
   0.0409
   0.0407
   0.0405
   0.0403
   0.0401
   0.0399
   0.0397
   0.0395
   0.0393
   0.0391
   0.0389
   0.0388
   0.0386
   0.0384
   0.0382
   0.0380
   0.0378
   0.0376
   0.0374
   0.0372
   0.0370
   0.0368
   0.0366
   0.0364
   0.0362
   0.0360
   0.0358
   0.0357
   0.0355
   0.0353
   0.0351
   0.0349
   0.0347
   0.0345
   0.0343
   0.0341
   0.0339
   0.0337
   0.0335
   0.0333
   0.0331
   0.0330
   0.0328
   0.0326
   0.0324
   0.0322
   0.0320
   0.0318
   0.0316
   0.0313
   0.0311
   0.0309
   0.0307
   0.0305
   0.0303
   0.0301
   0.0299
   0.0297
   0.0294
   0.0292
   0.0290
   0.0288
   0.0286
   0.0283
   0.0281
   0.0279
   0.0276
   0.0274
   0.0272
   0.0270
   0.0267
   0.0265
   0.0262
   0.0260
   0.0258
   0.0255
   0.0253
   0.0250
   0.0248
   0.0246
   0.0243
   0.0241
   0.0238
   0.0236
   0.0233
   0.0231
   0.0228
   0.0226
   0.0223
   0.0221
   0.0218
   0.0216
   0.0213
   0.0210
   0.0208
   0.0205
   0.0203
   0.0200
   0.0198
   0.0195
   0.0193
   0.0190
   0.0188
   0.0185
   0.0183
   0.0180
   0.0178
   0.0175
   0.0173
   0.0170
   0.0168
   0.0166
   0.0163
   0.0161
   0.0159
   0.0156
   0.0154
   0.0152
   0.0150
   0.0148
   0.0146
   0.0144
   0.0142
   0.0140
   0.0138
   0.0136
   0.0134
   0.0133
   0.0131
   0.0129
   0.0127
   0.0126
   0.0124
   0.0123
   0.0121
   0.0120
   0.0118
   0.0117
   0.0115
   0.0114
   0.0112
   0.0111
   0.0110
   0.0109
   0.0107
   0.0106
   0.0105
   0.0104
   0.0103
   0.0101
   0.0100
   0.0099
   0.0098
   0.0097
   0.0096
   0.0095
   0.0094
   0.0093
   0.0092
   0.0091
   0.0090
   0.0089
   0.0089
   0.0088
   0.0087
   0.0086
   0.0085
   0.0084
   0.0084
   0.0083
   0.0082
   0.0081
   0.0081
   0.0080
   0.0079
   0.0079
   0.0078
   0.0077
   0.0077
   0.0076
   0.0075
   0.0075
   0.0074
   0.0073
   0.0073
