  0.1198
   0.1197
   0.1197
   0.1196
   0.1195
   0.1194
   0.1193
   0.1193
   0.1192
   0.1191
   0.1191
   0.1190
   0.1189
   0.1189
   0.1188
   0.1188
   0.1187
   0.1186
   0.1186
   0.1185
   0.1185
   0.1184
   0.1183
   0.1183
   0.1182
   0.1182
   0.1181
   0.1181
   0.1180
   0.1179
   0.1179
   0.1178
   0.1178
   0.1177
   0.1177
   0.1176
   0.1175
   0.1175
   0.1174
   0.1174
   0.1173
   0.1173
   0.1172
   0.1172
   0.1171
   0.1170
   0.1170
   0.1169
   0.1169
   0.1168
   0.1168
   0.1167
   0.1166
   0.1166
   0.1165
   0.1165
   0.1164
   0.1164
   0.1163
   0.1162
   0.1162
   0.1161
   0.1161
   0.1160
   0.1160
   0.1159
   0.1159
   0.1158
   0.1157
   0.1157
   0.1156
   0.1156
   0.1155
   0.1155
   0.1154
   0.1153
   0.1153
   0.1152
   0.1152
   0.1151
   0.1151
   0.1150
   0.1149
   0.1149
   0.1148
   0.1148
   0.1147
   0.1147
   0.1146
   0.1145
   0.1145
   0.1144
   0.1144
   0.1143
   0.1143
   0.1142
   0.1141
   0.1141
   0.1140
   0.1140
   0.1139
   0.1138
   0.1138
   0.1137
   0.1137
   0.1136
   0.1136
   0.1135
   0.1134
   0.1134
   0.1133
   0.1133
   0.1132
   0.1132
   0.1131
   0.1130
   0.1130
   0.1129
   0.1129
   0.1128
   0.1127
   0.1127
   0.1126
   0.1126
   0.1125
   0.1125
   0.1124
   0.1123
   0.1123
   0.1122
   0.1122
   0.1121
   0.1120
   0.1120
   0.1119
   0.1119
   0.1118
   0.1117
   0.1117
   0.1116
   0.1116
   0.1115
   0.1114
   0.1114
   0.1113
   0.1112
   0.1112
   0.1111
   0.1111
   0.1110
   0.1109
   0.1109
   0.1108
   0.1107
   0.1107
   0.1106
   0.1105
   0.1105
   0.1104
   0.1104
   0.1103
   0.1102
   0.1102
   0.1101
   0.1100
   0.1099
   0.1099
   0.1098
   0.1097
   0.1097
   0.1096
   0.1095
   0.1095
   0.1094
   0.1093
   0.1093
   0.1092
   0.1091
   0.1090
   0.1090
   0.1089
   0.1088
   0.1087
   0.1087
   0.1086
   0.1085
   0.1084
   0.1084
   0.1083
   0.1082
   0.1081
   0.1080
   0.1080
   0.1079
   0.1078
   0.1077
   0.1076
   0.1076
   0.1075
   0.1074
   0.1073
   0.1072
   0.1071
   0.1071
   0.1070
   0.1069
   0.1068
   0.1067
   0.1066
   0.1065
   0.1064
   0.1063
   0.1062
   0.1062
   0.1061
   0.1060
   0.1059
   0.1058
   0.1057
   0.1056
   0.1055
   0.1054
   0.1053
   0.1052
   0.1051
   0.1050
   0.1049
   0.1048
   0.1047
   0.1046
   0.1045
   0.1044
   0.1042
   0.1041
   0.1040
   0.1039
   0.1038
   0.1037
   0.1036
   0.1035
   0.1034
   0.1033
   0.1031
   0.1030
   0.1029
   0.1028
   0.1027
   0.1026
   0.1024
   0.1023
   0.1022
   0.1021
   0.1020
   0.1018
   0.1017
   0.1016
   0.1015
   0.1013
   0.1012
   0.1011
   0.1010
   0.1008
   0.1007
   0.1006
   0.1005
   0.1003
   0.1002
   0.1001
   0.0999
   0.0998
   0.0997
   0.0996
   0.0994
   0.0993
   0.0992
   0.0990
   0.0989
   0.0988
   0.0986
   0.0985
   0.0984
   0.0982
   0.0981
   0.0980
   0.0978
   0.0977
   0.0976
   0.0974
   0.0973
   0.0972
   0.0970
   0.0969
   0.0968
   0.0966
   0.0965
   0.0964
   0.0962
   0.0961
   0.0960
   0.0958
   0.0957
   0.0955
   0.0954
   0.0953
   0.0951
   0.0950
   0.0949
   0.0947
   0.0946
   0.0945
   0.0943
   0.0942
   0.0940
   0.0939
   0.0938
   0.0936
   0.0935
   0.0934
   0.0932
   0.0931
   0.0929
   0.0928
   0.0927
   0.0925
   0.0924
   0.0923
   0.0921
   0.0920
   0.0919
   0.0917
   0.0916
   0.0914
   0.0913
   0.0912
   0.0910
   0.0909
   0.0908
   0.0906
   0.0905
   0.0903
   0.0902
   0.0901
   0.0899
   0.0898
   0.0897
   0.0895
   0.0894
   0.0893
   0.0891
   0.0890
   0.0889
   0.0887
   0.0886
   0.0885
   0.0883
   0.0882
   0.0881
   0.0879
   0.0878
   0.0877
   0.0876
   0.0874
   0.0873
   0.0872
   0.0870
   0.0869
   0.0868
   0.0867
   0.0865
   0.0864
   0.0863
   0.0862
   0.0860
   0.0859
   0.0858
   0.0857
   0.0855
   0.0854
   0.0853
   0.0852
   0.0851
   0.0849
   0.0848
   0.0847
   0.0846
   0.0845
   0.0844
   0.0842
   0.0841
   0.0840
   0.0839
   0.0838
   0.0837
   0.0836
   0.0835
   0.0833
   0.0832
   0.0831
   0.0830
   0.0829
   0.0828
   0.0827
   0.0826
   0.0825
   0.0824
   0.0822
   0.0821
   0.0820
   0.0819
   0.0818
   0.0817
   0.0816
   0.0815
   0.0814
   0.0813
   0.0812
   0.0811
   0.0810
   0.0809
   0.0808
   0.0807
   0.0806
   0.0804
   0.0803
   0.0802
   0.0801
   0.0800
   0.0799
   0.0798
   0.0797
   0.0796
   0.0795
   0.0794
   0.0793
   0.0792
   0.0791
   0.0790
   0.0789
   0.0788
   0.0786
   0.0785
   0.0784
   0.0783
   0.0782
   0.0781
   0.0780
   0.0779
   0.0778
   0.0777
   0.0776
   0.0774
   0.0773
   0.0772
   0.0771
   0.0770
   0.0769
   0.0768
   0.0767
   0.0765
   0.0764
   0.0763
   0.0762
   0.0761
   0.0760
   0.0758
   0.0757
   0.0756
   0.0755
   0.0754
   0.0752
   0.0751
   0.0750
   0.0749
   0.0747
   0.0746
   0.0745
   0.0744
   0.0742
   0.0741
   0.0740
   0.0738
   0.0737
   0.0736
   0.0734
   0.0733
   0.0732
   0.0730
   0.0729
   0.0727
   0.0726
   0.0725
   0.0723
   0.0722
   0.0720
   0.0719
   0.0717
   0.0716
   0.0714
   0.0713
   0.0711
   0.0710
   0.0708
   0.0707
   0.0705
   0.0703
   0.0702
   0.0700
   0.0699
   0.0697
   0.0695
   0.0694
   0.0692
   0.0690
   0.0688
   0.0687
   0.0685
   0.0683
   0.0681
   0.0680
   0.0678
   0.0676
   0.0674
   0.0672
   0.0670
   0.0669
   0.0667
   0.0665
   0.0663
   0.0661
   0.0659
   0.0657
   0.0655
   0.0653
   0.0651
   0.0649
   0.0646
   0.0644
   0.0642
   0.0640
   0.0638
   0.0636
   0.0634
   0.0631
   0.0629
   0.0627
   0.0624
   0.0622
   0.0620
   0.0618
   0.0615
   0.0613
   0.0610
   0.0608
   0.0605
   0.0603
   0.0601
   0.0598
   0.0595
   0.0593
   0.0590
   0.0588
   0.0585
   0.0583
   0.0580
   0.0577
   0.0575
   0.0572
   0.0569
   0.0566
   0.0564
   0.0561
   0.0558
   0.0555
   0.0552
   0.0549
   0.0547
   0.0544
   0.0541
   0.0538
   0.0535
   0.0532
   0.0529
   0.0526
   0.0523
   0.0520
   0.0517
   0.0514
   0.0511
   0.0507
   0.0504
   0.0501
   0.0498
   0.0495
   0.0492
   0.0489
   0.0485
   0.0482
   0.0479
   0.0476
   0.0473
   0.0469
   0.0466
   0.0463
   0.0460
   0.0456
   0.0453
   0.0450
   0.0446
   0.0443
   0.0440
   0.0436
   0.0433
   0.0430
   0.0426
   0.0423
   0.0419
   0.0416
   0.0413
   0.0409
   0.0406
   0.0402
   0.0399
   0.0396
   0.0392
   0.0389
   0.0385
   0.0382
   0.0379
   0.0375
   0.0372
   0.0368
   0.0365
   0.0361
   0.0358
   0.0355
   0.0351
   0.0348
   0.0344
   0.0341
   0.0338
   0.0334
   0.0331
   0.0328
   0.0324
   0.0321
   0.0318
   0.0314
   0.0311
   0.0308
   0.0305
   0.0302
   0.0299
   0.0295
   0.0292
   0.0289
   0.0286
   0.0283
   0.0280
   0.0277
   0.0274
   0.0272
   0.0269
   0.0266
   0.0263
   0.0260
   0.0258
   0.0255
   0.0252
   0.0250
   0.0247
   0.0245
   0.0242
   0.0240
   0.0237
   0.0235
   0.0232
   0.0230
   0.0228
   0.0225
   0.0223
   0.0221
   0.0219
   0.0216
   0.0214
   0.0212
   0.0210
   0.0208
   0.0206
   0.0204
   0.0202
   0.0200
   0.0198
   0.0196
   0.0195
   0.0193
   0.0191
   0.0189
   0.0187
   0.0186
   0.0184
