   0.1328
   0.1319
   0.1303
   0.1282
   0.1261
   0.1241
   0.1224
   0.1211
   0.1201
   0.1194
   0.1189
   0.1186
   0.1184
   0.1182
   0.1182
   0.1182
   0.1182
   0.1183
   0.1184
   0.1184
   0.1184
   0.1184
   0.1183
   0.1182
   0.1180
   0.1179
   0.1177
   0.1176
   0.1175
   0.1174
   0.1173
   0.1173
   0.1173
   0.1173
   0.1173
   0.1173
   0.1172
   0.1172
   0.1172
   0.1171
   0.1171
   0.1170
   0.1170
   0.1169
   0.1168
   0.1168
   0.1167
   0.1166
   0.1166
   0.1165
   0.1164
   0.1163
   0.1162
   0.1161
   0.1160
   0.1159
   0.1158
   0.1157
   0.1155
   0.1154
   0.1152
   0.1150
   0.1148
   0.1146
   0.1144
   0.1142
   0.1140
   0.1137
   0.1134
   0.1131
   0.1128
   0.1125
   0.1121
   0.1117
   0.1113
   0.1109
   0.1104
   0.1099
   0.1094
   0.1089
   0.1083
   0.1077
   0.1070
   0.1064
   0.1057
   0.1050
   0.1042
   0.1035
   0.1027
   0.1020
   0.1012
   0.1005
   0.0998
   0.0991
   0.0983
   0.0977
   0.0970
   0.0963
   0.0957
   0.0950
   0.0944
   0.0938
   0.0932
   0.0926
   0.0920
   0.0915
   0.0909
   0.0903
   0.0898
   0.0892
   0.0887
   0.0882
   0.0876
   0.0871
   0.0866
   0.0861
   0.0856
   0.0851
   0.0846
   0.0841
   0.0837
   0.0832
   0.0827
   0.0822
   0.0818
   0.0813
   0.0809
   0.0804
   0.0799
   0.0795
   0.0790
   0.0786
   0.0782
   0.0777
   0.0773
   0.0769
   0.0765
   0.0760
   0.0756
   0.0752
   0.0748
   0.0745
   0.0741
   0.0737
   0.0733
   0.0729
   0.0725
   0.0721
   0.0716
   0.0712
   0.0708
   0.0703
   0.0698
   0.0693
   0.0687
   0.0682
   0.0676
   0.0670
   0.0663
   0.0656
   0.0649
   0.0642
   0.0634
   0.0626
   0.0617
   0.0608
   0.0599
   0.0589
   0.0579
   0.0569
   0.0559
   0.0548
   0.0537
   0.0526
   0.0515
   0.0504
   0.0493
   0.0481
   0.0470
   0.0458
   0.0446
   0.0434
   0.0422
   0.0409
   0.0396
   0.0383
   0.0370
   0.0358
   0.0346
   0.0336
   0.0325
   0.0316
   0.0306
   0.0297
   0.0287
   0.0277
   0.0267
   0.0256
   0.0245
   0.0233
   0.0220
   0.0207
   0.0194
   0.0180
   0.0167
   0.0154
   0.0144
   0.0136
   0.0129
   0.0124
   0.0120
   0.0117
   0.0114
   0.0110
   0.0107
   0.0103
   0.0100
   0.0096
   0.0092
   0.0089
   0.0085
   0.0082
   0.0078
   0.0075
   0.0073
   0.0070
   0.0068
   0.0066
   0.0063
   0.0061
   0.0059
   0.0057
   0.0055
   0.0053
   0.0051
   0.0049
   0.0047
   0.0045
   0.0043
   0.0042
   0.0040
   0.0039
   0.0037
   0.0036
   0.0035
   0.0034
   0.0033
   0.0032
   0.0031
   0.0030
   0.0029
   0.0028
   0.0028
   0.0027
   0.0026
   0.0026
   0.0025
   0.0024
   0.0024
   0.0023
   0.0023
   0.0022
   0.0022
   0.0021
   0.0021
   0.0021
   0.0020
   0.0020
   0.0020
   0.0019
   0.0019
   0.0019
   0.0018
   0.0018
   0.0018
   0.0017
   0.0017
   0.0017
   0.0017
   0.0016
   0.0016
   0.0016
   0.0016
   0.0015
   0.0015
   0.0015
   0.0015
   0.0015
   0.0014
   0.0014
   0.0014
   0.0014
   0.0014
   0.0014
   0.0013
   0.0013
   0.0013
   0.0013
   0.0013
   0.0013
   0.0013
   0.0012
   0.0012
   0.0012
   0.0012
   0.0012
   0.0012
   0.0012
   0.0012
   0.0011
   0.0011
   0.0011
   0.0011
   0.0011
   0.0011
   0.0011
   0.0011
   0.0011
   0.0010
   0.0010
   0.0010
   0.0010
   0.0010
   0.0010
   0.0010
   0.0010
   0.0010
   0.0010
   0.0010
   0.0010
   0.0009
   0.0009
   0.0009
   0.0009
   0.0009
   0.0009
   0.0009
   0.0009
   0.0009
   0.0009
   0.0009
   0.0009
   0.0009
   0.0009
   0.0009
   0.0008
   0.0008
   0.0008
   0.0008
   0.0008
   0.0008
   0.0008
   0.0008
   0.0008
   0.0008
   0.0008
   0.0008
   0.0008
   0.0008
   0.0008
   0.0008
   0.0008
   0.0008
   0.0007
   0.0007
   0.0007
   0.0007
   0.0007
   0.0007
   0.0007
   0.0007
   0.0007
   0.0007
   0.0007
   0.0007
   0.0007
   0.0007
   0.0007
   0.0007
   0.0007
   0.0007
   0.0007
   0.0007
   0.0007
   0.0007
   0.0007
   0.0007
   0.0006
   0.0006
   0.0006
   0.0006
   0.0006
   0.0006
   0.0006
   0.0006
   0.0006
   0.0006
   0.0006
   0.0006
   0.0006
   0.0006
   0.0006
   0.0006
   0.0006
   0.0006
   0.0006
   0.0006
   0.0006
   0.0006
   0.0006
   0.0006
   0.0006
   0.0006
   0.0006
   0.0006
   0.0006
   0.0006
   0.0006
   0.0006
   0.0005
   0.0005
   0.0005
   0.0005
   0.0005
   0.0005
   0.0005
   0.0005
   0.0005
   0.0005
   0.0005
   0.0005
   0.0005
   0.0005
   0.0005
   0.0005
   0.0005
   0.0005
   0.0005
   0.0005
   0.0005
   0.0005
   0.0005
   0.0005
   0.0005
   0.0005
   0.0005
   0.0005
   0.0005
   0.0005
   0.0005
   0.0005
   0.0005
   0.0005
   0.0005
   0.0005
   0.0005
   0.0005
   0.0005
   0.0005
   0.0005
   0.0005
   0.0005
   0.0005
   0.0005
   0.0005
   0.0004
   0.0004
   0.0004
   0.0004
   0.0004
   0.0004
   0.0004
   0.0004
   0.0004
   0.0004
   0.0004
   0.0004
   0.0004
   0.0004
   0.0004
   0.0004
   0.0004
   0.0004
   0.0004
   0.0004
   0.0004
   0.0004
   0.0004
   0.0004
   0.0004
   0.0004
   0.0004
   0.0004
   0.0004
   0.0004
   0.0004
   0.0004
   0.0004
   0.0004
   0.0004
   0.0004
   0.0004
   0.0004
   0.0004
   0.0004
   0.0004
   0.0004
   0.0004
   0.0004
   0.0004
   0.0004
   0.0004
   0.0004
   0.0004
   0.0004
   0.0004
   0.0004
   0.0004
   0.0004
   0.0004
   0.0004
   0.0004
   0.0004
   0.0004
   0.0004
   0.0004
   0.0004
   0.0004
   0.0004
   0.0004
   0.0004
   0.0004
   0.0004
   0.0004
   0.0004
   0.0004
   0.0004
   0.0003
   0.0003
   0.0003
   0.0003
   0.0003
   0.0003
   0.0003
   0.0003
   0.0003
   0.0003
   0.0003
   0.0003
   0.0003
   0.0003
   0.0003
   0.0003
   0.0003
   0.0003
   0.0003
   0.0003
   0.0003
   0.0003
   0.0003
   0.0003
   0.0003
   0.0003
   0.0003
   0.0003
   0.0003
   0.0003
   0.0003
   0.0003
   0.0003
   0.0003
   0.0003
   0.0003
   0.0003
   0.0003
   0.0003
   0.0003
   0.0003
   0.0003
   0.0003
   0.0003
   0.0003
   0.0003
   0.0003
   0.0003
   0.0003
   0.0003
   0.0003
   0.0003
   0.0003
   0.0003
   0.0003
   0.0003
   0.0003
   0.0003
   0.0003
   0.0003
   0.0003
   0.0003
   0.0003
   0.0003
   0.0003
   0.0003
   0.0003
   0.0003
   0.0003
   0.0003
   0.0003
   0.0003
   0.0003
   0.0003
   0.0003
   0.0003
   0.0003
   0.0003
   0.0003
   0.0003
   0.0003
   0.0003
   0.0003
   0.0003
   0.0003
   0.0003
   0.0003
   0.0003
   0.0003
   0.0003
   0.0003
   0.0003
   0.0003
   0.0003
   0.0003
   0.0003
   0.0003
   0.0003
   0.0003
   0.0003
   0.0003
   0.0003
   0.0003
   0.0003
   0.0003
   0.0003
   0.0003
   0.0003
   0.0003
   0.0003
   0.0003
   0.0003
   0.0003
   0.0003
   0.0003
   0.0003
   0.0003
   0.0003
   0.0003
   0.0003
   0.0003
   0.0003
   0.0003
   0.0003
   0.0003
   0.0003
   0.0003
   0.0002
   0.0002
   0.0002
   0.0002
   0.0002
   0.0002
   0.0002
   0.0002
   0.0002
   0.0002
   0.0002
   0.0002
   0.0002
   0.0002
   0.0002
   0.0002
   0.0002
   0.0002
   0.0002
   0.0002
   0.0002
   0.0002
   0.0002
   0.0002
   0.0002
   0.0002
   0.0002
   0.0002
   0.0002
   0.0002
   0.0002
   0.0002
   0.0002
   0.0002
   0.0002
   0.0002
