   0.1351
   0.1338
   0.1319
   0.1296
   0.1274
   0.1253
   0.1234
   0.1219
   0.1207
   0.1198
   0.1191
   0.1187
   0.1184
   0.1183
   0.1182
   0.1181
   0.1180
   0.1180
   0.1180
   0.1179
   0.1179
   0.1179
   0.1178
   0.1178
   0.1178
   0.1178
   0.1178
   0.1177
   0.1177
   0.1177
   0.1177
   0.1177
   0.1176
   0.1176
   0.1176
   0.1176
   0.1176
   0.1176
   0.1175
   0.1175
   0.1175
   0.1175
   0.1175
   0.1175
   0.1175
   0.1174
   0.1174
   0.1174
   0.1174
   0.1174
   0.1174
   0.1173
   0.1173
   0.1173
   0.1173
   0.1173
   0.1173
   0.1172
   0.1172
   0.1172
   0.1172
   0.1172
   0.1172
   0.1171
   0.1171
   0.1171
   0.1171
   0.1170
   0.1170
   0.1170
   0.1170
   0.1170
   0.1169
   0.1169
   0.1169
   0.1168
   0.1168
   0.1168
   0.1168
   0.1167
   0.1167
   0.1167
   0.1166
   0.1166
   0.1166
   0.1165
   0.1165
   0.1164
   0.1164
   0.1163
   0.1163
   0.1162
   0.1162
   0.1161
   0.1161
   0.1160
   0.1160
   0.1159
   0.1159
   0.1158
   0.1157
   0.1157
   0.1156
   0.1155
   0.1155
   0.1154
   0.1153
   0.1152
   0.1151
   0.1151
   0.1150
   0.1149
   0.1148
   0.1147
   0.1146
   0.1145
   0.1144
   0.1142
   0.1141
   0.1140
   0.1139
   0.1138
   0.1136
   0.1135
   0.1134
   0.1132
   0.1131
   0.1129
   0.1128
   0.1126
   0.1124
   0.1123
   0.1121
   0.1119
   0.1117
   0.1115
   0.1113
   0.1111
   0.1109
   0.1107
   0.1105
   0.1103
   0.1100
   0.1098
   0.1096
   0.1093
   0.1091
   0.1088
   0.1085
   0.1083
   0.1080
   0.1077
   0.1074
   0.1071
   0.1068
   0.1065
   0.1062
   0.1059
   0.1055
   0.1052
   0.1049
   0.1045
   0.1042
   0.1038
   0.1035
   0.1031
   0.1027
   0.1023
   0.1020
   0.1016
   0.1012
   0.1008
   0.1004
   0.1000
   0.0996
   0.0992
   0.0988
   0.0984
   0.0980
   0.0976
   0.0972
   0.0968
   0.0964
   0.0960
   0.0956
   0.0952
   0.0949
   0.0945
   0.0941
   0.0937
   0.0933
   0.0929
   0.0925
   0.0921
   0.0917
   0.0914
   0.0910
   0.0906
   0.0902
   0.0899
   0.0895
   0.0891
   0.0888
   0.0884
   0.0881
   0.0877
   0.0873
   0.0870
   0.0866
   0.0863
   0.0860
   0.0856
   0.0853
   0.0849
   0.0846
   0.0843
   0.0839
   0.0836
   0.0833
   0.0830
   0.0826
   0.0823
   0.0820
   0.0817
   0.0814
   0.0810
   0.0807
   0.0804
   0.0801
   0.0798
   0.0795
   0.0792
   0.0789
   0.0785
   0.0782
   0.0779
   0.0776
   0.0773
   0.0770
   0.0767
   0.0764
   0.0761
   0.0757
   0.0754
   0.0751
   0.0748
   0.0745
   0.0742
   0.0739
   0.0736
   0.0732
   0.0729
   0.0726
   0.0723
   0.0720
   0.0717
   0.0713
   0.0710
   0.0707
   0.0704
   0.0701
   0.0697
   0.0694
   0.0691
   0.0688
   0.0684
   0.0681
   0.0678
   0.0675
   0.0671
   0.0668
   0.0665
   0.0662
   0.0658
   0.0655
   0.0652
   0.0649
   0.0645
   0.0642
   0.0639
   0.0635
   0.0632
   0.0629
   0.0625
   0.0622
   0.0619
   0.0615
   0.0612
   0.0609
   0.0605
   0.0602
   0.0599
   0.0595
   0.0592
   0.0588
   0.0585
   0.0581
   0.0578
   0.0574
   0.0571
   0.0567
   0.0563
   0.0560
   0.0556
   0.0552
   0.0548
   0.0544
   0.0541
   0.0537
   0.0532
   0.0528
   0.0524
   0.0520
   0.0515
   0.0511
   0.0506
   0.0501
   0.0497
   0.0492
   0.0486
   0.0481
   0.0476
   0.0470
   0.0465
   0.0459
   0.0453
   0.0447
   0.0441
   0.0434
   0.0428
   0.0421
   0.0414
   0.0407
   0.0400
   0.0393
   0.0385
   0.0378
   0.0370
   0.0363
   0.0355
   0.0348
   0.0340
   0.0332
   0.0325
   0.0318
   0.0310
   0.0303
   0.0296
   0.0289
   0.0282
   0.0275
   0.0269
   0.0262
   0.0256
   0.0250
   0.0244
   0.0238
   0.0233
   0.0227
   0.0222
   0.0216
   0.0211
   0.0206
   0.0201
   0.0197
   0.0192
   0.0188
   0.0183
   0.0179
   0.0175
   0.0171
   0.0167
   0.0164
   0.0160
   0.0157
   0.0153
   0.0150
   0.0147
   0.0144
   0.0141
   0.0138
   0.0135
   0.0133
   0.0130
   0.0127
   0.0125
   0.0123
   0.0120
   0.0118
   0.0116
   0.0114
   0.0112
   0.0110
   0.0108
   0.0106
   0.0104
   0.0103
   0.0101
   0.0099
   0.0098
   0.0096
   0.0094
   0.0093
   0.0092
   0.0090
   0.0089
   0.0087
   0.0086
   0.0085
   0.0084
   0.0082
   0.0081
   0.0080
   0.0079
   0.0078
   0.0077
   0.0076
   0.0075
   0.0074
   0.0073
   0.0072
   0.0071
   0.0070
   0.0069
   0.0068
   0.0068
   0.0067
   0.0066
   0.0065
   0.0064
   0.0064
   0.0063
   0.0062
   0.0062
   0.0061
   0.0060
   0.0059
   0.0059
   0.0058
   0.0058
   0.0057
   0.0056
   0.0056
   0.0055
   0.0055
   0.0054
   0.0054
   0.0053
   0.0052
   0.0052
   0.0051
   0.0051
   0.0050
   0.0050
   0.0049
   0.0049
   0.0049
   0.0048
   0.0048
   0.0047
   0.0047
   0.0046
   0.0046
   0.0046
   0.0045
   0.0045
   0.0044
   0.0044
   0.0044
   0.0043
   0.0043
   0.0043
   0.0042
   0.0042
   0.0041
   0.0041
   0.0041
   0.0040
   0.0040
   0.0040
   0.0040
   0.0039
   0.0039
   0.0039
   0.0038
   0.0038
   0.0038
   0.0037
   0.0037
   0.0037
   0.0037
   0.0036
   0.0036
   0.0036
   0.0036
   0.0035
   0.0035
   0.0035
   0.0035
   0.0034
   0.0034
   0.0034
   0.0034
   0.0033
   0.0033
   0.0033
   0.0033
   0.0033
   0.0032
   0.0032
   0.0032
   0.0032
   0.0031
   0.0031
   0.0031
   0.0031
   0.0031
   0.0030
   0.0030
   0.0030
   0.0030
   0.0030
   0.0030
   0.0029
   0.0029
   0.0029
   0.0029
   0.0029
   0.0028
   0.0028
   0.0028
   0.0028
   0.0028
   0.0028
   0.0027
   0.0027
   0.0027
   0.0027
   0.0027
   0.0027
   0.0027
   0.0026
   0.0026
   0.0026
   0.0026
   0.0026
   0.0026
   0.0026
   0.0025
   0.0025
   0.0025
   0.0025
   0.0025
   0.0025
   0.0025
   0.0025
   0.0024
   0.0024
   0.0024
   0.0024
   0.0024
   0.0024
   0.0024
   0.0024
   0.0023
   0.0023
   0.0023
   0.0023
   0.0023
   0.0023
   0.0023
   0.0023
   0.0022
   0.0022
   0.0022
   0.0022
   0.0022
   0.0022
   0.0022
   0.0022
   0.0022
   0.0022
   0.0021
   0.0021
   0.0021
   0.0021
   0.0021
   0.0021
   0.0021
   0.0021
   0.0021
   0.0021
   0.0021
   0.0020
   0.0020
   0.0020
   0.0020
   0.0020
   0.0020
   0.0020
   0.0020
   0.0020
   0.0020
   0.0020
   0.0019
   0.0019
   0.0019
   0.0019
   0.0019
   0.0019
   0.0019
   0.0019
   0.0019
   0.0019
   0.0019
   0.0019
   0.0019
   0.0018
   0.0018
   0.0018
   0.0018
   0.0018
   0.0018
   0.0018
   0.0018
   0.0018
   0.0018
   0.0018
   0.0018
   0.0018
   0.0018
   0.0017
   0.0017
   0.0017
   0.0017
   0.0017
   0.0017
   0.0017
   0.0017
   0.0017
   0.0017
   0.0017
   0.0017
   0.0017
   0.0017
   0.0017
   0.0016
   0.0016
   0.0016
   0.0016
   0.0016
   0.0016
   0.0016
   0.0016
   0.0016
   0.0016
   0.0016
   0.0016
   0.0016
   0.0016
   0.0016
   0.0016
   0.0016
   0.0016
   0.0015
   0.0015
   0.0015
   0.0015
   0.0015
   0.0015
   0.0015
   0.0015
   0.0015
   0.0015
   0.0015
   0.0015
   0.0015
   0.0015
   0.0015
   0.0015
   0.0015
   0.0015
   0.0015
   0.0014
   0.0014
   0.0014
   0.0014
   0.0014
   0.0014
   0.0014
   0.0014
   0.0014
   0.0014
   0.0014
   0.0014
   0.0014
   0.0014
   0.0014
   0.0014
   0.0014
