Residual Convergence speed Computational time
0.12499903 0.01356877 2.00000000
0.12499780 0.01207223 3.00000000
0.12499574 0.01004007 3.00000000
0.12499303 0.00852331 3.00000000
0.12498971 0.00864825 4.00000000
0.12498571 0.01067498 4.00000000
0.12498091 0.01390238 4.00000000
0.12497511 0.01774117 4.00000000
0.12496807 0.02192786 4.00000000
0.12495948 0.02637163 4.00000000
0.12494895 0.03106029 4.00000000
0.12493602 0.03601985 4.00000000
0.12492012 0.04129676 4.00000000
0.12490053 0.04694977 5.00000000
0.12487640 0.05304588 5.00000000
0.12484665 0.05965857 5.00000000
0.12480998 0.06686705 5.00000000
0.12476478 0.07475615 5.00000000
0.12470904 0.08341660 5.00000000
0.12464034 0.09294547 5.00000000
0.12455568 0.10344662 5.00000000
0.12445138 0.11503115 5.00000000
0.12432293 0.12781771 5.00000000
0.12416482 0.14193252 6.00000000
0.12397035 0.15750901 6.00000000
0.12373132 0.17468681 6.00000000
0.12343785 0.19360997 6.00000000
0.12307797 0.21442389 6.00000000
0.12263735 0.23727053 6.00000000
0.12209892 0.26228127 6.00000000
0.12144251 0.28956643 6.00000000
0.12064459 0.31920044 6.00000000
0.11967814 0.35120106 6.00000000
0.11851264 0.38550105 7.00000000
0.11711457 0.42191066 7.00000000
0.11544833 0.46006997 7.00000000
0.11347792 0.49939184 7.00000000
0.11116953 0.53900058 7.00000000
0.10849517 0.57767904 7.00000000
0.10543718 0.61384860 7.00000000
0.10199336 0.64562088 8.00000000
0.09818191 0.67096962 8.00000000
0.09404483 0.68805909 8.00000000
0.08964856 0.69571080 8.00000000
0.08508046 0.69388214 8.00000000
0.08044112 0.68390947 8.00000000
0.07583375 0.66824751 9.00000000
0.07135323 0.64965028 9.00000000
0.06707781 0.63015591 9.00000000
0.06306507 0.61050872 9.00000000
0.05935201 0.59038342 9.00000000
0.05595757 0.56913538 9.00000000
0.05288612 0.54646210 9.00000000
0.05013082 0.52260805 9.00000000
0.04767666 0.49818091 9.00000000
0.04550311 0.47384875 10.00000000
0.04358641 0.45012323 10.00000000
0.04190132 0.42728900 10.00000000
0.04042248 0.40544269 10.00000000
0.03912539 0.38457764 10.00000000
0.03798704 0.36466231 10.00000000
0.03698637 0.34568597 10.00000000
0.03610444 0.32766951 10.00000000
0.03532453 0.31065349 10.00000000
0.03463203 0.29467856 10.00000000
0.03401433 0.27976935 11.00000000
0.03346060 0.26592617 11.00000000
0.03296161 0.25312440 11.00000000
0.03250954 0.24131902 11.00000000
0.03209777 0.23045120 11.00000000
0.03172071 0.22045497 11.00000000
0.03137364 0.21126274 11.00000000
0.03105261 0.20280909 11.00000000
0.03075429 0.19503298 11.00000000
0.03047586 0.18787876 12.00000000
0.03021498 0.18129619 12.00000000
0.02996965 0.17523993 12.00000000
0.02973820 0.16966883 12.00000000
0.02951921 0.16454513 12.00000000
0.02931147 0.15983373 12.00000000
0.02911396 0.15550169 12.00000000
0.02892578 0.15151786 12.00000000
0.02874618 0.14785266 12.00000000
0.02857447 0.14447805 12.00000000
0.02841006 0.14136754 13.00000000
0.02825245 0.13849619 13.00000000
0.02810115 0.13584071 13.00000000
0.02795576 0.13337948 13.00000000
0.02781588 0.13109255 14.00000000
0.02768117 0.12896162 14.00000000
0.02755131 0.12697000 14.00000000
0.02742601 0.12510254 14.00000000
0.02730501 0.12334554 14.00000000
0.02718805 0.12168672 14.00000000
0.02707491 0.12011509 14.00000000
0.02696536 0.11862086 14.00000000
0.02685922 0.11719536 15.00000000
0.02675631 0.11583094 15.00000000
0.02665644 0.11452087 15.00000000
0.02655946 0.11325924 15.00000000
0.02646522 0.11204088 15.00000000
0.02637359 0.11086129 15.00000000
0.02628443 0.10971652 15.00000000
0.02619763 0.10860315 15.00000000
0.02611306 0.10751820 15.00000000
0.02603063 0.10645910 15.00000000
0.02595023 0.10542360 16.00000000
0.02587178 0.10440979 16.00000000
0.02579517 0.10341603 16.00000000
0.02572034 0.10244089 16.00000000
0.02564720 0.10148319 16.00000000
0.02557568 0.10054189 16.00000000
0.02550572 0.09961613 16.00000000
0.02543724 0.09870518 16.00000000
0.02537019 0.09780842 16.00000000
0.02530451 0.09692533 17.00000000
0.02524014 0.09605549 17.00000000
0.02517703 0.09519851 17.00000000
0.02511515 0.09435409 17.00000000
0.02505442 0.09352196 17.00000000
0.02499483 0.09270191 17.00000000
0.02493632 0.09189374 17.00000000
0.02487885 0.09109729 17.00000000
0.02482239 0.09031240 17.00000000
0.02476691 0.08953894 17.00000000
0.02471236 0.08877680 18.00000000
0.02465872 0.08802586 18.00000000
0.02460596 0.08728601 18.00000000
0.02455405 0.08655715 19.00000000
0.02450295 0.08583917 19.00000000
0.02445266 0.08513197 19.00000000
0.02440313 0.08443545 19.00000000
0.02435435 0.08374949 19.00000000
0.02430629 0.08307399 19.00000000
0.02425893 0.08240883 20.00000000
0.02421226 0.08175390 20.00000000
0.02416625 0.08110907 20.00000000
0.02412088 0.08047423 20.00000000
0.02407613 0.07984923 20.00000000
0.02403199 0.07923397 20.00000000
0.02398844 0.07862828 20.00000000
0.02394547 0.07803205 20.00000000
0.02390306 0.07744514 20.00000000
0.02386119 0.07686739 21.00000000
0.02381985 0.07629867 21.00000000
0.02377904 0.07573883 21.00000000
0.02373872 0.07518773 21.00000000
0.02369890 0.07464522 21.00000000
0.02365956 0.07411115 21.00000000
0.02362068 0.07358537 21.00000000
0.02358227 0.07306774 21.00000000
0.02354430 0.07255811 21.00000000
0.02350676 0.07205632 21.00000000
0.02346966 0.07156225 22.00000000
0.02343297 0.07107573 22.00000000
0.02339669 0.07059664 22.00000000
0.02336081 0.07012481 22.00000000
0.02332532 0.06966012 22.00000000
0.02329021 0.06920241 22.00000000
0.02325548 0.06875157 22.00000000
0.02322111 0.06830744 22.00000000
0.02318710 0.06786990 22.00000000
0.02315344 0.06743881 23.00000000
0.02312013 0.06701405 23.00000000
0.02308716 0.06659548 23.00000000
0.02305452 0.06618298 23.00000000
0.02302220 0.06577643 23.00000000
0.02299020 0.06537570 23.00000000
0.02295852 0.06498069 23.00000000
0.02292714 0.06459127 23.00000000
0.02289606 0.06420733 23.00000000
0.02286528 0.06382875 23.00000000
0.02283480 0.06345544 24.00000000
0.02280459 0.06308727 24.00000000
0.02277467 0.06272415 24.00000000
0.02274502 0.06236598 24.00000000
0.02271565 0.06201265 24.00000000
0.02268654 0.06166407 24.00000000
0.02265769 0.06132015 24.00000000
0.02262910 0.06098078 24.00000000
0.02260077 0.06064587 24.00000000
0.02257268 0.06031535 24.00000000
0.02254484 0.05998911 25.00000000
0.02251725 0.05966708 25.00000000
0.02248988 0.05934917 25.00000000
0.02246276 0.05903530 25.00000000
0.02243586 0.05872539 25.00000000
0.02240919 0.05841936 25.00000000
0.02238275 0.05811714 25.00000000
0.02235652 0.05781865 25.00000000
0.02233051 0.05752382 25.00000000
0.02230472 0.05723259 26.00000000
0.02227913 0.05694487 26.00000000
0.02225375 0.05666060 26.00000000
0.02222858 0.05637973 26.00000000
0.02220361 0.05610217 26.00000000
0.02217884 0.05582787 26.00000000
0.02215426 0.05555677 26.00000000
0.02212988 0.05528881 26.00000000
0.02210569 0.05502393 27.00000000
0.02208169 0.05476207 27.00000000
0.02205787 0.05450317 27.00000000
0.02203423 0.05424719 27.00000000
0.02201078 0.05399406 27.00000000
0.02198750 0.05374373 27.00000000
0.02196440 0.05349616 28.00000000
0.02194148 0.05325130 28.00000000
0.02191872 0.05300908 28.00000000
0.02189614 0.05276948 28.00000000
0.02187372 0.05253243 28.00000000
0.02185147 0.05229790 28.00000000
0.02182938 0.05206584 28.00000000
0.02180745 0.05183621 28.00000000
0.02178568 0.05160896 28.00000000
0.02176407 0.05138405 29.00000000
0.02174261 0.05116144 29.00000000
0.02172131 0.05094109 29.00000000
0.02170015 0.05072297 29.00000000
0.02167915 0.05050703 29.00000000
0.02165830 0.05029324 29.00000000
0.02163759 0.05008155 29.00000000
0.02161703 0.04987194 29.00000000
0.02159661 0.04966438 29.00000000
0.02157633 0.04945881 29.00000000
0.02155619 0.04925522 30.00000000
0.02153619 0.04905357 30.00000000
0.02151632 0.04885383 30.00000000
0.02149659 0.04865596 30.00000000
0.02147700 0.04845994 30.00000000
0.02145753 0.04826573 30.00000000
0.02143820 0.04807331 30.00000000
0.02141899 0.04788265 30.00000000
0.02139992 0.04769371 30.00000000
0.02138097 0.04750648 30.00000000
0.02136214 0.04732092 31.00000000
0.02134344 0.04713702 31.00000000
0.02132487 0.04695473 31.00000000
0.02130641 0.04677404 31.00000000
0.02128807 0.04659493 31.00000000
0.02126986 0.04641736 31.00000000
0.02125176 0.04624132 31.00000000
0.02123377 0.04606678 31.00000000
0.02121590 0.04589372 31.00000000
0.02119815 0.04572211 32.00000000
0.02118051 0.04555194 32.00000000
0.02116298 0.04538318 32.00000000
0.02114556 0.04521582 32.00000000
0.02112825 0.04504983 32.00000000
0.02111105 0.04488519 32.00000000
0.02109396 0.04472188 32.00000000
0.02107697 0.04455988 32.00000000
0.02106009 0.04439918 33.00000000
0.02104331 0.04423975 33.00000000
0.02102664 0.04408158 33.00000000
0.02101006 0.04392465 33.00000000
0.02099359 0.04376894 33.00000000
0.02097723 0.04361443 33.00000000
0.02096096 0.04346112 33.00000000
0.02094478 0.04330897 33.00000000
0.02092871 0.04315798 33.00000000
0.02091273 0.04300813 33.00000000
0.02089685 0.04285941 34.00000000
0.02088107 0.04271179 34.00000000
0.02086538 0.04256526 34.00000000
0.02084978 0.04241982 34.00000000
0.02083427 0.04227544 35.00000000
0.02081886 0.04213211 35.00000000
0.02080354 0.04198982 35.00000000
0.02078830 0.04184855 35.00000000
0.02077316 0.04170830 35.00000000
0.02075810 0.04156904 35.00000000
0.02074314 0.04143076 36.00000000
0.02072825 0.04129346 36.00000000
0.02071346 0.04115711 36.00000000
0.02069875 0.04102172 36.00000000
0.02068413 0.04088726 36.00000000
0.02066959 0.04075372 36.00000000
0.02065513 0.04062110 36.00000000
0.02064075 0.04048937 36.00000000
0.02062646 0.04035854 36.00000000
0.02061225 0.04022859 36.00000000
0.02059812 0.04009950 37.00000000
0.02058407 0.03997128 37.00000000
0.02057010 0.03984390 37.00000000
0.02055620 0.03971736 37.00000000
0.02054239 0.03959165 37.00000000
0.02052865 0.03946676 37.00000000
0.02051499 0.03934267 37.00000000
0.02050140 0.03921939 37.00000000
0.02048789 0.03909689 37.00000000
0.02047446 0.03897518 38.00000000
0.02046109 0.03885424 38.00000000
0.02044781 0.03873407 38.00000000
0.02043459 0.03861465 38.00000000
0.02042145 0.03849597 38.00000000
0.02040838 0.03837804 38.00000000
0.02039538 0.03826083 38.00000000
0.02038245 0.03814435 38.00000000
0.02036959 0.03802858 38.00000000
0.02035680 0.03791352 38.00000000
0.02034408 0.03779915 39.00000000
0.02033143 0.03768548 39.00000000
0.02031884 0.03757249 39.00000000
0.02030633 0.03746018 39.00000000
0.02029388 0.03734854 39.00000000
0.02028149 0.03723756 39.00000000
0.02026918 0.03712724 39.00000000
0.02025693 0.03701757 39.00000000
0.02024474 0.03690854 39.00000000
0.02023262 0.03680014 40.00000000
0.02022056 0.03669238 40.00000000
0.02020856 0.03658523 40.00000000
0.02019663 0.03647871 40.00000000
0.02018476 0.03637279 40.00000000
0.02017295 0.03626748 40.00000000
0.02016121 0.03616277 40.00000000
0.02014952 0.03605865 40.00000000
0.02013790 0.03595511 40.00000000
0.02012633 0.03585216 40.00000000
0.02011483 0.03574978 41.00000000
0.02010338 0.03564798 41.00000000
0.02009200 0.03554674 41.00000000
0.02008067 0.03544605 41.00000000
0.02006940 0.03534592 41.00000000
0.02005819 0.03524634 41.00000000
0.02004703 0.03514730 41.00000000
0.02003593 0.03504881 41.00000000
0.02002489 0.03495084 42.00000000
0.02001391 0.03485340 42.00000000
0.02000297 0.03475649 42.00000000
0.01999210 0.03466010 42.00000000
0.01998128 0.03456422 42.00000000
0.01997051 0.03446885 42.00000000
0.01995980 0.03437398 42.00000000
0.01994914 0.03427962 42.00000000
0.01993854 0.03418575 43.00000000
0.01992799 0.03409238 43.00000000
0.01991749 0.03399949 43.00000000
0.01990704 0.03390708 43.00000000
0.01989664 0.03381516 43.00000000
0.01988630 0.03372370 43.00000000
0.01987601 0.03363272 43.00000000
0.01986576 0.03354221 44.00000000
0.01985557 0.03345216 44.00000000
0.01984543 0.03336257 44.00000000
0.01983534 0.03327343 44.00000000
0.01982529 0.03318475 44.00000000
0.01981530 0.03309651 44.00000000
0.01980536 0.03300872 44.00000000
0.01979546 0.03292136 44.00000000
0.01978561 0.03283445 44.00000000
0.01977581 0.03274796 45.00000000
0.01976605 0.03266191 45.00000000
0.01975635 0.03257628 45.00000000
0.01974669 0.03249108 45.00000000
0.01973707 0.03240629 45.00000000
0.01972751 0.03232192 45.00000000
0.01971798 0.03223796 45.00000000
0.01970851 0.03215442 45.00000000
0.01969908 0.03207128 45.00000000
0.01968969 0.03198854 45.00000000
0.01968035 0.03190620 46.00000000
0.01967105 0.03182426 46.00000000
0.01966180 0.03174271 46.00000000
0.01965259 0.03166155 46.00000000
0.01964342 0.03158078 46.00000000
0.01963430 0.03150040 46.00000000
0.01962522 0.03142040 46.00000000
0.01961618 0.03134077 46.00000000
0.01960719 0.03126153 46.00000000
0.01959823 0.03118265 46.00000000
0.01958932 0.03110415 47.00000000
0.01958045 0.03102601 47.00000000
0.01957162 0.03094824 47.00000000
0.01956284 0.03087084 47.00000000
0.01955409 0.03079379 47.00000000
0.01954538 0.03071710 47.00000000
0.01953672 0.03064076 47.00000000
0.01952809 0.03056478 47.00000000
0.01951950 0.03048914 47.00000000
0.01951096 0.03041386 48.00000000
0.01950245 0.03033892 48.00000000
0.01949398 0.03026432 48.00000000
0.01948555 0.03019006 48.00000000
0.01947716 0.03011613 48.00000000
0.01946880 0.03004255 48.00000000
0.01946049 0.02996929 48.00000000
0.01945221 0.02989637 48.00000000
0.01944397 0.02982377 48.00000000
0.01943577 0.02975150 49.00000000
0.01942760 0.02967955 49.00000000
0.01941947 0.02960793 49.00000000
0.01941138 0.02953662 49.00000000
0.01940332 0.02946563 49.00000000
0.01939530 0.02939496 49.00000000
0.01938732 0.02932460 49.00000000
0.01937937 0.02925455 49.00000000
0.01937145 0.02918481 49.00000000
0.01936358 0.02911537 49.00000000
0.01935573 0.02904624 50.00000000
0.01934792 0.02897742 50.00000000
0.01934015 0.02890889 50.00000000
0.01933241 0.02884066 50.00000000
0.01932470 0.02877273 50.00000000
0.01931703 0.02870509 50.00000000
0.01930940 0.02863775 50.00000000
0.01930179 0.02857070 50.00000000
0.01929422 0.02850393 50.00000000
0.01928668 0.02843745 50.00000000
0.01927918 0.02837126 51.00000000
0.01927171 0.02830536 51.00000000
0.01926427 0.02823973 52.00000000
0.01925686 0.02817438 52.00000000
0.01924948 0.02810932 52.00000000
0.01924214 0.02804453 52.00000000
0.01923483 0.02798001 52.00000000
0.01922755 0.02791577 53.00000000
0.01922030 0.02785179 53.00000000
0.01921308 0.02778809 53.00000000
0.01920590 0.02772466 53.00000000
0.01919874 0.02766149 53.00000000
0.01919162 0.02759859 53.00000000
0.01918452 0.02753595 53.00000000
0.01917746 0.02747357 53.00000000
0.01917043 0.02741145 53.00000000
0.01916342 0.02734959 53.00000000
0.01915645 0.02728799 54.00000000
0.01914950 0.02722664 54.00000000
0.01914259 0.02716554 54.00000000
0.01913570 0.02710470 54.00000000
0.01912885 0.02704411 54.00000000
0.01912202 0.02698377 54.00000000
0.01911522 0.02692367 54.00000000
0.01910845 0.02686383 54.00000000
0.01910171 0.02680422 54.00000000
0.01909499 0.02674486 55.00000000
0.01908831 0.02668575 55.00000000
0.01908165 0.02662687 55.00000000
0.01907502 0.02656823 55.00000000
0.01906842 0.02650983 55.00000000
0.01906184 0.02645166 55.00000000
0.01905529 0.02639373 55.00000000
0.01904877 0.02633604 55.00000000
0.01904228 0.02627858 55.00000000
0.01903581 0.02622134 55.00000000
0.01902937 0.02616434 56.00000000
0.01902296 0.02610757 56.00000000
0.01901657 0.02605102 56.00000000
0.01901021 0.02599470 56.00000000
0.01900387 0.02593860 56.00000000
0.01899756 0.02588273 56.00000000
0.01899128 0.02582707 56.00000000
0.01898502 0.02577164 56.00000000
0.01897879 0.02571643 56.00000000
0.01897258 0.02566144 57.00000000
0.01896640 0.02560666 57.00000000
0.01896024 0.02555210 57.00000000
0.01895411 0.02549775 57.00000000
0.01894800 0.02544362 57.00000000
0.01894192 0.02538970 57.00000000
0.01893586 0.02533599 57.00000000
0.01892983 0.02528249 57.00000000
0.01892382 0.02522920 57.00000000
0.01891783 0.02517612 57.00000000
0.01891187 0.02512324 58.00000000
0.01890593 0.02507057 58.00000000
0.01890002 0.02501810 58.00000000
0.01889413 0.02496584 58.00000000
0.01888826 0.02491378 58.00000000
0.01888242 0.02486192 58.00000000
0.01887660 0.02481026 58.00000000
0.01887080 0.02475880 58.00000000
0.01886503 0.02470753 58.00000000
0.01885927 0.02465647 59.00000000
0.01885354 0.02460559 59.00000000
0.01884784 0.02455492 59.00000000
0.01884215 0.02450443 59.00000000
0.01883649 0.02445414 59.00000000
0.01883085 0.02440404 59.00000000
0.01882523 0.02435413 59.00000000
0.01881964 0.02430442 60.00000000
0.01881406 0.02425488 60.00000000
0.01880851 0.02420554 60.00000000
0.01880298 0.02415638 60.00000000
0.01879747 0.02410741 60.00000000
0.01879198 0.02405863 60.00000000
0.01878651 0.02401002 60.00000000
0.01878107 0.02396160 60.00000000
0.01877564 0.02391337 60.00000000
0.01877024 0.02386531 61.00000000
0.01876485 0.02381743 61.00000000
0.01875949 0.02376973 61.00000000
0.01875415 0.02372221 61.00000000
0.01874883 0.02367487 61.00000000
0.01874353 0.02362770 61.00000000
0.01873825 0.02358071 61.00000000
0.01873298 0.02353389 61.00000000
0.01872774 0.02348725 61.00000000
0.01872252 0.02344078 61.00000000
0.01871732 0.02339448 62.00000000
0.01871214 0.02334835 62.00000000
0.01870698 0.02330240 62.00000000
0.01870183 0.02325661 62.00000000
0.01869671 0.02321099 62.00000000
0.01869161 0.02316553 62.00000000
0.01868652 0.02312025 62.00000000
0.01868146 0.02307513 62.00000000
0.01867641 0.02303017 62.00000000
0.01867138 0.02298538 63.00000000
0.01866637 0.02294075 63.00000000
0.01866138 0.02289629 63.00000000
0.01865641 0.02285198 63.00000000
0.01865146 0.02280784 63.00000000
0.01864652 0.02276386 63.00000000
0.01864160 0.02272004 63.00000000
0.01863671 0.02267637 63.00000000
0.01863183 0.02263286 63.00000000
0.01862696 0.02258952 63.00000000
0.01862212 0.02254632 63.00000000
0.01861729 0.02250328 64.00000000
0.01861248 0.02246040 64.00000000
0.01860769 0.02241767 64.00000000
0.01860292 0.02237510 64.00000000
0.01859816 0.02233267 64.00000000
0.01859342 0.02229040 64.00000000
0.01858870 0.02224828 64.00000000
0.01858399 0.02220631 64.00000000
0.01857931 0.02216449 64.00000000
0.01857464 0.02212282 64.00000000
0.01856998 0.02208129 64.00000000
0.01856535 0.02203992 64.00000000
0.01856073 0.02199869 65.00000000
0.01855612 0.02195760 65.00000000
0.01855154 0.02191667 65.00000000
0.01854697 0.02187587 65.00000000
0.01854241 0.02183522 65.00000000
0.01853787 0.02179472 65.00000000
0.01853335 0.02175435 65.00000000
0.01852885 0.02171413 65.00000000
0.01852436 0.02167405 65.00000000
0.01851988 0.02163411 65.00000000
0.01851543 0.02159431 65.00000000
0.01851099 0.02155465 66.00000000
0.01850656 0.02151512 66.00000000
0.01850215 0.02147574 66.00000000
0.01849776 0.02143649 66.00000000
0.01849338 0.02139738 66.00000000
0.01848901 0.02135840 66.00000000
0.01848467 0.02131956 66.00000000
0.01848033 0.02128086 66.00000000
0.01847602 0.02124228 66.00000000
0.01847171 0.02120385 66.00000000
0.01846743 0.02116554 66.00000000
0.01846315 0.02112737 66.00000000
0.01845890 0.02108933 67.00000000
0.01845465 0.02105142 67.00000000
0.01845042 0.02101364 67.00000000
0.01844621 0.02097599 67.00000000
0.01844201 0.02093846 67.00000000
0.01843783 0.02090107 67.00000000
0.01843366 0.02086381 68.00000000
0.01842950 0.02082667 68.00000000
0.01842536 0.02078966 68.00000000
0.01842124 0.02075277 68.00000000
0.01841712 0.02071601 68.00000000
0.01841303 0.02067938 68.00000000
0.01840894 0.02064287 69.00000000
0.01840487 0.02060648 69.00000000
0.01840082 0.02057022 69.00000000
0.01839677 0.02053408 69.00000000
0.01839274 0.02049806 69.00000000
0.01838873 0.02046217 69.00000000
0.01838473 0.02042639 69.00000000
0.01838074 0.02039074 69.00000000
0.01837677 0.02035521 69.00000000
0.01837281 0.02031979 69.00000000
0.01836886 0.02028449 69.00000000
0.01836492 0.02024932 70.00000000
0.01836100 0.02021426 70.00000000
0.01835710 0.02017931 70.00000000
0.01835320 0.02014449 70.00000000
0.01834932 0.02010978 70.00000000
0.01834545 0.02007518 70.00000000
0.01834160 0.02004071 70.00000000
0.01833775 0.02000634 70.00000000
0.01833392 0.01997209 70.00000000
0.01833011 0.01993796 70.00000000
0.01832630 0.01990393 70.00000000
0.01832251 0.01987002 71.00000000
0.01831873 0.01983622 71.00000000
0.01831496 0.01980254 71.00000000
0.01831121 0.01976896 71.00000000
0.01830747 0.01973550 71.00000000
0.01830374 0.01970214 71.00000000
0.01830002 0.01966890 71.00000000
0.01829632 0.01963576 71.00000000
0.01829262 0.01960273 71.00000000
0.01828894 0.01956981 71.00000000
0.01828527 0.01953700 71.00000000
0.01828162 0.01950430 72.00000000
0.01827797 0.01947170 72.00000000
0.01827434 0.01943921 72.00000000
0.01827072 0.01940682 72.00000000
0.01826711 0.01937454 72.00000000
0.01826351 0.01934237 72.00000000
0.01825993 0.01931030 72.00000000
0.01825635 0.01927833 72.00000000
0.01825279 0.01924647 72.00000000
0.01824924 0.01921471 72.00000000
0.01824570 0.01918305 72.00000000
0.01824217 0.01915149 72.00000000
0.01823865 0.01912004 73.00000000
0.01823515 0.01908869 73.00000000
0.01823165 0.01905744 73.00000000
0.01822817 0.01902628 73.00000000
0.01822470 0.01899523 73.00000000
0.01822124 0.01896428 73.00000000
0.01821779 0.01893343 73.00000000
0.01821435 0.01890267 73.00000000
0.01821092 0.01887202 73.00000000
0.01820750 0.01884146 73.00000000
0.01820409 0.01881100 73.00000000
0.01820070 0.01878064 74.00000000
0.01819731 0.01875037 74.00000000
0.01819394 0.01872020 74.00000000
0.01819058 0.01869012 74.00000000
0.01818722 0.01866014 74.00000000
0.01818388 0.01863026 74.00000000
0.01818055 0.01860047 74.00000000
0.01817723 0.01857077 74.00000000
0.01817391 0.01854117 74.00000000
0.01817061 0.01851166 74.00000000
0.01816732 0.01848224 74.00000000
0.01816404 0.01845292 75.00000000
0.01816077 0.01842369 75.00000000
0.01815751 0.01839455 75.00000000
0.01815426 0.01836550 75.00000000
0.01815102 0.01833654 75.00000000
0.01814779 0.01830767 75.00000000
0.01814457 0.01827889 75.00000000
0.01814136 0.01825021 76.00000000
0.01813816 0.01822161 76.00000000
0.01813497 0.01819310 76.00000000
0.01813179 0.01816468 76.00000000
0.01812862 0.01813635 76.00000000
0.01812546 0.01810810 76.00000000
0.01812231 0.01807994 76.00000000
0.01811917 0.01805187 76.00000000
0.01811603 0.01802389 76.00000000
0.01811291 0.01799599 77.00000000
0.01810980 0.01796818 77.00000000
0.01810669 0.01794046 77.00000000
0.01810360 0.01791282 77.00000000
0.01810052 0.01788526 77.00000000
0.01809744 0.01785779 77.00000000
0.01809437 0.01783041 77.00000000
0.01809132 0.01780311 77.00000000
0.01808827 0.01777589 77.00000000
0.01808523 0.01774875 77.00000000
0.01808220 0.01772170 78.00000000
0.01807918 0.01769473 78.00000000
0.01807617 0.01766784 78.00000000
0.01807317 0.01764104 78.00000000
0.01807017 0.01761431 78.00000000
0.01806719 0.01758767 78.00000000
0.01806421 0.01756111 78.00000000
0.01806125 0.01753462 78.00000000
0.01805829 0.01750822 79.00000000
0.01805534 0.01748190 79.00000000
0.01805240 0.01745566 79.00000000
0.01804947 0.01742949 79.00000000
0.01804654 0.01740341 79.00000000
0.01804363 0.01737740 79.00000000
0.01804072 0.01735147 79.00000000
0.01803783 0.01732562 79.00000000
0.01803494 0.01729985 79.00000000
0.01803206 0.01727416 79.00000000
0.01802919 0.01724854 80.00000000
0.01802632 0.01722300 80.00000000
0.01802347 0.01719753 80.00000000
0.01802062 0.01717214 80.00000000
0.01801778 0.01714683 80.00000000
0.01801495 0.01712159 80.00000000
0.01801213 0.01709642 80.00000000
0.01800932 0.01707133 80.00000000
0.01800651 0.01704632 80.00000000
0.01800371 0.01702138 81.00000000
0.01800092 0.01699651 81.00000000
0.01799814 0.01697172 81.00000000
0.01799537 0.01694700 81.00000000
0.01799260 0.01692235 81.00000000
0.01798985 0.01689778 81.00000000
0.01798710 0.01687328 81.00000000
0.01798436 0.01684885 81.00000000
0.01798162 0.01682449 81.00000000
0.01797890 0.01680020 81.00000000
0.01797618 0.01677599 82.00000000
0.01797347 0.01675184 82.00000000
0.01797077 0.01672777 82.00000000
0.01796807 0.01670376 82.00000000
0.01796538 0.01667983 82.00000000
0.01796270 0.01665597 82.00000000
0.01796003 0.01663217 82.00000000
0.01795737 0.01660845 82.00000000
0.01795471 0.01658479 82.00000000
0.01795206 0.01656120 82.00000000
0.01794942 0.01653768 83.00000000
0.01794678 0.01651423 83.00000000
0.01794416 0.01649085 83.00000000
0.01794154 0.01646754 83.00000000
0.01793893 0.01644429 83.00000000
0.01793632 0.01642111 83.00000000
0.01793372 0.01639799 83.00000000
0.01793113 0.01637494 84.00000000
0.01792855 0.01635196 84.00000000
0.01792597 0.01632905 84.00000000
0.01792340 0.01630620 84.00000000
0.01792084 0.01628341 84.00000000
0.01791829 0.01626069 84.00000000
0.01791574 0.01623804 85.00000000
0.01791320 0.01621545 85.00000000
0.01791066 0.01619292 85.00000000
0.01790814 0.01617046 85.00000000
0.01790562 0.01614807 86.00000000
0.01790311 0.01612573 86.00000000
0.01790060 0.01610346 86.00000000
0.01789810 0.01608126 86.00000000
0.01789561 0.01605911 86.00000000
0.01789312 0.01603703 86.00000000
0.01789064 0.01601501 86.00000000
0.01788817 0.01599306 86.00000000
0.01788571 0.01597116 86.00000000
0.01788325 0.01594933 86.00000000
0.01788080 0.01592756 87.00000000
0.01787835 0.01590585 87.00000000
0.01787592 0.01588420 87.00000000
0.01787348 0.01586261 87.00000000
0.01787106 0.01584109 87.00000000
0.01786864 0.01581962 87.00000000
0.01786623 0.01579821 87.00000000
0.01786382 0.01577687 87.00000000
0.01786142 0.01575558 87.00000000
0.01785903 0.01573435 88.00000000
0.01785665 0.01571318 88.00000000
0.01785427 0.01569207 88.00000000
0.01785189 0.01567102 88.00000000
0.01784953 0.01565003 88.00000000
0.01784716 0.01562910 88.00000000
0.01784481 0.01560822 88.00000000
0.01784246 0.01558740 88.00000000
0.01784012 0.01556664 88.00000000
0.01783778 0.01554594 88.00000000
0.01783546 0.01552530 89.00000000
0.01783313 0.01550471 89.00000000
0.01783081 0.01548418 89.00000000
0.01782850 0.01546370 89.00000000
0.01782620 0.01544328 89.00000000
0.01782390 0.01542292 89.00000000
0.01782161 0.01540261 89.00000000
0.01781932 0.01538236 89.00000000
0.01781704 0.01536217 89.00000000
0.01781477 0.01534203 89.00000000
0.01781250 0.01532194 90.00000000
0.01781023 0.01530191 90.00000000
0.01780798 0.01528194 90.00000000
0.01780573 0.01526202 90.00000000
0.01780348 0.01524215 90.00000000
0.01780124 0.01522234 90.00000000
0.01779901 0.01520258 90.00000000
0.01779678 0.01518288 90.00000000
0.01779456 0.01516323 90.00000000
0.01779234 0.01514363 91.00000000
0.01779013 0.01512409 91.00000000
0.01778793 0.01510460 91.00000000
0.01778573 0.01508516 91.00000000
0.01778354 0.01506577 91.00000000
0.01778135 0.01504644 95.00000000
0.01777917 0.01502716 95.00000000
0.01777699 0.01500793 95.00000000
0.01777482 0.01498875 95.00000000
0.01777265 0.01496963 95.00000000
0.01777049 0.01495055 95.00000000
0.01776834 0.01493153 95.00000000
0.01776619 0.01491256 95.00000000
0.01776405 0.01489364 95.00000000
0.01776191 0.01487477 95.00000000
0.01775978 0.01485595 95.00000000
0.01775765 0.01483718 95.00000000
0.01775553 0.01481846 95.00000000
0.01775341 0.01479979 96.00000000
0.01775130 0.01478117 96.00000000
0.01774920 0.01476260 96.00000000
0.01774710 0.01474408 96.00000000
0.01774500 0.01472561 96.00000000
0.01774291 0.01470719 96.00000000
0.01774083 0.01468882 96.00000000
0.01773875 0.01467050 96.00000000
0.01773668 0.01465222 96.00000000
0.01773461 0.01463400 96.00000000
0.01773254 0.01461582 96.00000000
0.01773049 0.01459769 96.00000000
0.01772843 0.01457961 96.00000000
0.01772638 0.01456157 97.00000000
0.01772434 0.01454359 97.00000000
0.01772230 0.01452565 97.00000000
0.01772027 0.01450776 97.00000000
0.01771824 0.01448991 97.00000000
0.01771622 0.01447212 97.00000000
0.01771420 0.01445437 97.00000000
0.01771219 0.01443666 97.00000000
0.01771018 0.01441901 97.00000000
0.01770818 0.01440140 97.00000000
0.01770618 0.01438383 98.00000000
0.01770419 0.01436631 98.00000000
0.01770220 0.01434884 98.00000000
0.01770022 0.01433141 98.00000000
0.01769824 0.01431403 98.00000000
0.01769627 0.01429670 98.00000000
0.01769430 0.01427941 98.00000000
0.01769233 0.01426216 98.00000000
0.01769038 0.01424496 98.00000000
0.01768842 0.01422781 98.00000000
0.01768647 0.01421070 98.00000000
0.01768453 0.01419364 98.00000000
0.01768259 0.01417661 98.00000000
0.01768065 0.01415964 98.00000000
0.01767872 0.01414271 98.00000000
0.01767679 0.01412582 98.00000000
0.01767487 0.01410897 99.00000000
0.01767296 0.01409217 99.00000000
0.01767105 0.01407542 99.00000000
0.01766914 0.01405870 99.00000000
0.01766723 0.01404203 99.00000000
0.01766534 0.01402541 99.00000000
0.01766344 0.01400882 99.00000000
0.01766155 0.01399228 99.00000000
0.01765967 0.01397578 99.00000000
0.01765779 0.01395933 100.00000000
0.01765591 0.01394292 100.00000000
0.01765404 0.01392655 100.00000000
0.01765218 0.01391022 100.00000000
0.01765031 0.01389393 100.00000000
0.01764846 0.01387769 100.00000000
0.01764660 0.01386149 100.00000000
0.01764475 0.01384533 100.00000000
0.01764291 0.01382921 100.00000000
0.01764107 0.01381313 100.00000000
0.01763923 0.01379710 100.00000000
0.01763740 0.01378111 100.00000000
0.01763557 0.01376515 100.00000000
0.01763375 0.01374924 100.00000000
0.01763193 0.01373337 100.00000000
0.01763012 0.01371754 101.00000000
0.01762831 0.01370175 101.00000000
0.01762650 0.01368600 101.00000000
0.01762470 0.01367029 101.00000000
0.01762290 0.01365463 101.00000000
0.01762111 0.01363900 101.00000000
0.01761932 0.01362341 101.00000000
0.01761753 0.01360787 101.00000000
0.01761575 0.01359236 101.00000000
0.01761398 0.01357689 101.00000000
0.01761220 0.01356146 101.00000000
0.01761044 0.01354607 102.00000000
0.01760867 0.01353073 103.00000000
0.01760691 0.01351542 103.00000000
0.01760516 0.01350015 103.00000000
0.01760340 0.01348491 103.00000000
0.01760165 0.01346972 103.00000000
0.01759991 0.01345457 103.00000000
0.01759817 0.01343946 103.00000000
0.01759643 0.01342438 103.00000000
0.01759470 0.01340934 103.00000000
0.01759297 0.01339434 103.00000000
0.01759125 0.01337938 103.00000000
0.01758953 0.01336446 103.00000000
0.01758781 0.01334958 103.00000000
0.01758610 0.01333473 103.00000000
0.01758439 0.01331993 103.00000000
0.01758269 0.01330516 103.00000000
0.01758099 0.01329043 104.00000000
0.01757929 0.01327573 104.00000000
0.01757760 0.01326108 104.00000000
0.01757591 0.01324646 104.00000000
0.01757422 0.01323188 104.00000000
0.01757254 0.01321733 104.00000000
0.01757086 0.01320283 104.00000000
0.01756919 0.01318836 104.00000000
0.01756752 0.01317393 104.00000000
0.01756585 0.01315953 104.00000000
0.01756419 0.01314517 104.00000000
0.01756253 0.01313085 104.00000000
0.01756087 0.01311657 104.00000000
0.01755922 0.01310232 104.00000000
0.01755758 0.01308811 104.00000000
0.01755593 0.01307393 105.00000000
0.01755429 0.01305979 105.00000000
0.01755265 0.01304569 105.00000000
0.01755102 0.01303163 105.00000000
0.01754939 0.01301760 105.00000000
