Residual Convergence speed Computational time
0.12499903 0.01356877 1.00000000
0.12499780 0.01207223 2.00000000
0.12499651 0.01075567 2.00000000
0.12499515 0.00967334 2.00000000
0.12499371 0.00889468 2.00000000
0.12499216 0.00849120 2.00000000
0.12499050 0.00850875 2.00000000
0.12498872 0.00894185 2.00000000
0.12498678 0.00973635 2.00000000
0.12498468 0.01081742 2.00000000
0.12498239 0.01211574 2.00000000
0.12497989 0.01357837 2.00000000
0.12497715 0.01516878 2.00000000
0.12497415 0.01686311 2.00000000
0.12497086 0.01864650 2.00000000
0.12496725 0.02051016 2.00000000
0.12496328 0.02244944 2.00000000
0.12495891 0.02446257 3.00000000
0.12495409 0.02654977 3.00000000
0.12494879 0.02871269 3.00000000
0.12494295 0.03095407 3.00000000
0.12493651 0.03327749 3.00000000
0.12492941 0.03568715 3.00000000
0.12492157 0.03818784 3.00000000
0.12491293 0.04078479 3.00000000
0.12490339 0.04348365 3.00000000
0.12489286 0.04629045 3.00000000
0.12488124 0.04921158 3.00000000
0.12486842 0.05225379 3.00000000
0.12485426 0.05542416 3.00000000
0.12483863 0.05873008 3.00000000
0.12482137 0.06217932 3.00000000
0.12480233 0.06577997 4.00000000
0.12478130 0.06954047 4.00000000
0.12475808 0.07346962 5.00000000
0.12473246 0.07757658 5.00000000
0.12470417 0.08187087 5.00000000
0.12467294 0.08636242 5.00000000
0.12463848 0.09106151 5.00000000
0.12460044 0.09597883 5.00000000
0.12455845 0.10112547 5.00000000
0.12451213 0.10651289 5.00000000
0.12446101 0.11215299 5.00000000
0.12440461 0.11805804 6.00000000
0.12434240 0.12424071 6.00000000
0.12427378 0.13071403 6.00000000
0.12419811 0.13749142 6.00000000
0.12411468 0.14458662 6.00000000
0.12402270 0.15201367 6.00000000
0.12392134 0.15978688 6.00000000
0.12380966 0.16792078 6.00000000
0.12368663 0.17643003 6.00000000
0.12355116 0.18532938 6.00000000
0.12340203 0.19463353 8.00000000
0.12323793 0.20435702 8.00000000
0.12305743 0.21451412 8.00000000
0.12285898 0.22511862 8.00000000
0.12264090 0.23618364 8.00000000
0.12240139 0.24772140 8.00000000
0.12213849 0.25974293 8.00000000
0.12185013 0.27225773 8.00000000
0.12153407 0.28527343 9.00000000
0.12118792 0.29879530 9.00000000
0.12080916 0.31282577 9.00000000
0.12039513 0.32736385 9.00000000
0.11994301 0.34240451 9.00000000
0.11944989 0.35793788 9.00000000
0.11891272 0.37394850 9.00000000
0.11832841 0.39041443 9.00000000
0.11769377 0.40730627 9.00000000
0.11700561 0.42458617 9.00000000
0.11626077 0.44220680 10.00000000
0.11545616 0.46011029 10.00000000
0.11458881 0.47822731 10.00000000
0.11365597 0.49647615 10.00000000
0.11265516 0.51476213 10.00000000
0.11158429 0.53297722 10.00000000
0.11044169 0.55100013 10.00000000
0.10922625 0.56869691 10.00000000
0.10793749 0.58592229 10.00000000
0.10657564 0.60252176 10.00000000
0.10514174 0.61833451 11.00000000
0.10363768 0.63319740 11.00000000
0.10206624 0.64694966 11.00000000
0.10043112 0.65943846 11.00000000
0.09873694 0.67052491 11.00000000
0.09698915 0.68009025 11.00000000
0.09519400 0.68804166 11.00000000
0.09335844 0.69431734 11.00000000
0.09148992 0.69889017 11.00000000
0.08959630 0.70176959 12.00000000
0.08768566 0.70300141 12.00000000
0.08576610 0.70266540 12.00000000
0.08384559 0.70087076 12.00000000
0.08193181 0.69774990 12.00000000
0.08003200 0.69345105 12.00000000
0.07815286 0.68813045 12.00000000
0.07630046 0.68194469 12.00000000
0.07448020 0.67504395 12.00000000
0.07269677 0.66756659 12.00000000
0.07095416 0.65963536 13.00000000
0.06925568 0.65135531 13.00000000
0.06760400 0.64281316 13.00000000
0.06600118 0.63407811 13.00000000
0.06444877 0.62520352 13.00000000
0.06294780 0.61622914 13.00000000
0.06149889 0.60718370 13.00000000
0.06010227 0.59808742 13.00000000
0.05875786 0.58895435 13.00000000
0.05746528 0.57979435 14.00000000
0.05622393 0.57061477 14.00000000
0.05503299 0.56142166 14.00000000
0.05389147 0.55222074 14.00000000
0.05279826 0.54301794 14.00000000
0.05175212 0.53381982 14.00000000
0.05075169 0.52463372 14.00000000
0.04979559 0.51546780 14.00000000
0.04888234 0.50633097 14.00000000
0.04801044 0.49723277 14.00000000
0.04717836 0.48818317 15.00000000
0.04638456 0.47919245 15.00000000
0.04562750 0.47027096 15.00000000
0.04490562 0.46142898 15.00000000
0.04421742 0.45267653 15.00000000
0.04356139 0.44402327 15.00000000
0.04293607 0.43547833 15.00000000
0.04234000 0.42705025 15.00000000
0.04177180 0.41874692 15.00000000
0.04123011 0.41057548 15.00000000
0.04071362 0.40254232 16.00000000
0.04022106 0.39465306 16.00000000
0.03975121 0.38691253 16.00000000
0.03930290 0.37932480 16.00000000
0.03887502 0.37189320 16.00000000
0.03846648 0.36462035 16.00000000
0.03807628 0.35750817 16.00000000
0.03770343 0.35055797 16.00000000
0.03734700 0.34377046 16.00000000
0.03700612 0.33714578 17.00000000
0.03667994 0.33068361 17.00000000
0.03636768 0.32438316 17.00000000
0.03606857 0.31824322 17.00000000
0.03578192 0.31226224 17.00000000
0.03550703 0.30643835 17.00000000
0.03524328 0.30076939 17.00000000
0.03499006 0.29525297 17.00000000
0.03474680 0.28988651 18.00000000
0.03451297 0.28466722 18.00000000
0.03428805 0.27959221 18.00000000
0.03407158 0.27465845 18.00000000
0.03386310 0.26986284 18.00000000
0.03366218 0.26520220 18.00000000
0.03346843 0.26067331 18.00000000
0.03328146 0.25627292 18.00000000
0.03310092 0.25199778 18.00000000
0.03292648 0.24784461 18.00000000
0.03275782 0.24381019 19.00000000
0.03259464 0.23989130 19.00000000
0.03243667 0.23608474 19.00000000
0.03228364 0.23238738 19.00000000
0.03213530 0.22879613 19.00000000
0.03199142 0.22530795 19.00000000
0.03185178 0.22191986 19.00000000
0.03171618 0.21862894 19.00000000
0.03158441 0.21543235 19.00000000
0.03145629 0.21232731 19.00000000
0.03133166 0.20931109 20.00000000
0.03121035 0.20638105 20.00000000
0.03109221 0.20353463 20.00000000
0.03097709 0.20076930 20.00000000
0.03086486 0.19808265 20.00000000
0.03075539 0.19547230 20.00000000
0.03064856 0.19293596 20.00000000
0.03054426 0.19047138 20.00000000
0.03044238 0.18807641 20.00000000
0.03034281 0.18574894 21.00000000
0.03024548 0.18348692 21.00000000
0.03015028 0.18128837 21.00000000
0.03005713 0.17915137 21.00000000
0.02996596 0.17707404 21.00000000
0.02987669 0.17505457 21.00000000
0.02978924 0.17309120 21.00000000
0.02970355 0.17118220 21.00000000
0.02961956 0.16932592 22.00000000
0.02953720 0.16752074 22.00000000
0.02945643 0.16576508 22.00000000
0.02937718 0.16405741 22.00000000
0.02929940 0.16239624 22.00000000
0.02922306 0.16078014 22.00000000
0.02914809 0.15920768 22.00000000
0.02907447 0.15767751 22.00000000
0.02900213 0.15618830 22.00000000
0.02893106 0.15473874 23.00000000
0.02886120 0.15332758 23.00000000
0.02879253 0.15195360 24.00000000
0.02872501 0.15061560 24.00000000
0.02865860 0.14931243 24.00000000
0.02859327 0.14804296 24.00000000
0.02852900 0.14680610 24.00000000
0.02846576 0.14560079 24.00000000
0.02840351 0.14442599 24.00000000
0.02834224 0.14328071 24.00000000
0.02828191 0.14216397 24.00000000
0.02822250 0.14107482 24.00000000
0.02816399 0.14001236 24.00000000
0.02810636 0.13897569 24.00000000
0.02804957 0.13796395 24.00000000
0.02799363 0.13697631 24.00000000
0.02793849 0.13601195 24.00000000
0.02788415 0.13507009 25.00000000
0.02783057 0.13414998 25.00000000
0.02777776 0.13325088 25.00000000
0.02772568 0.13237207 25.00000000
0.02767432 0.13151286 25.00000000
0.02762366 0.13067260 25.00000000
0.02757369 0.12985062 25.00000000
0.02752440 0.12904632 25.00000000
0.02747576 0.12825908 25.00000000
0.02742776 0.12748833 25.00000000
0.02738038 0.12673349 25.00000000
0.02733362 0.12599403 25.00000000
0.02728746 0.12526941 25.00000000
0.02724189 0.12455913 25.00000000
0.02719689 0.12386270 25.00000000
0.02715246 0.12317963 26.00000000
0.02710857 0.12250948 26.00000000
0.02706522 0.12185180 26.00000000
0.02702240 0.12120616 26.00000000
0.02698009 0.12057214 26.00000000
0.02693829 0.11994936 26.00000000
0.02689698 0.11933743 26.00000000
0.02685615 0.11873598 26.00000000
0.02681580 0.11814464 26.00000000
0.02677592 0.11756308 26.00000000
0.02673649 0.11699097 26.00000000
0.02669750 0.11642797 26.00000000
0.02665895 0.11587380 26.00000000
0.02662084 0.11532814 26.00000000
0.02658314 0.11479072 26.00000000
0.02654585 0.11426125 26.00000000
0.02650897 0.11373947 27.00000000
0.02647248 0.11322513 27.00000000
0.02643638 0.11271799 27.00000000
0.02640066 0.11221779 27.00000000
0.02636531 0.11172433 27.00000000
0.02633033 0.11123738 27.00000000
0.02629571 0.11075672 27.00000000
0.02626145 0.11028217 27.00000000
0.02622752 0.10981351 28.00000000
0.02619394 0.10935058 28.00000000
0.02616070 0.10889319 28.00000000
0.02612778 0.10844116 28.00000000
0.02609518 0.10799433 28.00000000
0.02606289 0.10755255 28.00000000
0.02603092 0.10711566 28.00000000
0.02599925 0.10668352 28.00000000
0.02596788 0.10625598 28.00000000
0.02593681 0.10583292 28.00000000
0.02590602 0.10541421 28.00000000
0.02587551 0.10499971 28.00000000
0.02584529 0.10458932 28.00000000
0.02581534 0.10418292 28.00000000
0.02578566 0.10378040 28.00000000
0.02575624 0.10338167 29.00000000
0.02572708 0.10298661 29.00000000
0.02569818 0.10259514 34.00000000
0.02566953 0.10220716 34.00000000
0.02564112 0.10182259 34.00000000
0.02561296 0.10144134 35.00000000
0.02558504 0.10106334 35.00000000
0.02555736 0.10068851 35.00000000
0.02552990 0.10031677 35.00000000
0.02550268 0.09994805 35.00000000
0.02547568 0.09958230 35.00000000
0.02544889 0.09921944 35.00000000
0.02542233 0.09885941 35.00000000
0.02539598 0.09850216 35.00000000
0.02536984 0.09814762 35.00000000
0.02534390 0.09779576 36.00000000
0.02531817 0.09744650 36.00000000
0.02529264 0.09709982 36.00000000
0.02526731 0.09675565 36.00000000
0.02524218 0.09641396 36.00000000
0.02521723 0.09607469 36.00000000
0.02519247 0.09573782 36.00000000
0.02516790 0.09540330 36.00000000
0.02514352 0.09507109 36.00000000
0.02511931 0.09474116 37.00000000
0.02509528 0.09441348 37.00000000
0.02507143 0.09408800 37.00000000
0.02504774 0.09376470 37.00000000
0.02502423 0.09344355 37.00000000
0.02500089 0.09312452 37.00000000
0.02497771 0.09280758 37.00000000
0.02495470 0.09249270 37.00000000
0.02493185 0.09217986 37.00000000
0.02490915 0.09186904 37.00000000
0.02488661 0.09156020 38.00000000
0.02486423 0.09125333 38.00000000
0.02484200 0.09094841 38.00000000
0.02481991 0.09064541 38.00000000
0.02479798 0.09034431 38.00000000
0.02477619 0.09004510 38.00000000
0.02475455 0.08974775 38.00000000
0.02473305 0.08945225 38.00000000
0.02471169 0.08915858 38.00000000
0.02469046 0.08886671 39.00000000
0.02466938 0.08857665 39.00000000
0.02464843 0.08828836 39.00000000
0.02462761 0.08800183 39.00000000
0.02460692 0.08771705 39.00000000
0.02458636 0.08743401 39.00000000
0.02456594 0.08715269 39.00000000
0.02454563 0.08687307 39.00000000
0.02452546 0.08659514 39.00000000
0.02450540 0.08631889 39.00000000
0.02448547 0.08604430 40.00000000
0.02446566 0.08577137 41.00000000
0.02444597 0.08550008 41.00000000
0.02442639 0.08523042 41.00000000
0.02440693 0.08496238 41.00000000
0.02438759 0.08469594 41.00000000
0.02436836 0.08443109 41.00000000
0.02434924 0.08416783 41.00000000
0.02433023 0.08390614 41.00000000
0.02431133 0.08364601 41.00000000
0.02429254 0.08338744 42.00000000
0.02427385 0.08313040 42.00000000
0.02425528 0.08287490 42.00000000
0.02423680 0.08262091 42.00000000
0.02421843 0.08236844 42.00000000
0.02420016 0.08211747 42.00000000
0.02418199 0.08186799 42.00000000
0.02416392 0.08161998 42.00000000
0.02414595 0.08137346 42.00000000
0.02412808 0.08112839 49.00000000
0.02411031 0.08088478 51.00000000
0.02409263 0.08064261 51.00000000
0.02407504 0.08040188 51.00000000
0.02405755 0.08016257 51.00000000
0.02404015 0.07992468 51.00000000
0.02402284 0.07968819 51.00000000
0.02400562 0.07945311 51.00000000
0.02398849 0.07921941 51.00000000
0.02397145 0.07898710 51.00000000
0.02395450 0.07875616 51.00000000
0.02393763 0.07852658 51.00000000
0.02392085 0.07829836 51.00000000
0.02390416 0.07807149 52.00000000
0.02388755 0.07784595 52.00000000
0.02387102 0.07762175 52.00000000
0.02385458 0.07739886 52.00000000
0.02383821 0.07717729 52.00000000
0.02382193 0.07695702 52.00000000
0.02380573 0.07673805 52.00000000
0.02378960 0.07652036 53.00000000
0.02377356 0.07630395 53.00000000
0.02375759 0.07608882 53.00000000
0.02374170 0.07587495 53.00000000
0.02372588 0.07566233 53.00000000
0.02371015 0.07545096 54.00000000
0.02369448 0.07524083 54.00000000
0.02367889 0.07503192 54.00000000
0.02366337 0.07482424 54.00000000
0.02364793 0.07461778 54.00000000
0.02363256 0.07441251 55.00000000
0.02361726 0.07420845 55.00000000
0.02360202 0.07400558 55.00000000
0.02358686 0.07380388 55.00000000
0.02357177 0.07360337 55.00000000
0.02355675 0.07340401 55.00000000
0.02354180 0.07320582 55.00000000
0.02352691 0.07300877 55.00000000
0.02351209 0.07281287 55.00000000
0.02349733 0.07261810 55.00000000
0.02348265 0.07242446 56.00000000
0.02346802 0.07223194 56.00000000
0.02345347 0.07204053 56.00000000
0.02343897 0.07185022 56.00000000
0.02342454 0.07166101 56.00000000
0.02341017 0.07147289 56.00000000
0.02339587 0.07128585 56.00000000
0.02338162 0.07109988 56.00000000
0.02336744 0.07091497 56.00000000
0.02335332 0.07073112 56.00000000
0.02333926 0.07054833 56.00000000
0.02332526 0.07036658 56.00000000
0.02331131 0.07018586 57.00000000
0.02329743 0.07000617 57.00000000
0.02328360 0.06982750 58.00000000
0.02326984 0.06964985 58.00000000
0.02325613 0.06947320 58.00000000
0.02324247 0.06929755 58.00000000
0.02322888 0.06912289 58.00000000
0.02321534 0.06894922 58.00000000
0.02320185 0.06877652 58.00000000
0.02318842 0.06860480 58.00000000
0.02317505 0.06843404 58.00000000
0.02316173 0.06826423 59.00000000
0.02314846 0.06809538 59.00000000
0.02313525 0.06792746 59.00000000
0.02312209 0.06776049 59.00000000
0.02310898 0.06759444 59.00000000
0.02309592 0.06742931 59.00000000
0.02308292 0.06726510 59.00000000
0.02306996 0.06710180 59.00000000
0.02305706 0.06693940 59.00000000
0.02304421 0.06677789 59.00000000
0.02303141 0.06661727 59.00000000
0.02301866 0.06645753 59.00000000
0.02300596 0.06629867 59.00000000
0.02299331 0.06614068 59.00000000
0.02298070 0.06598355 60.00000000
0.02296815 0.06582728 60.00000000
0.02295564 0.06567185 60.00000000
0.02294318 0.06551727 60.00000000
0.02293077 0.06536352 60.00000000
0.02291841 0.06521061 60.00000000
0.02290609 0.06505852 60.00000000
0.02289382 0.06490725 60.00000000
0.02288159 0.06475679 60.00000000
0.02286941 0.06460713 60.00000000
0.02285728 0.06445828 60.00000000
0.02284519 0.06431022 60.00000000
0.02283314 0.06416294 60.00000000
0.02282114 0.06401645 60.00000000
0.02280919 0.06387074 61.00000000
0.02279728 0.06372579 61.00000000
0.02278541 0.06358161 61.00000000
0.02277358 0.06343819 61.00000000
0.02276180 0.06329553 61.00000000
0.02275006 0.06315360 61.00000000
0.02273837 0.06301243 61.00000000
0.02272671 0.06287198 61.00000000
0.02271510 0.06273227 61.00000000
0.02270353 0.06259328 61.00000000
0.02269200 0.06245502 61.00000000
0.02268051 0.06231746 61.00000000
0.02266906 0.06218062 61.00000000
0.02265765 0.06204448 61.00000000
0.02264628 0.06190903 62.00000000
0.02263495 0.06177428 62.00000000
0.02262367 0.06164022 62.00000000
0.02261242 0.06150684 62.00000000
0.02260121 0.06137414 62.00000000
0.02259004 0.06124211 62.00000000
0.02257891 0.06111075 62.00000000
0.02256781 0.06098005 62.00000000
0.02255676 0.06085000 62.00000000
0.02254574 0.06072061 62.00000000
0.02253476 0.06059187 62.00000000
0.02252382 0.06046377 62.00000000
0.02251292 0.06033630 66.00000000
0.02250205 0.06020947 71.00000000
0.02249122 0.06008327 77.00000000
0.02248042 0.05995769 84.00000000
0.02246967 0.05983273 90.00000000
0.02245894 0.05970839 96.00000000
0.02244826 0.05958465 103.00000000
0.02243761 0.05946152 110.00000000
0.02242699 0.05933899 110.00000000
0.02241641 0.05921705 111.00000000
0.02240587 0.05909571 111.00000000
0.02239536 0.05897496 111.00000000
0.02238489 0.05885478 111.00000000
0.02237445 0.05873519 111.00000000
0.02236404 0.05861617 111.00000000
0.02235367 0.05849772 111.00000000
0.02234333 0.05837984 111.00000000
0.02233303 0.05826251 111.00000000
0.02232276 0.05814575 111.00000000
0.02231252 0.05802954 111.00000000
0.02230231 0.05791388 111.00000000
0.02229214 0.05779876 111.00000000
0.02228200 0.05768418 111.00000000
0.02227190 0.05757014 111.00000000
0.02226182 0.05745664 112.00000000
0.02225178 0.05734366 112.00000000
0.02224177 0.05723121 112.00000000
0.02223179 0.05711928 112.00000000
0.02222185 0.05700787 112.00000000
0.02221193 0.05689697 112.00000000
0.02220205 0.05678659 112.00000000
0.02219220 0.05667670 112.00000000
0.02218238 0.05656733 112.00000000
0.02217258 0.05645845 112.00000000
0.02216282 0.05635006 112.00000000
0.02215309 0.05624217 112.00000000
0.02214340 0.05613477 112.00000000
0.02213373 0.05602785 112.00000000
0.02212409 0.05592142 112.00000000
0.02211448 0.05581546 112.00000000
0.02210490 0.05570997 113.00000000
0.02209535 0.05560496 113.00000000
0.02208583 0.05550041 113.00000000
0.02207633 0.05539633 113.00000000
0.02206687 0.05529271 113.00000000
0.02205744 0.05518955 113.00000000
0.02204803 0.05508684 113.00000000
0.02203865 0.05498459 113.00000000
0.02202930 0.05488278 113.00000000
0.02201998 0.05478141 113.00000000
0.02201069 0.05468049 113.00000000
0.02200143 0.05458000 113.00000000
0.02199219 0.05447996 113.00000000
0.02198298 0.05438034 113.00000000
0.02197380 0.05428115 113.00000000
0.02196465 0.05418239 114.00000000
0.02195552 0.05408405 114.00000000
0.02194642 0.05398613 114.00000000
0.02193735 0.05388863 114.00000000
0.02192830 0.05379155 114.00000000
0.02191928 0.05369487 114.00000000
0.02191029 0.05359861 114.00000000
0.02190132 0.05350274 114.00000000
0.02189238 0.05340729 114.00000000
0.02188347 0.05331223 114.00000000
0.02187458 0.05321757 114.00000000
0.02186572 0.05312330 114.00000000
0.02185689 0.05302943 114.00000000
0.02184808 0.05293594 114.00000000
0.02183929 0.05284285 114.00000000
0.02183053 0.05275013 114.00000000
0.02182180 0.05265780 115.00000000
0.02181309 0.05256584 115.00000000
0.02180441 0.05247426 115.00000000
0.02179575 0.05238306 115.00000000
0.02178711 0.05229222 115.00000000
0.02177850 0.05220176 115.00000000
0.02176992 0.05211165 115.00000000
0.02176136 0.05202192 115.00000000
0.02175282 0.05193254 115.00000000
0.02174431 0.05184352 115.00000000
0.02173582 0.05175486 115.00000000
0.02172736 0.05166655 115.00000000
0.02171892 0.05157859 115.00000000
0.02171050 0.05149098 115.00000000
0.02170211 0.05140372 115.00000000
0.02169374 0.05131680 116.00000000
0.02168540 0.05123023 116.00000000
0.02167708 0.05114399 116.00000000
0.02166878 0.05105809 116.00000000
0.02166050 0.05097253 116.00000000
0.02165225 0.05088729 117.00000000
0.02164402 0.05080239 117.00000000
0.02163581 0.05071782 117.00000000
0.02162763 0.05063357 117.00000000
0.02161947 0.05054965 117.00000000
0.02161133 0.05046605 117.00000000
0.02160321 0.05038277 117.00000000
0.02159512 0.05029981 118.00000000
0.02158704 0.05021716 118.00000000
0.02157899 0.05013483 118.00000000
0.02157097 0.05005281 118.00000000
0.02156296 0.04997110 118.00000000
0.02155498 0.04988969 118.00000000
0.02154701 0.04980859 118.00000000
0.02153907 0.04972780 118.00000000
0.02153115 0.04964731 118.00000000
0.02152325 0.04956711 118.00000000
0.02151538 0.04948722 118.00000000
0.02150752 0.04940762 118.00000000
0.02149969 0.04932831 118.00000000
0.02149187 0.04924930 118.00000000
0.02148408 0.04917057 118.00000000
0.02147631 0.04909214 119.00000000
0.02146856 0.04901399 119.00000000
0.02146083 0.04893612 119.00000000
0.02145312 0.04885854 119.00000000
0.02144543 0.04878124 119.00000000
0.02143776 0.04870422 119.00000000
0.02143011 0.04862748 119.00000000
0.02142249 0.04855101 119.00000000
0.02141488 0.04847482 119.00000000
0.02140729 0.04839890 119.00000000
0.02139972 0.04832325 119.00000000
0.02139217 0.04824787 119.00000000
0.02138465 0.04817275 119.00000000
0.02137714 0.04809791 119.00000000
0.02136965 0.04802332 119.00000000
0.02136218 0.04794900 120.00000000
0.02135473 0.04787494 120.00000000
0.02134730 0.04780114 120.00000000
0.02133989 0.04772759 120.00000000
0.02133250 0.04765431 120.00000000
0.02132513 0.04758127 120.00000000
0.02131777 0.04750849 120.00000000
0.02131044 0.04743596 120.00000000
0.02130312 0.04736369 120.00000000
0.02129583 0.04729166 120.00000000
0.02128855 0.04721987 120.00000000
0.02128129 0.04714833 120.00000000
0.02127405 0.04707704 120.00000000
0.02126683 0.04700599 120.00000000
0.02125962 0.04693517 120.00000000
0.02125244 0.04686460 121.00000000
0.02124527 0.04679427 121.00000000
0.02123812 0.04672417 121.00000000
0.02123099 0.04665431 121.00000000
0.02122388 0.04658468 121.00000000
0.02121679 0.04651529 121.00000000
0.02120971 0.04644612 121.00000000
0.02120265 0.04637719 121.00000000
0.02119561 0.04630848 121.00000000
0.02118859 0.04624000 121.00000000
0.02118159 0.04617175 121.00000000
0.02117460 0.04610372 121.00000000
0.02116763 0.04603591 121.00000000
0.02116068 0.04596832 121.00000000
0.02115374 0.04590096 121.00000000
0.02114683 0.04583381 121.00000000
0.02113993 0.04576689 122.00000000
0.02113304 0.04570018 122.00000000
0.02112618 0.04563368 122.00000000
0.02111933 0.04556740 122.00000000
0.02111250 0.04550133 122.00000000
0.02110568 0.04543548 122.00000000
0.02109888 0.04536983 122.00000000
0.02109210 0.04530439 122.00000000
0.02108534 0.04523916 122.00000000
0.02107859 0.04517414 122.00000000
0.02107186 0.04510933 122.00000000
0.02106515 0.04504472 122.00000000
0.02105845 0.04498031 122.00000000
0.02105177 0.04491610 122.00000000
0.02104510 0.04485210 122.00000000
0.02103845 0.04478829 123.00000000
0.02103182 0.04472469 123.00000000
0.02102520 0.04466128 123.00000000
0.02101860 0.04459807 123.00000000
0.02101202 0.04453505 123.00000000
0.02100545 0.04447223 123.00000000
0.02099890 0.04440960 124.00000000
0.02099236 0.04434717 124.00000000
0.02098584 0.04428492 124.00000000
0.02097934 0.04422287 124.00000000
0.02097285 0.04416101 124.00000000
0.02096638 0.04409933 124.00000000
0.02095992 0.04403784 124.00000000
0.02095348 0.04397654 125.00000000
0.02094705 0.04391542 125.00000000
0.02094064 0.04385449 125.00000000
0.02093424 0.04379374 125.00000000
0.02092786 0.04373317 125.00000000
0.02092150 0.04367278 125.00000000
0.02091515 0.04361257 125.00000000
0.02090881 0.04355254 125.00000000
0.02090249 0.04349269 125.00000000
0.02089619 0.04343302 125.00000000
0.02088990 0.04337353 125.00000000
0.02088362 0.04331420 125.00000000
0.02087736 0.04325506 125.00000000
0.02087112 0.04319609 125.00000000
0.02086489 0.04313729 125.00000000
0.02085867 0.04307866 126.00000000
0.02085247 0.04302020 126.00000000
0.02084628 0.04296191 126.00000000
0.02084011 0.04290379 126.00000000
0.02083395 0.04284584 126.00000000
0.02082781 0.04278806 126.00000000
0.02082168 0.04273044 126.00000000
0.02081557 0.04267299 126.00000000
0.02080947 0.04261571 126.00000000
0.02080338 0.04255858 126.00000000
0.02079731 0.04250162 126.00000000
0.02079126 0.04244483 126.00000000
0.02078521 0.04238819 126.00000000
0.02077918 0.04233172 126.00000000
0.02077317 0.04227540 126.00000000
0.02076717 0.04221924 127.00000000
0.02076118 0.04216324 127.00000000
0.02075521 0.04210740 127.00000000
0.02074925 0.04205172 127.00000000
0.02074330 0.04199619 127.00000000
0.02073737 0.04194081 127.00000000
0.02073145 0.04188559 127.00000000
0.02072555 0.04183053 127.00000000
0.02071966 0.04177561 127.00000000
0.02071378 0.04172085 127.00000000
0.02070792 0.04166624 127.00000000
0.02070207 0.04161178 128.00000000
0.02069623 0.04155747 128.00000000
0.02069040 0.04150330 129.00000000
0.02068459 0.04144929 129.00000000
0.02067880 0.04139542 129.00000000
0.02067301 0.04134170 129.00000000
0.02066724 0.04128813 129.00000000
0.02066148 0.04123470 129.00000000
0.02065574 0.04118141 129.00000000
0.02065001 0.04112827 129.00000000
0.02064429 0.04107527 129.00000000
0.02063858 0.04102242 129.00000000
0.02063289 0.04096970 129.00000000
0.02062721 0.04091713 129.00000000
0.02062154 0.04086470 130.00000000
0.02061589 0.04081241 130.00000000
0.02061025 0.04076025 130.00000000
0.02060462 0.04070824 130.00000000
0.02059900 0.04065636 130.00000000
0.02059340 0.04060462 130.00000000
0.02058781 0.04055302 130.00000000
0.02058223 0.04050155 130.00000000
0.02057667 0.04045022 130.00000000
0.02057111 0.04039902 130.00000000
0.02056557 0.04034795 130.00000000
0.02056004 0.04029702 130.00000000
0.02055453 0.04024622 130.00000000
0.02054902 0.04019556 130.00000000
0.02054353 0.04014502 130.00000000
0.02053805 0.04009462 130.00000000
0.02053258 0.04004434 131.00000000
0.02052713 0.03999420 131.00000000
0.02052168 0.03994418 131.00000000
0.02051625 0.03989429 131.00000000
0.02051083 0.03984453 131.00000000
0.02050543 0.03979490 131.00000000
0.02050003 0.03974539 131.00000000
0.02049465 0.03969601 131.00000000
0.02048928 0.03964676 131.00000000
0.02048392 0.03959763 131.00000000
0.02047857 0.03954863 131.00000000
0.02047323 0.03949974 131.00000000
0.02046791 0.03945099 131.00000000
0.02046260 0.03940235 131.00000000
0.02045730 0.03935384 131.00000000
0.02045201 0.03930545 132.00000000
0.02044673 0.03925717 132.00000000
0.02044146 0.03920902 132.00000000
0.02043621 0.03916099 132.00000000
0.02043096 0.03911308 132.00000000
0.02042573 0.03906529 132.00000000
0.02042051 0.03901762 132.00000000
0.02041530 0.03897006 132.00000000
0.02041010 0.03892262 132.00000000
0.02040491 0.03887530 132.00000000
0.02039974 0.03882810 132.00000000
0.02039457 0.03878101 132.00000000
0.02038942 0.03873403 132.00000000
0.02038428 0.03868717 132.00000000
0.02037915 0.03864043 132.00000000
0.02037403 0.03859380 133.00000000
0.02036892 0.03854728 133.00000000
0.02036382 0.03850088 133.00000000
0.02035873 0.03845458 133.00000000
0.02035366 0.03840840 133.00000000
0.02034859 0.03836233 133.00000000
0.02034354 0.03831637 133.00000000
0.02033850 0.03827053 133.00000000
0.02033346 0.03822479 133.00000000
0.02032844 0.03817916 133.00000000
0.02032343 0.03813364 133.00000000
0.02031843 0.03808823 133.00000000
0.02031344 0.03804293 133.00000000
0.02030846 0.03799773 133.00000000
0.02030349 0.03795264 133.00000000
0.02029853 0.03790766 134.00000000
0.02029358 0.03786279 134.00000000
0.02028865 0.03781802 134.00000000
0.02028372 0.03777336 134.00000000
0.02027880 0.03772880 134.00000000
0.02027390 0.03768434 134.00000000
0.02026900 0.03764000 134.00000000
0.02026412 0.03759575 134.00000000
0.02025924 0.03755161 134.00000000
0.02025438 0.03750757 134.00000000
0.02024952 0.03746363 134.00000000
0.02024468 0.03741980 134.00000000
0.02023985 0.03737606 134.00000000
0.02023502 0.03733243 134.00000000
0.02023021 0.03728890 134.00000000
0.02022541 0.03724547 135.00000000
0.02022061 0.03720214 135.00000000
0.02021583 0.03715891 135.00000000
0.02021106 0.03711577 135.00000000
0.02020629 0.03707274 135.00000000
0.02020154 0.03702981 135.00000000
0.02019679 0.03698697 135.00000000
0.02019206 0.03694423 135.00000000
0.02018734 0.03690159 135.00000000
0.02018262 0.03685904 135.00000000
0.02017792 0.03681659 135.00000000
0.02017322 0.03677424 135.00000000
0.02016854 0.03673198 135.00000000
0.02016386 0.03668982 135.00000000
0.02015920 0.03664776 135.00000000
0.02015454 0.03660578 135.00000000
0.02014990 0.03656391 136.00000000
0.02014526 0.03652212 136.00000000
0.02014063 0.03648043 136.00000000
0.02013602 0.03643884 136.00000000
0.02013141 0.03639733 136.00000000
0.02012681 0.03635592 136.00000000
0.02012222 0.03631460 136.00000000
0.02011764 0.03627337 136.00000000
0.02011307 0.03623224 136.00000000
0.02010851 0.03619119 136.00000000
0.02010396 0.03615024 136.00000000
0.02009942 0.03610937 136.00000000
0.02009488 0.03606860 136.00000000
0.02009036 0.03602791 136.00000000
0.02008585 0.03598732 136.00000000
0.02008134 0.03594681 137.00000000
0.02007685 0.03590639 137.00000000
0.02007236 0.03586606 137.00000000
0.02006788 0.03582582 137.00000000
0.02006341 0.03578567 137.00000000
0.02005895 0.03574560 137.00000000
0.02005450 0.03570562 137.00000000
0.02005006 0.03566573 137.00000000
0.02004563 0.03562592 137.00000000
0.02004121 0.03558620 137.00000000
0.02003679 0.03554657 137.00000000
0.02003239 0.03550702 137.00000000
0.02002799 0.03546755 137.00000000
0.02002360 0.03542817 137.00000000
0.02001922 0.03538888 137.00000000
0.02001485 0.03534967 138.00000000
0.02001049 0.03531054 138.00000000
0.02000614 0.03527150 138.00000000
0.02000180 0.03523254 138.00000000
0.01999746 0.03519366 138.00000000
0.01999313 0.03515487 138.00000000
0.01998882 0.03511615 138.00000000
0.01998451 0.03507752 138.00000000
0.01998021 0.03503898 138.00000000
0.01997592 0.03500051 138.00000000
0.01997163 0.03496212 138.00000000
0.01996736 0.03492382 138.00000000
0.01996309 0.03488559 138.00000000
0.01995883 0.03484745 138.00000000
0.01995459 0.03480939 138.00000000
0.01995035 0.03477140 139.00000000
0.01994611 0.03473350 139.00000000
0.01994189 0.03469567 139.00000000
0.01993767 0.03465793 139.00000000
0.01993347 0.03462026 164.00000000
0.01992927 0.03458267 171.00000000
0.01992508 0.03454516 177.00000000
0.01992090 0.03450773 183.00000000
0.01991672 0.03447037 187.00000000
0.01991256 0.03443309 194.00000000
0.01990840 0.03439589 201.00000000
0.01990425 0.03435877 216.00000000
0.01990011 0.03432172 225.00000000
0.01989598 0.03428475 232.00000000
0.01989185 0.03424785 238.00000000
0.01988774 0.03421103 244.00000000
0.01988363 0.03417429 250.00000000
0.01987953 0.03413762 256.00000000
0.01987543 0.03410102 262.00000000
0.01987135 0.03406450 267.00000000
0.01986727 0.03402806 267.00000000
0.01986321 0.03399169 267.00000000
0.01985915 0.03395539 267.00000000
0.01985509 0.03391916 267.00000000
0.01985105 0.03388301 267.00000000
0.01984701 0.03384694 267.00000000
0.01984298 0.03381093 267.00000000
0.01983896 0.03377500 267.00000000
0.01983495 0.03373914 268.00000000
0.01983094 0.03370336 268.00000000
0.01982695 0.03366764 268.00000000
0.01982296 0.03363200 268.00000000
0.01981898 0.03359643 268.00000000
0.01981500 0.03356093 268.00000000
0.01981104 0.03352550 268.00000000
0.01980708 0.03349014 268.00000000
0.01980313 0.03345485 268.00000000
0.01979918 0.03341964 269.00000000
0.01979525 0.03338449 269.00000000
0.01979132 0.03334941 269.00000000
0.01978740 0.03331440 269.00000000
0.01978348 0.03327947 269.00000000
0.01977958 0.03324460 269.00000000
0.01977568 0.03320980 269.00000000
0.01977179 0.03317507 269.00000000
0.01976791 0.03314040 269.00000000
0.01976403 0.03310581 269.00000000
0.01976016 0.03307128 270.00000000
0.01975630 0.03303682 270.00000000
0.01975245 0.03300243 270.00000000
0.01974860 0.03296811 270.00000000
0.01974476 0.03293385 271.00000000
0.01974093 0.03289966 271.00000000
0.01973711 0.03286554 271.00000000
0.01973329 0.03283149 271.00000000
0.01972948 0.03279750 271.00000000
0.01972568 0.03276357 271.00000000
0.01972189 0.03272972 272.00000000
0.01971810 0.03269593 272.00000000
0.01971432 0.03266220 272.00000000
0.01971055 0.03262854 272.00000000
0.01970678 0.03259495 272.00000000
0.01970302 0.03256141 272.00000000
0.01969927 0.03252795 272.00000000
0.01969552 0.03249455 272.00000000
0.01969179 0.03246121 276.00000000
0.01968806 0.03242794 279.00000000
0.01968433 0.03239473 279.00000000
0.01968062 0.03236159 280.00000000
