Residual Convergence speed Computational time
0.12499903 0.01356877 4.00000000
0.12499780 0.01207223 4.00000000
0.12499613 0.01038758 4.00000000
0.12499422 0.00906224 4.00000000
0.12499212 0.00841976 4.00000000
0.12498979 0.00862593 5.00000000
0.12498721 0.00961855 5.00000000
0.12498432 0.01119041 5.00000000
0.12498108 0.01314578 5.00000000
0.12497742 0.01535775 5.00000000
0.12497326 0.01775599 5.00000000
0.12496855 0.02030492 5.00000000
0.12496318 0.02298892 5.00000000
0.12495705 0.02580386 5.00000000
0.12495006 0.02875254 5.00000000
0.12494206 0.03184217 5.00000000
0.12493292 0.03508290 5.00000000
0.12492246 0.03848706 5.00000000
0.12491048 0.04206863 5.00000000
0.12489676 0.04584302 6.00000000
0.12488104 0.04982692 6.00000000
0.12486304 0.05403818 6.00000000
0.12484241 0.05849582 6.00000000
0.12481877 0.06322001 6.00000000
0.12479169 0.06823213 6.00000000
0.12476065 0.07355475 6.00000000
0.12472509 0.07921173 6.00000000
0.12468435 0.08522821 6.00000000
0.12463767 0.09163070 7.00000000
0.12458421 0.09844708 7.00000000
0.12452297 0.10570667 7.00000000
0.12445284 0.11344018 7.00000000
0.12437255 0.12167981 7.00000000
0.12428066 0.13045912 7.00000000
0.12417550 0.13981303 7.00000000
0.12405520 0.14977773 7.00000000
0.12391765 0.16039046 7.00000000
0.12376043 0.17168940 7.00000000
0.12358082 0.18371325 8.00000000
0.12337575 0.19650093 8.00000000
0.12314177 0.21009099 8.00000000
0.12287501 0.22452093 8.00000000
0.12257115 0.23982633 8.00000000
0.12222536 0.25603973 8.00000000
0.12183231 0.27318924 8.00000000
0.12138614 0.29129676 8.00000000
0.12088041 0.31037592 8.00000000
0.12030813 0.33042938 8.00000000
0.11966182 0.35144581 9.00000000
0.11893347 0.37339612 9.00000000
0.11811470 0.39622921 9.00000000
0.11719687 0.41986706 9.00000000
0.11617122 0.44419941 9.00000000
0.11502914 0.46907813 9.00000000
0.11376245 0.49431170 9.00000000
0.11236374 0.51966040 9.00000000
0.11082681 0.54483307 10.00000000
0.10914712 0.56948657 10.00000000
0.10732228 0.59322929 10.00000000
0.10535255 0.61563025 10.00000000
0.10324125 0.63623497 10.00000000
0.10099509 0.65458896 10.00000000
0.09862437 0.67026803 11.00000000
0.09614294 0.68291356 11.00000000
0.09356791 0.69226839 11.00000000
0.09091913 0.69820751 11.00000000
0.08821845 0.70075718 11.00000000
0.08548880 0.70009670 11.00000000
0.08275318 0.69654035 11.00000000
0.08003371 0.69050107 11.00000000
0.07735082 0.68244232 11.00000000
0.07472260 0.67282740 11.00000000
0.07216440 0.66207610 12.00000000
0.06968874 0.65053591 12.00000000
0.06730527 0.63847045 12.00000000
0.06502105 0.62606328 12.00000000
0.06284075 0.61343188 12.00000000
0.06076704 0.60064606 12.00000000
0.05880089 0.58774568 12.00000000
0.05694187 0.57475500 12.00000000
0.05518841 0.56169247 13.00000000
0.05353806 0.54857658 14.00000000
0.05198766 0.53542856 14.00000000
0.05053355 0.52227324 14.00000000
0.04917164 0.50913879 14.00000000
0.04789760 0.49605597 14.00000000
0.04670693 0.48305716 14.00000000
0.04559504 0.47017539 14.00000000
0.04455731 0.45744342 14.00000000
0.04358918 0.44489287 14.00000000
0.04268619 0.43255346 15.00000000
0.04184399 0.42045246 15.00000000
0.04105840 0.40861416 15.00000000
0.04032543 0.39705961 15.00000000
0.03964127 0.38580645 15.00000000
0.03900233 0.37486887 15.00000000
0.03840523 0.36425768 15.00000000
0.03784681 0.35398053 15.00000000
0.03732410 0.34404207 15.00000000
0.03683436 0.33444431 16.00000000
0.03637502 0.32518683 16.00000000
0.03594373 0.31626718 16.00000000
0.03553829 0.30768110 16.00000000
0.03515669 0.29942289 16.00000000
0.03479707 0.29148559 16.00000000
0.03445772 0.28386130 16.00000000
0.03413707 0.27654135 16.00000000
0.03383366 0.26951655 16.00000000
0.03354619 0.26277728 16.00000000
0.03327342 0.25631371 17.00000000
0.03301425 0.25011588 17.00000000
0.03276766 0.24417382 17.00000000
0.03253271 0.23847763 17.00000000
0.03230854 0.23301753 17.00000000
0.03209436 0.22778397 17.00000000
0.03188947 0.22276760 17.00000000
0.03169320 0.21795937 17.00000000
0.03150495 0.21335049 18.00000000
0.03132416 0.20893250 18.00000000
0.03115034 0.20469724 18.00000000
0.03098303 0.20063688 18.00000000
0.03082179 0.19674388 18.00000000
0.03066624 0.19301103 18.00000000
0.03051603 0.18943143 18.00000000
0.03037082 0.18599844 18.00000000
0.03023033 0.18270572 19.00000000
0.03009428 0.17954719 19.00000000
0.02996242 0.17651704 19.00000000
0.02983451 0.17360967 19.00000000
0.02971035 0.17081973 19.00000000
0.02958974 0.16814207 19.00000000
0.02947249 0.16557176 19.00000000
0.02935845 0.16310405 19.00000000
0.02924745 0.16073437 19.00000000
0.02913936 0.15845834 20.00000000
0.02903404 0.15627172 20.00000000
0.02893137 0.15417046 20.00000000
0.02883123 0.15215064 20.00000000
0.02873352 0.15020850 20.00000000
0.02863814 0.14834043 20.00000000
0.02854499 0.14654296 20.00000000
0.02845398 0.14481274 20.00000000
0.02836504 0.14314657 20.00000000
0.02827808 0.14154138 20.00000000
0.02819303 0.13999423 21.00000000
0.02810982 0.13850229 21.00000000
0.02802838 0.13706286 21.00000000
0.02794866 0.13567338 21.00000000
0.02787058 0.13433136 21.00000000
0.02779410 0.13303447 21.00000000
0.02771916 0.13178044 21.00000000
0.02764571 0.13056715 21.00000000
0.02757369 0.12939254 22.00000000
0.02750307 0.12825469 22.00000000
0.02743379 0.12715173 22.00000000
0.02736582 0.12608191 22.00000000
0.02729911 0.12504356 22.00000000
0.02723362 0.12403508 22.00000000
0.02716932 0.12305496 22.00000000
0.02710616 0.12210178 22.00000000
0.02704412 0.12117415 22.00000000
0.02698315 0.12027080 23.00000000
0.02692323 0.11939050 23.00000000
0.02686433 0.11853208 23.00000000
0.02680641 0.11769445 23.00000000
0.02674945 0.11687656 23.00000000
0.02669342 0.11607742 23.00000000
0.02663829 0.11529610 23.00000000
0.02658403 0.11453172 23.00000000
0.02653063 0.11378344 23.00000000
0.02647805 0.11305047 23.00000000
0.02642628 0.11233208 24.00000000
0.02637530 0.11162754 24.00000000
0.02632507 0.11093622 24.00000000
0.02627559 0.11025746 24.00000000
0.02622682 0.10959070 24.00000000
0.02617876 0.10893538 24.00000000
0.02613138 0.10829097 24.00000000
0.02608466 0.10765698 24.00000000
0.02603860 0.10703295 24.00000000
0.02599316 0.10641846 25.00000000
0.02594834 0.10581308 25.00000000
0.02590412 0.10521644 25.00000000
0.02586049 0.10462819 25.00000000
0.02581742 0.10404798 25.00000000
0.02577491 0.10347549 25.00000000
0.02573294 0.10291045 25.00000000
0.02569151 0.10235255 25.00000000
0.02565059 0.10180156 26.00000000
0.02561017 0.10125722 26.00000000
0.02557025 0.10071931 26.00000000
0.02553080 0.10018761 26.00000000
0.02549183 0.09966193 26.00000000
0.02545331 0.09914207 26.00000000
0.02541525 0.09862788 26.00000000
0.02537762 0.09811917 26.00000000
0.02534042 0.09761581 27.00000000
0.02530364 0.09711765 27.00000000
0.02526727 0.09662455 27.00000000
0.02523131 0.09613639 27.00000000
0.02519573 0.09565305 27.00000000
0.02516054 0.09517443 27.00000000
0.02512572 0.09470042 27.00000000
0.02509127 0.09423092 27.00000000
0.02505718 0.09376585 27.00000000
0.02502345 0.09330512 28.00000000
0.02499006 0.09284865 28.00000000
0.02495701 0.09239637 28.00000000
0.02492429 0.09194820 28.00000000
0.02489189 0.09150408 28.00000000
0.02485982 0.09106395 28.00000000
0.02482805 0.09062774 28.00000000
0.02479659 0.09019541 28.00000000
0.02476544 0.08976690 28.00000000
0.02473457 0.08934215 28.00000000
0.02470400 0.08892112 29.00000000
0.02467371 0.08850377 29.00000000
0.02464370 0.08809005 29.00000000
0.02461396 0.08767991 29.00000000
0.02458449 0.08727332 29.00000000
0.02455528 0.08687025 29.00000000
0.02452633 0.08647064 30.00000000
0.02449764 0.08607447 31.00000000
0.02446920 0.08568171 31.00000000
0.02444100 0.08529231 31.00000000
0.02441304 0.08490624 31.00000000
0.02438531 0.08452348 31.00000000
0.02435782 0.08414400 31.00000000
0.02433056 0.08376775 31.00000000
0.02430353 0.08339472 31.00000000
0.02427671 0.08302487 31.00000000
0.02425012 0.08265818 31.00000000
0.02422373 0.08229461 32.00000000
0.02419756 0.08193414 32.00000000
0.02417159 0.08157674 32.00000000
0.02414583 0.08122239 32.00000000
0.02412027 0.08087106 32.00000000
0.02409490 0.08052272 32.00000000
0.02406973 0.08017734 32.00000000
0.02404476 0.07983490 32.00000000
0.02401997 0.07949538 32.00000000
0.02399536 0.07915875 33.00000000
0.02397094 0.07882497 33.00000000
0.02394670 0.07849404 33.00000000
0.02392263 0.07816592 33.00000000
0.02389874 0.07784058 33.00000000
0.02387502 0.07751801 33.00000000
0.02385148 0.07719817 33.00000000
0.02382809 0.07688105 33.00000000
0.02380488 0.07656661 33.00000000
0.02378183 0.07625484 33.00000000
0.02375893 0.07594570 37.00000000
0.02373620 0.07563918 43.00000000
0.02371362 0.07533526 48.00000000
0.02369119 0.07503389 48.00000000
0.02366892 0.07473507 48.00000000
0.02364680 0.07443877 48.00000000
0.02362482 0.07414496 48.00000000
0.02360299 0.07385362 49.00000000
0.02358130 0.07356473 49.00000000
0.02355976 0.07327825 49.00000000
0.02353835 0.07299418 49.00000000
0.02351708 0.07271249 49.00000000
0.02349595 0.07243314 49.00000000
0.02347496 0.07215613 49.00000000
0.02345410 0.07188142 49.00000000
0.02343337 0.07160899 49.00000000
0.02341276 0.07133882 49.00000000
0.02339229 0.07107089 50.00000000
0.02337195 0.07080517 50.00000000
0.02335172 0.07054165 50.00000000
0.02333163 0.07028029 50.00000000
0.02331165 0.07002108 50.00000000
0.02329180 0.06976400 50.00000000
0.02327206 0.06950902 50.00000000
0.02325244 0.06925612 50.00000000
0.02323294 0.06900528 50.00000000
0.02321356 0.06875648 51.00000000
0.02319429 0.06850969 51.00000000
0.02317513 0.06826490 51.00000000
0.02315608 0.06802209 51.00000000
0.02313714 0.06778122 53.00000000
0.02311831 0.06754229 53.00000000
0.02309959 0.06730528 53.00000000
0.02308098 0.06707015 53.00000000
0.02306247 0.06683690 53.00000000
0.02304406 0.06660549 56.00000000
0.02302576 0.06637592 56.00000000
0.02300756 0.06614816 56.00000000
0.02298946 0.06592220 56.00000000
0.02297146 0.06569800 57.00000000
0.02295356 0.06547557 57.00000000
0.02293576 0.06525486 57.00000000
0.02291805 0.06503587 57.00000000
0.02290044 0.06481859 57.00000000
0.02288293 0.06460298 57.00000000
0.02286551 0.06438903 57.00000000
0.02284818 0.06417672 57.00000000
0.02283094 0.06396604 57.00000000
0.02281380 0.06375697 58.00000000
0.02279674 0.06354949 58.00000000
0.02277978 0.06334358 58.00000000
0.02276290 0.06313923 58.00000000
0.02274611 0.06293641 58.00000000
0.02272941 0.06273512 58.00000000
0.02271279 0.06253533 58.00000000
0.02269626 0.06233703 58.00000000
0.02267981 0.06214021 58.00000000
0.02266344 0.06194484 58.00000000
0.02264716 0.06175092 59.00000000
0.02263096 0.06155841 59.00000000
0.02261485 0.06136732 59.00000000
0.02259881 0.06117763 59.00000000
0.02258285 0.06098931 59.00000000
0.02256697 0.06080236 59.00000000
0.02255117 0.06061676 59.00000000
0.02253545 0.06043249 60.00000000
0.02251980 0.06024954 60.00000000
0.02250423 0.06006790 60.00000000
0.02248874 0.05988755 60.00000000
0.02247332 0.05970848 61.00000000
0.02245797 0.05953068 61.00000000
0.02244270 0.05935412 61.00000000
0.02242750 0.05917881 61.00000000
0.02241237 0.05900472 61.00000000
0.02239732 0.05883183 62.00000000
0.02238233 0.05866015 62.00000000
0.02236742 0.05848965 62.00000000
0.02235258 0.05832033 62.00000000
0.02233780 0.05815216 62.00000000
0.02232310 0.05798515 63.00000000
0.02230846 0.05781927 64.00000000
0.02229389 0.05765451 65.00000000
0.02227939 0.05749086 65.00000000
0.02226496 0.05732832 65.00000000
0.02225059 0.05716686 65.00000000
0.02223628 0.05700648 65.00000000
0.02222204 0.05684716 65.00000000
0.02220787 0.05668890 65.00000000
0.02219376 0.05653168 65.00000000
0.02217971 0.05637549 65.00000000
0.02216573 0.05622033 66.00000000
0.02215180 0.05606617 66.00000000
0.02213794 0.05591302 66.00000000
0.02212415 0.05576086 66.00000000
0.02211041 0.05560967 66.00000000
0.02209673 0.05545946 66.00000000
0.02208312 0.05531020 66.00000000
0.02206956 0.05516189 66.00000000
0.02205606 0.05501453 66.00000000
0.02204262 0.05486809 66.00000000
0.02202924 0.05472258 67.00000000
0.02201592 0.05457797 67.00000000
0.02200265 0.05443427 67.00000000
0.02198944 0.05429146 67.00000000
0.02197629 0.05414954 67.00000000
0.02196319 0.05400848 67.00000000
0.02195015 0.05386830 67.00000000
0.02193717 0.05372897 68.00000000
0.02192424 0.05359049 68.00000000
0.02191136 0.05345285 69.00000000
0.02189854 0.05331604 69.00000000
0.02188578 0.05318006 69.00000000
0.02187306 0.05304489 69.00000000
0.02186040 0.05291052 69.00000000
0.02184779 0.05277696 69.00000000
0.02183524 0.05264419 69.00000000
0.02182273 0.05251220 69.00000000
0.02181028 0.05238098 69.00000000
0.02179788 0.05225054 69.00000000
0.02178553 0.05212085 70.00000000
0.02177323 0.05199192 70.00000000
0.02176098 0.05186373 70.00000000
0.02174878 0.05173628 70.00000000
0.02173663 0.05160956 70.00000000
0.02172453 0.05148357 70.00000000
0.02171248 0.05135829 70.00000000
0.02170047 0.05123373 70.00000000
0.02168852 0.05110986 70.00000000
0.02167661 0.05098670 71.00000000
0.02166475 0.05086422 71.00000000
0.02165294 0.05074243 71.00000000
0.02164117 0.05062131 71.00000000
0.02162945 0.05050086 71.00000000
0.02161778 0.05038108 71.00000000
0.02160615 0.05026196 71.00000000
0.02159457 0.05014349 71.00000000
0.02158303 0.05002566 71.00000000
0.02157154 0.04990847 71.00000000
0.02156010 0.04979192 72.00000000
0.02154869 0.04967599 72.00000000
0.02153734 0.04956069 72.00000000
0.02152602 0.04944600 72.00000000
0.02151475 0.04933192 72.00000000
0.02150353 0.04921845 72.00000000
0.02149235 0.04910558 72.00000000
0.02148121 0.04899330 72.00000000
0.02147011 0.04888161 72.00000000
0.02145905 0.04877050 72.00000000
0.02144804 0.04865997 73.00000000
0.02143707 0.04855001 73.00000000
0.02142614 0.04844062 73.00000000
0.02141525 0.04833179 73.00000000
0.02140441 0.04822352 73.00000000
0.02139360 0.04811580 73.00000000
0.02138283 0.04800863 73.00000000
0.02137211 0.04790200 73.00000000
0.02136142 0.04779591 73.00000000
0.02135078 0.04769035 74.00000000
0.02134017 0.04758532 74.00000000
0.02132961 0.04748081 74.00000000
0.02131908 0.04737682 74.00000000
0.02130859 0.04727335 74.00000000
0.02129815 0.04717039 74.00000000
0.02128773 0.04706793 74.00000000
0.02127736 0.04696597 74.00000000
0.02126703 0.04686451 74.00000000
0.02125673 0.04676354 74.00000000
0.02124647 0.04666306 75.00000000
0.02123625 0.04656307 75.00000000
0.02122607 0.04646355 75.00000000
0.02121592 0.04636451 75.00000000
0.02120581 0.04626594 75.00000000
0.02119574 0.04616784 75.00000000
0.02118570 0.04607021 75.00000000
0.02117570 0.04597303 76.00000000
0.02116573 0.04587631 76.00000000
0.02115580 0.04578004 76.00000000
0.02114591 0.04568423 76.00000000
0.02113605 0.04558885 76.00000000
0.02112622 0.04549392 77.00000000
0.02111644 0.04539942 77.00000000
0.02110668 0.04530536 77.00000000
0.02109696 0.04521173 77.00000000
0.02108728 0.04511853 77.00000000
0.02107763 0.04502575 77.00000000
0.02106801 0.04493339 77.00000000
0.02105843 0.04484144 77.00000000
0.02104888 0.04474991 77.00000000
0.02103936 0.04465879 77.00000000
0.02102988 0.04456808 78.00000000
0.02102043 0.04447777 78.00000000
0.02101101 0.04438786 78.00000000
0.02100163 0.04429834 78.00000000
0.02099228 0.04420922 78.00000000
0.02098296 0.04412050 78.00000000
0.02097367 0.04403215 78.00000000
0.02096442 0.04394420 78.00000000
0.02095519 0.04385662 78.00000000
0.02094600 0.04376943 78.00000000
0.02093684 0.04368260 78.00000000
0.02092772 0.04359616 79.00000000
0.02091862 0.04351008 79.00000000
0.02090955 0.04342437 80.00000000
0.02090052 0.04333902 80.00000000
0.02089151 0.04325404 80.00000000
0.02088254 0.04316941 80.00000000
0.02087360 0.04308514 80.00000000
0.02086468 0.04300122 80.00000000
0.02085580 0.04291765 80.00000000
0.02084695 0.04283444 80.00000000
0.02083813 0.04275156 81.00000000
0.02082933 0.04266903 81.00000000
0.02082057 0.04258684 81.00000000
0.02081183 0.04250499 81.00000000
0.02080313 0.04242347 81.00000000
0.02079445 0.04234229 81.00000000
0.02078580 0.04226143 81.00000000
0.02077719 0.04218091 81.00000000
0.02076860 0.04210071 81.00000000
0.02076003 0.04202083 81.00000000
0.02075150 0.04194127 81.00000000
0.02074300 0.04186204 81.00000000
0.02073452 0.04178311 82.00000000
0.02072607 0.04170451 82.00000000
0.02071765 0.04162621 82.00000000
0.02070926 0.04154822 82.00000000
0.02070089 0.04147054 82.00000000
0.02069255 0.04139317 82.00000000
0.02068424 0.04131610 82.00000000
0.02067596 0.04123933 82.00000000
0.02066770 0.04116285 82.00000000
0.02065947 0.04108668 82.00000000
0.02065127 0.04101080 82.00000000
0.02064309 0.04093521 83.00000000
0.02063494 0.04085991 83.00000000
0.02062682 0.04078490 83.00000000
0.02061872 0.04071018 83.00000000
0.02061065 0.04063574 83.00000000
0.02060260 0.04056158 83.00000000
0.02059458 0.04048771 83.00000000
0.02058659 0.04041411 83.00000000
0.02057862 0.04034079 83.00000000
0.02057067 0.04026774 84.00000000
0.02056276 0.04019497 84.00000000
0.02055486 0.04012247 84.00000000
0.02054700 0.04005024 84.00000000
0.02053915 0.03997828 84.00000000
0.02053134 0.03990658 84.00000000
0.02052354 0.03983515 85.00000000
0.02051578 0.03976398 85.00000000
0.02050803 0.03969307 85.00000000
0.02050031 0.03962242 85.00000000
0.02049262 0.03955202 85.00000000
0.02048495 0.03948188 85.00000000
0.02047730 0.03941200 85.00000000
0.02046968 0.03934237 85.00000000
0.02046208 0.03927299 85.00000000
0.02045451 0.03920386 85.00000000
0.02044696 0.03913497 85.00000000
0.02043943 0.03906633 86.00000000
0.02043193 0.03899794 86.00000000
0.02042445 0.03892979 86.00000000
0.02041699 0.03886188 86.00000000
0.02040955 0.03879421 86.00000000
0.02040214 0.03872678 86.00000000
0.02039476 0.03865958 86.00000000
0.02038739 0.03859262 86.00000000
0.02038005 0.03852590 86.00000000
0.02037273 0.03845940 86.00000000
0.02036543 0.03839314 86.00000000
0.02035816 0.03832711 87.00000000
0.02035090 0.03826130 87.00000000
0.02034367 0.03819573 87.00000000
0.02033646 0.03813037 87.00000000
0.02032928 0.03806524 87.00000000
0.02032211 0.03800034 87.00000000
0.02031497 0.03793565 87.00000000
0.02030785 0.03787119 87.00000000
0.02030075 0.03780695 87.00000000
0.02029367 0.03774292 87.00000000
0.02028662 0.03767911 87.00000000
0.02027958 0.03761551 87.00000000
0.02027257 0.03755212 88.00000000
0.02026558 0.03748895 88.00000000
0.02025861 0.03742599 88.00000000
0.02025166 0.03736324 88.00000000
0.02024473 0.03730070 88.00000000
0.02023782 0.03723837 88.00000000
0.02023093 0.03717624 88.00000000
0.02022406 0.03711431 88.00000000
0.02021722 0.03705260 88.00000000
0.02021039 0.03699108 88.00000000
0.02020359 0.03692976 88.00000000
0.02019680 0.03686865 89.00000000
0.02019004 0.03680773 89.00000000
0.02018329 0.03674702 89.00000000
0.02017657 0.03668649 89.00000000
0.02016986 0.03662617 89.00000000
0.02016318 0.03656604 89.00000000
0.02015651 0.03650610 89.00000000
0.02014986 0.03644636 89.00000000
0.02014324 0.03638681 89.00000000
0.02013663 0.03632745 89.00000000
0.02013005 0.03626827 90.00000000
0.02012348 0.03620929 90.00000000
0.02011693 0.03615049 90.00000000
0.02011040 0.03609188 90.00000000
0.02010389 0.03603346 90.00000000
0.02009740 0.03597522 90.00000000
0.02009093 0.03591716 90.00000000
0.02008447 0.03585928 90.00000000
0.02007804 0.03580159 90.00000000
0.02007163 0.03574408 90.00000000
0.02006523 0.03568674 90.00000000
0.02005885 0.03562959 91.00000000
0.02005249 0.03557261 91.00000000
0.02004615 0.03551581 91.00000000
0.02003983 0.03545918 91.00000000
0.02003352 0.03540273 91.00000000
0.02002724 0.03534645 91.00000000
0.02002097 0.03529035 91.00000000
0.02001472 0.03523442 91.00000000
0.02000849 0.03517865 91.00000000
0.02000227 0.03512306 92.00000000
0.01999607 0.03506764 92.00000000
0.01998990 0.03501239 92.00000000
0.01998373 0.03495730 92.00000000
0.01997759 0.03490238 92.00000000
0.01997147 0.03484763 93.00000000
0.01996536 0.03479304 93.00000000
0.01995927 0.03473862 93.00000000
0.01995319 0.03468436 93.00000000
0.01994714 0.03463026 93.00000000
0.01994110 0.03457632 93.00000000
0.01993508 0.03452255 93.00000000
0.01992907 0.03446893 93.00000000
0.01992308 0.03441547 93.00000000
0.01991711 0.03436218 93.00000000
0.01991116 0.03430904 94.00000000
0.01990522 0.03425605 94.00000000
0.01989930 0.03420323 94.00000000
0.01989340 0.03415055 94.00000000
0.01988751 0.03409804 94.00000000
0.01988164 0.03404567 94.00000000
0.01987579 0.03399346 94.00000000
0.01986995 0.03394141 94.00000000
0.01986413 0.03388950 94.00000000
0.01985832 0.03383775 95.00000000
0.01985253 0.03378614 95.00000000
0.01984676 0.03373469 95.00000000
0.01984100 0.03368338 95.00000000
0.01983526 0.03363222 95.00000000
0.01982954 0.03358121 95.00000000
0.01982383 0.03353035 95.00000000
0.01981814 0.03347963 95.00000000
0.01981246 0.03342906 95.00000000
0.01980680 0.03337863 96.00000000
0.01980115 0.03332834 96.00000000
0.01979552 0.03327820 97.00000000
0.01978991 0.03322820 97.00000000
0.01978431 0.03317835 97.00000000
0.01977873 0.03312863 97.00000000
0.01977316 0.03307906 97.00000000
0.01976761 0.03302962 97.00000000
0.01976207 0.03298033 97.00000000
0.01975655 0.03293117 97.00000000
0.01975104 0.03288215 98.00000000
0.01974555 0.03283327 98.00000000
0.01974007 0.03278453 98.00000000
0.01973461 0.03273592 98.00000000
0.01972916 0.03268744 98.00000000
0.01972373 0.03263911 98.00000000
0.01971831 0.03259090 98.00000000
0.01971291 0.03254283 98.00000000
0.01970752 0.03249490 98.00000000
0.01970215 0.03244709 98.00000000
0.01969679 0.03239942 99.00000000
0.01969144 0.03235188 99.00000000
0.01968611 0.03230447 99.00000000
0.01968080 0.03225719 99.00000000
0.01967549 0.03221004 99.00000000
0.01967021 0.03216302 99.00000000
0.01966493 0.03211613 99.00000000
0.01965968 0.03206936 100.00000000
0.01965443 0.03202273 100.00000000
0.01964920 0.03197621 100.00000000
0.01964398 0.03192983 100.00000000
0.01963878 0.03188357 100.00000000
0.01963359 0.03183744 100.00000000
0.01962842 0.03179143 100.00000000
0.01962326 0.03174555 101.00000000
0.01961811 0.03169979 101.00000000
0.01961298 0.03165415 101.00000000
0.01960786 0.03160863 101.00000000
0.01960275 0.03156324 101.00000000
0.01959766 0.03151797 101.00000000
0.01959258 0.03147282 101.00000000
0.01958752 0.03142779 101.00000000
0.01958246 0.03138288 101.00000000
0.01957743 0.03133809 101.00000000
0.01957240 0.03129342 102.00000000
0.01956739 0.03124886 102.00000000
0.01956239 0.03120443 102.00000000
0.01955740 0.03116011 102.00000000
0.01955243 0.03111591 102.00000000
0.01954747 0.03107183 102.00000000
0.01954253 0.03102786 102.00000000
0.01953759 0.03098401 102.00000000
0.01953267 0.03094027 102.00000000
0.01952777 0.03089665 103.00000000
0.01952287 0.03085314 103.00000000
0.01951799 0.03080974 103.00000000
0.01951312 0.03076646 103.00000000
0.01950826 0.03072329 103.00000000
0.01950342 0.03068024 103.00000000
0.01949859 0.03063729 103.00000000
0.01949377 0.03059446 103.00000000
0.01948897 0.03055174 103.00000000
0.01948417 0.03050913 103.00000000
0.01947939 0.03046662 104.00000000
0.01947462 0.03042423 104.00000000
0.01946987 0.03038195 104.00000000
0.01946512 0.03033978 104.00000000
0.01946039 0.03029771 104.00000000
0.01945567 0.03025575 104.00000000
0.01945096 0.03021390 104.00000000
0.01944627 0.03017216 104.00000000
0.01944159 0.03013052 104.00000000
0.01943691 0.03008900 105.00000000
0.01943226 0.03004757 105.00000000
0.01942761 0.03000625 105.00000000
0.01942297 0.02996504 105.00000000
0.01941835 0.02992393 105.00000000
0.01941374 0.02988292 105.00000000
0.01940914 0.02984202 105.00000000
0.01940455 0.02980123 105.00000000
0.01939997 0.02976053 105.00000000
0.01939541 0.02971994 105.00000000
0.01939086 0.02967945 106.00000000
0.01938632 0.02963906 106.00000000
0.01938179 0.02959877 106.00000000
0.01937727 0.02955859 106.00000000
0.01937276 0.02951850 106.00000000
0.01936827 0.02947852 106.00000000
0.01936378 0.02943863 106.00000000
0.01935931 0.02939885 106.00000000
0.01935485 0.02935916 106.00000000
0.01935040 0.02931958 107.00000000
0.01934596 0.02928009 107.00000000
0.01934153 0.02924070 107.00000000
0.01933711 0.02920140 107.00000000
0.01933271 0.02916221 107.00000000
0.01932832 0.02912311 107.00000000
0.01932393 0.02908411 107.00000000
0.01931956 0.02904520 107.00000000
0.01931520 0.02900639 108.00000000
0.01931085 0.02896768 108.00000000
0.01930651 0.02892906 108.00000000
0.01930218 0.02889053 108.00000000
0.01929786 0.02885210 109.00000000
0.01929355 0.02881377 109.00000000
0.01928926 0.02877552 109.00000000
0.01928497 0.02873738 109.00000000
0.01928070 0.02869932 109.00000000
0.01927643 0.02866136 109.00000000
0.01927218 0.02862349 109.00000000
0.01926794 0.02858571 109.00000000
0.01926370 0.02854802 109.00000000
0.01925948 0.02851043 109.00000000
0.01925527 0.02847292 110.00000000
0.01925107 0.02843551 110.00000000
0.01924688 0.02839819 110.00000000
0.01924270 0.02836096 110.00000000
0.01923853 0.02832381 110.00000000
0.01923437 0.02828676 110.00000000
0.01923022 0.02824980 110.00000000
0.01922608 0.02821292 110.00000000
0.01922195 0.02817614 110.00000000
0.01921783 0.02813944 110.00000000
0.01921372 0.02810283 111.00000000
0.01920962 0.02806630 111.00000000
0.01920553 0.02802987 111.00000000
0.01920145 0.02799352 111.00000000
0.01919738 0.02795726 111.00000000
0.01919332 0.02792108 111.00000000
0.01918927 0.02788499 111.00000000
0.01918523 0.02784899 111.00000000
0.01918120 0.02781307 111.00000000
0.01917718 0.02777724 112.00000000
0.01917317 0.02774149 112.00000000
0.01916917 0.02770583 112.00000000
0.01916518 0.02767025 112.00000000
0.01916120 0.02763476 113.00000000
0.01915723 0.02759935 113.00000000
0.01915327 0.02756402 113.00000000
0.01914931 0.02752877 113.00000000
0.01914537 0.02749361 113.00000000
0.01914144 0.02745853 113.00000000
0.01913751 0.02742354 113.00000000
0.01913360 0.02738862 114.00000000
0.01912969 0.02735379 114.00000000
0.01912580 0.02731904 114.00000000
0.01912191 0.02728437 114.00000000
0.01911804 0.02724978 114.00000000
0.01911417 0.02721527 114.00000000
0.01911031 0.02718085 114.00000000
0.01910646 0.02714650 114.00000000
0.01910262 0.02711223 114.00000000
0.01909879 0.02707804 115.00000000
0.01909497 0.02704393 115.00000000
0.01909116 0.02700990 115.00000000
0.01908735 0.02697595 115.00000000
0.01908356 0.02694208 115.00000000
0.01907977 0.02690829 115.00000000
0.01907600 0.02687457 115.00000000
0.01907223 0.02684093 116.00000000
0.01906847 0.02680737 116.00000000
0.01906472 0.02677389 116.00000000
0.01906098 0.02674048 116.00000000
0.01905725 0.02670715 116.00000000
0.01905352 0.02667390 117.00000000
0.01904981 0.02664072 117.00000000
0.01904610 0.02660762 117.00000000
0.01904241 0.02657459 117.00000000
0.01903872 0.02654164 117.00000000
0.01903504 0.02650877 117.00000000
0.01903137 0.02647597 117.00000000
0.01902770 0.02644324 117.00000000
0.01902405 0.02641059 117.00000000
0.01902040 0.02637802 118.00000000
0.01901677 0.02634552 118.00000000
0.01901314 0.02631309 118.00000000
0.01900952 0.02628073 118.00000000
0.01900591 0.02624845 118.00000000
0.01900231 0.02621624 118.00000000
0.01899871 0.02618411 118.00000000
0.01899512 0.02615205 118.00000000
0.01899155 0.02612006 118.00000000
0.01898798 0.02608814 118.00000000
0.01898442 0.02605629 119.00000000
0.01898086 0.02602452 119.00000000
0.01897732 0.02599281 119.00000000
0.01897378 0.02596118 119.00000000
0.01897025 0.02592962 119.00000000
0.01896673 0.02589813 119.00000000
0.01896322 0.02586671 119.00000000
0.01895972 0.02583536 119.00000000
0.01895622 0.02580408 119.00000000
0.01895273 0.02577287 120.00000000
0.01894925 0.02574173 120.00000000
0.01894578 0.02571066 120.00000000
0.01894232 0.02567966 120.00000000
0.01893886 0.02564873 120.00000000
0.01893541 0.02561787 120.00000000
0.01893197 0.02558708 120.00000000
0.01892854 0.02555635 120.00000000
0.01892512 0.02552569 120.00000000
0.01892170 0.02549510 120.00000000
0.01891829 0.02546458 121.00000000
0.01891489 0.02543413 121.00000000
0.01891150 0.02540374 121.00000000
0.01890811 0.02537342 121.00000000
0.01890473 0.02534317 121.00000000
0.01890136 0.02531298 121.00000000
0.01889800 0.02528286 121.00000000
0.01889464 0.02525281 121.00000000
0.01889130 0.02522282 122.00000000
0.01888796 0.02519290 122.00000000
0.01888462 0.02516304 122.00000000
0.01888130 0.02513325 122.00000000
0.01887798 0.02510353 122.00000000
0.01887467 0.02507387 122.00000000
0.01887137 0.02504427 122.00000000
0.01886808 0.02501474 122.00000000
0.01886479 0.02498528 122.00000000
0.01886151 0.02495587 122.00000000
0.01885824 0.02492654 123.00000000
0.01885497 0.02489726 123.00000000
0.01885171 0.02486805 123.00000000
0.01884846 0.02483891 123.00000000
0.01884522 0.02480982 123.00000000
0.01884198 0.02478080 123.00000000
0.01883875 0.02475185 123.00000000
0.01883553 0.02472295 123.00000000
0.01883232 0.02469412 124.00000000
0.01882911 0.02466535 124.00000000
0.01882591 0.02463665 124.00000000
0.01882271 0.02460800 124.00000000
0.01881953 0.02457942 124.00000000
0.01881635 0.02455090 125.00000000
0.01881318 0.02452244 125.00000000
0.01881001 0.02449404 125.00000000
0.01880685 0.02446570 125.00000000
0.01880370 0.02443742 125.00000000
0.01880056 0.02440921 125.00000000
0.01879742 0.02438105 125.00000000
0.01879429 0.02435296 125.00000000
0.01879117 0.02432492 125.00000000
0.01878805 0.02429695 126.00000000
0.01878494 0.02426903 126.00000000
0.01878184 0.02424118 126.00000000
0.01877874 0.02421338 126.00000000
0.01877565 0.02418565 126.00000000
0.01877257 0.02415797 126.00000000
0.01876950 0.02413035 126.00000000
0.01876643 0.02410279 126.00000000
0.01876337 0.02407529 126.00000000
0.01876031 0.02404785 126.00000000
0.01875726 0.02402046 126.00000000
0.01875422 0.02399314 126.00000000
0.01875118 0.02396587 126.00000000
0.01874815 0.02393866 127.00000000
0.01874513 0.02391151 127.00000000
0.01874212 0.02388441 127.00000000
0.01873911 0.02385737 127.00000000
0.01873610 0.02383039 127.00000000
0.01873311 0.02380347 127.00000000
0.01873012 0.02377660 127.00000000
0.01872713 0.02374979 127.00000000
0.01872416 0.02372304 127.00000000
0.01872119 0.02369634 127.00000000
0.01871822 0.02366970 127.00000000
0.01871527 0.02364311 127.00000000
0.01871232 0.02361658 127.00000000
0.01870937 0.02359011 128.00000000
0.01870643 0.02356369 128.00000000
0.01870350 0.02353732 128.00000000
0.01870057 0.02351102 128.00000000
0.01869765 0.02348476 128.00000000
0.01869474 0.02345856 128.00000000
0.01869183 0.02343242 128.00000000
0.01868893 0.02340633 128.00000000
0.01868604 0.02338030 128.00000000
0.01868315 0.02335432 128.00000000
0.01868027 0.02332839 128.00000000
0.01867739 0.02330252 128.00000000
0.01867452 0.02327670 128.00000000
0.01867166 0.02325093 129.00000000
0.01866880 0.02322522 129.00000000
0.01866595 0.02319956 129.00000000
0.01866310 0.02317396 129.00000000
0.01866026 0.02314840 130.00000000
0.01865743 0.02312290 130.00000000
0.01865460 0.02309746 131.00000000
0.01865178 0.02307206 131.00000000
0.01864896 0.02304672 131.00000000
0.01864615 0.02302143 131.00000000
0.01864335 0.02299619 131.00000000
0.01864055 0.02297101 131.00000000