0.12499903 0.01356877 6.00000000
0.12499780 0.01207223 13.00000000
0.12499536 0.00971537 19.00000000
0.12499158 0.00828709 21.00000000
0.12498617 0.01065260 21.00000000
0.12497856 0.01658856 22.00000000
0.12496786 0.02448909 22.00000000
0.12495265 0.03367062 22.00000000
0.12493083 0.04391891 22.00000000
0.12489936 0.05522381 22.00000000
0.12485385 0.06770967 22.00000000
0.12478796 0.08161864 22.00000000
0.12469261 0.09730822 22.00000000
0.12455477 0.11525229 22.00000000
0.12435572 0.13604188 22.00000000
0.12406869 0.16038272 23.00000000
0.12365552 0.18908595 23.00000000
0.12306218 0.22304454 23.00000000
0.12221297 0.26318180 23.00000000
0.12100343 0.31034660 23.00000000
0.11929269 0.36510993 23.00000000
0.11689755 0.42738455 23.00000000
0.11359302 0.49574534 23.00000000
0.10912834 0.56630679 23.00000000
0.10327166 0.63116870 23.00000000
0.09589501 0.67724021 24.00000000
0.08709215 0.68856536 24.00000000
0.07727809 0.65877269 24.00000000
0.06717351 0.61543092 26.00000000
0.05760998 0.61625912 32.00000000
0.04925043 0.66294680 32.00000000
0.04244013 0.68406497 32.00000000
0.03724941 0.63856754 32.00000000
0.03355251 0.54744474 32.00000000
0.03106927 0.45453674 32.00000000
0.02943680 0.38918575 32.00000000
0.02830719 0.35759497 33.00000000
0.02740679 0.35108272 33.00000000
0.02655029 0.35343886 33.00000000
0.02564826 0.34035186 33.00000000
0.02473418 0.27565419 33.00000000
0.02397046 0.12644685 33.00000000
0.02351606 0.12896329 33.00000000
0.02328316 0.34264082 33.00000000
0.02296104 0.43271465 33.00000000
0.02240726 0.35742308 34.00000000
0.02182495 0.17313818 34.00000000
0.02146642 0.04747232 34.00000000
0.02134162 0.19339680 34.00000000
0.02128052 0.27305000 34.00000000
0.02113879 0.27440090 34.00000000
0.02090140 0.19858708 34.00000000
0.02066586 0.05926454 34.00000000
0.02053814 0.12285267 34.00000000
0.02050855 0.26584364 34.00000000
0.02045501 0.32450325 35.00000000
0.02029591 0.27826325 35.00000000
0.02008402 0.15221058 35.00000000
0.01991995 0.02693750 36.00000000
0.01982914 0.14004256 36.00000000
0.01975885 0.21528065 36.00000000
0.01965917 0.22436712 36.00000000
0.01953669 0.17220136 36.00000000
0.01943800 0.08091361 37.00000000
0.01939165 0.03910156 37.00000000
0.01937342 0.09951337 37.00000000
0.01933755 0.11091459 37.00000000
0.01927256 0.06693822 37.00000000
0.01920692 0.03702783 38.00000000
0.01916492 0.11322821 38.00000000
0.01913801 0.17157454 38.00000000
0.01910169 0.18743160 38.00000000
0.01904633 0.15836183 38.00000000
0.01898519 0.09590527 38.00000000
0.01893625 0.02910119 38.00000000
0.01890177 0.05635451 38.00000000
0.01886874 0.08919392 38.00000000
0.01882724 0.08593021 39.00000000
0.01878203 0.05317950 39.00000000
0.01874430 0.02180986 39.00000000
0.01871734 0.04895194 39.00000000
0.01869437 0.07078674 39.00000000
0.01866802 0.06808175 39.00000000
0.01863822 0.04344010 39.00000000
0.01861035 0.02013663 39.00000000
0.01858758 0.04712881 39.00000000
0.01856716 0.07322736 39.00000000
0.01854436 0.07999816 40.00000000
0.01851830 0.06681753 40.00000000
0.01849224 0.04152833 40.00000000
0.01846904 0.01999618 40.00000000
0.01844805 0.02318036 40.00000000
0.01842672 0.02842272 40.00000000
0.01840401 0.02316948 40.00000000
0.01838139 0.01847100 40.00000000
0.01836071 0.03120114 40.00000000
0.01834204 0.04587081 41.00000000
0.01832385 0.05118972 41.00000000
0.01830507 0.04456767 41.00000000
0.01828619 0.02956982 41.00000000
0.01826834 0.01841517 41.00000000
0.01825178 0.02580637 41.00000000
0.01823574 0.03517022 41.00000000
0.01821941 0.03683330 41.00000000
0.01820287 0.03098787 42.00000000
0.01818674 0.02237893 42.00000000
0.01817137 0.01836277 42.00000000
0.01815647 0.01995846 42.00000000
0.01814153 0.02056277 42.00000000
0.01812648 0.01862583 42.00000000
0.01811170 0.01829615 42.00000000
0.01809749 0.02220409 42.00000000
0.01808374 0.02641722 42.00000000
0.01807017 0.02724104 42.00000000
0.01805663 0.02410894 43.00000000
0.01804329 0.01929387 43.00000000
0.01803033 0.01685860 43.00000000
0.01801773 0.01803157 43.00000000
0.01800531 0.01934757 43.00000000
0.01799296 0.01864829 44.00000000
0.01798072 0.01687241 44.00000000
0.01796872 0.01650868 44.00000000
0.01795698 0.01815308 44.00000000
0.01794542 0.01973279 44.00000000
0.01793396 0.01966619 44.00000000
0.01792261 0.01810526 44.00000000
0.01791143 0.01642687 44.00000000
0.01790046 0.01584430 44.00000000
0.01788967 0.01606367 44.00000000
0.01787900 0.01607849 45.00000000
0.01786844 0.01567548 45.00000000
0.01785802 0.01548493 45.00000000
0.01784778 0.01593219 45.00000000
0.01783770 0.01655340 45.00000000
0.01782774 0.01663196 45.00000000
0.01781788 0.01601791 45.00000000
0.01780815 0.01521734 45.00000000
0.01779855 0.01483866 45.00000000
0.01778909 0.01492197 45.00000000
0.01777974 0.01501528 46.00000000
0.01777049 0.01483175 46.00000000
0.01776133 0.01454201 46.00000000
0.01775230 0.01448200 46.00000000
0.01774338 0.01469557 46.00000000
0.01773456 0.01489260 46.00000000
0.01772584 0.01481756 46.00000000
0.01771721 0.01450173 46.00000000
0.01770869 0.01417622 47.00000000
0.01770027 0.01400591 47.00000000
0.01769194 0.01394939 47.00000000
0.01768371 0.01388367 48.00000000
0.01767556 0.01378224 48.00000000
0.01766750 0.01371778 48.00000000
0.01765954 0.01372918 48.00000000
0.01765166 0.01374956 48.00000000
0.01764386 0.01368476 48.00000000
0.01763615 0.01352522 48.00000000
0.01762852 0.01335381 48.00000000
0.01762096 0.01325086 48.00000000
0.01761349 0.01321224 48.00000000
0.01760610 0.01317314 49.00000000
0.01759877 0.01309323 49.00000000
0.01759153 0.01299523 49.00000000
0.01758436 0.01292434 49.00000000
0.01757726 0.01288982 49.00000000
0.01757023 0.01285883 49.00000000
0.01756327 0.01279982 49.00000000
0.01755638 0.01271600 49.00000000
0.01754956 0.01263379 49.00000000
0.01754281 0.01256916 50.00000000
0.01753612 0.01251451 50.00000000
0.01752949 0.01245616 50.00000000
0.01752293 0.01239434 50.00000000
0.01751644 0.01234036 50.00000000
0.01751000 0.01229842 50.00000000
0.01750363 0.01225763 50.00000000
0.01749732 0.01220361 50.00000000
0.01749107 0.01213413 50.00000000
0.01748487 0.01206027 50.00000000
0.01747873 0.01199382 51.00000000
0.01747265 0.01193660 51.00000000
0.01746663 0.01188283 51.00000000
0.01746066 0.01182854 51.00000000
0.01745475 0.01177581 51.00000000
0.01744889 0.01172796 52.00000000
0.01744308 0.01168357 52.00000000
0.01743733 0.01163713 52.00000000
0.01743162 0.01158482 52.00000000
0.01742597 0.01152823 52.00000000
0.01742037 0.01147203 52.00000000
0.01741482 0.01141913 52.00000000
0.01740932 0.01136894 52.00000000
0.01740386 0.01131962 52.00000000
0.01739846 0.01127081 52.00000000
0.01739310 0.01122336 53.00000000
0.01738778 0.01117741 53.00000000
0.01738252 0.01113154 53.00000000
0.01737730 0.01108417 53.00000000
0.01737212 0.01103530 53.00000000
0.01736699 0.01098645 54.00000000
0.01736190 0.01093903 54.00000000
0.01735685 0.01089320 54.00000000
0.01735185 0.01084822 54.00000000
0.01734689 0.01080369 54.00000000
0.01734197 0.01075992 55.00000000
0.01733709 0.01071724 55.00000000
0.01733225 0.01067531 55.00000000
0.01732745 0.01063328 55.00000000
0.01732270 0.01059056 55.00000000
0.01731798 0.01054733 55.00000000
0.01731330 0.01050421 55.00000000
0.01730865 0.01046167 55.00000000
0.01730405 0.01041978 55.00000000
0.01729948 0.01037845 56.00000000
0.01729495 0.01033765 56.00000000
0.01729046 0.01029740 56.00000000
0.01728600 0.01025756 56.00000000
0.01728158 0.01021780 56.00000000
0.01727719 0.01017785 56.00000000
0.01727284 0.01013774 56.00000000
0.01726852 0.01009776 56.00000000
0.01726424 0.01005820 56.00000000
0.01725999 0.01001921 56.00000000
0.01725577 0.00998077 57.00000000
0.01725158 0.00994282 57.00000000
0.01724743 0.00990535 57.00000000
0.01724331 0.00986828 57.00000000
0.01723922 0.00983146 57.00000000
0.01723517 0.00979472 57.00000000
0.01723114 0.00975800 57.00000000
0.01722715 0.00972136 58.00000000
0.01722318 0.00968492 58.00000000
0.01721925 0.00964880 58.00000000
0.01721534 0.00961305 58.00000000
0.01721147 0.00957765 58.00000000
0.01720762 0.00954260 58.00000000
0.01720380 0.00950785 58.00000000
0.01720001 0.00947338 58.00000000
0.01719625 0.00943911 58.00000000
0.01719252 0.00940501 59.00000000
0.01718881 0.00937110 59.00000000
0.01718513 0.00933743 59.00000000
0.01718148 0.00930405 59.00000000
0.01717785 0.00927098 59.00000000
0.01717425 0.00923824 60.00000000
0.01717068 0.00920581 60.00000000
0.01716713 0.00917368 60.00000000
0.01716361 0.00914181 60.00000000
0.01716011 0.00911017 60.00000000
0.01715664 0.00907872 60.00000000
0.01715319 0.00904745 60.00000000
0.01714977 0.00901635 60.00000000
0.01714637 0.00898546 60.00000000
0.01714299 0.00895481 60.00000000
0.01713964 0.00892440 61.00000000
0.01713632 0.00889424 61.00000000
0.01713301 0.00886434 61.00000000
0.01712973 0.00883467 61.00000000
0.01712647 0.00880522 61.00000000
0.01712323 0.00877597 61.00000000
0.01712002 0.00874692 61.00000000
0.01711682 0.00871807 61.00000000
0.01711365 0.00868944 61.00000000
0.01711050 0.00866103 62.00000000
0.01710737 0.00863287 62.00000000
0.01710426 0.00860495 62.00000000
0.01710118 0.00857727 62.00000000
0.01709811 0.00854983 62.00000000
0.01709506 0.00852261 62.00000000
0.01709204 0.00849560 62.00000000
0.01708903 0.00846879 62.00000000
0.01708604 0.00844218 62.00000000
0.01708308 0.00841577 62.00000000
0.01708013 0.00838957 63.00000000
0.01707720 0.00836359 63.00000000
0.01707429 0.00833783 63.00000000
0.01707140 0.00831229 63.00000000
0.01706852 0.00828699 63.00000000
0.01706567 0.00826191 63.00000000
0.01706283 0.00823704 63.00000000
0.01706001 0.00821239 63.00000000
0.01705721 0.00818795 63.00000000
0.01705442 0.00816373 64.00000000
0.01705166 0.00813973 64.00000000
0.01704890 0.00811596 64.00000000
0.01704617 0.00809242 64.00000000
0.01704345 0.00806911 64.00000000
0.01704075 0.00804604 64.00000000
0.01703807 0.00802321 64.00000000
0.01703540 0.00800061 64.00000000
0.01703274 0.00797823 64.00000000
0.01703010 0.00795609 65.00000000
0.01702748 0.00793418 65.00000000
0.01702487 0.00791250 65.00000000
0.01702228 0.00789106 65.00000000
0.01701970 0.00786986 65.00000000
0.01701714 0.00784891 65.00000000
0.01701459 0.00782822 65.00000000
0.01701205 0.00780778 65.00000000
0.01700953 0.00778761 65.00000000
0.01700703 0.00776769 66.00000000
0.01700453 0.00774804 66.00000000
0.01700205 0.00772865 66.00000000
0.01699958 0.00770953 66.00000000
0.01699713 0.00769070 66.00000000
0.01699468 0.00767214 66.00000000
0.01699225 0.00765388 66.00000000
0.01698983 0.00763592 66.00000000
0.01698743 0.00761825 66.00000000
0.01698503 0.00760090 66.00000000
0.01698265 0.00758386 67.00000000
0.01698028 0.00756714 67.00000000
0.01697792 0.00755074 67.00000000
0.01697557 0.00753468 67.00000000
0.01697323 0.00751897 67.00000000
0.01697090 0.00750361 67.00000000
0.01696858 0.00748861 68.00000000
0.01696627 0.00747398 68.00000000
0.01696397 0.00745975 68.00000000
0.01696168 0.00744591 68.00000000
0.01695940 0.00743247 68.00000000
0.01695712 0.00741946 68.00000000
0.01695486 0.00740689 68.00000000
0.01695260 0.00739476 68.00000000
0.01695035 0.00738309 68.00000000
0.01694811 0.00737191 69.00000000
0.01694587 0.00736122 69.00000000
0.01694364 0.00735104 69.00000000
0.01694142 0.00734141 69.00000000
0.01693921 0.00733232 69.00000000
0.01693699 0.00732381 69.00000000
0.01693479 0.00731590 70.00000000
0.01693259 0.00730861 70.00000000
0.01693039 0.00730197 70.00000000
0.01692820 0.00729600 70.00000000
0.01692601 0.00729074 70.00000000
0.01692382 0.00728621 71.00000000
0.01692164 0.00728244 71.00000000
0.01691946 0.00727948 71.00000000
0.01691728 0.00727735 71.00000000
0.01691510 0.00727610 71.00000000
0.01691292 0.00727577 71.00000000
0.01691073 0.00727640 71.00000000
0.01690855 0.00727803 71.00000000
0.01690637 0.00728072 71.00000000
0.01690418 0.00728452 72.00000000
0.01690199 0.00728948 72.00000000
0.01689980 0.00729567 72.00000000
0.01689760 0.00730314 72.00000000
0.01689539 0.00731197 72.00000000
0.01689318 0.00732223 72.00000000
0.01689096 0.00733398 72.00000000
0.01688873 0.00734732 72.00000000
0.01688649 0.00736233 72.00000000
0.01688424 0.00737909 72.00000000
0.01688197 0.00739772 73.00000000
0.01687969 0.00741831 73.00000000
0.01687740 0.00744097 73.00000000
0.01687508 0.00746583 73.00000000
0.01687275 0.00749300 73.00000000
0.01687040 0.00752262 73.00000000
0.01686803 0.00755484 73.00000000
0.01686563 0.00758981 73.00000000
0.01686320 0.00762769 73.00000000
0.01686075 0.00766865 73.00000000
0.01685826 0.00771287 74.00000000
0.01685574 0.00776056 74.00000000
0.01685318 0.00781193 74.00000000
0.01685058 0.00786719 74.00000000
0.01684793 0.00792658 74.00000000
0.01684524 0.00799036 74.00000000
0.01684250 0.00805879 74.00000000
0.01683971 0.00813217 74.00000000
0.01683685 0.00821079 75.00000000
0.01683393 0.00829499 75.00000000
0.01683094 0.00838510 75.00000000
0.01682788 0.00848150 75.00000000
0.01682473 0.00858457 75.00000000
0.01682150 0.00869473 75.00000000
0.01681818 0.00881243 76.00000000
0.01681475 0.00893813 76.00000000
0.01681121 0.00907232 76.00000000
0.01680756 0.00921555 76.00000000
0.01680377 0.00936836 76.00000000
0.01679985 0.00953135 76.00000000
0.01679578 0.00970515 76.00000000
0.01679154 0.00989043 76.00000000
0.01678713 0.01008790 76.00000000
0.01678253 0.01029829 77.00000000
0.01677773 0.01052239 77.00000000
0.01677270 0.01076105 77.00000000
0.01676744 0.01101512 77.00000000
0.01676191 0.01128553 77.00000000
0.01675610 0.01157325 77.00000000
0.01674999 0.01187930 77.00000000
0.01674355 0.01220473 77.00000000
0.01673675 0.01255065 77.00000000
0.01672956 0.01291822 77.00000000
0.01672196 0.01330863 78.00000000
0.01671390 0.01372311 78.00000000
0.01670535 0.01416294 78.00000000
0.01669627 0.01462940 78.00000000
0.01668661 0.01512382 78.00000000
0.01667633 0.01564752 78.00000000
0.01666539 0.01620181 78.00000000
0.01665372 0.01678801 78.00000000
0.01664127 0.01740736 78.00000000
0.01662799 0.01806106 78.00000000
0.01661382 0.01875022 79.00000000
0.01659868 0.01947582 79.00000000
0.01658252 0.02023868 79.00000000
0.01656526 0.02103944 79.00000000
0.01654684 0.02187849 79.00000000
0.01652718 0.02275592 79.00000000
0.01650623 0.02367149 79.00000000
0.01648392 0.02462457 79.00000000
0.01646017 0.02561407 79.00000000
0.01643495 0.02663839 80.00000000
0.01640819 0.02769538 80.00000000
0.01637985 0.02878227 80.00000000
0.01634990 0.02989561 80.00000000
0.01631833 0.03103125 80.00000000
0.01628512 0.03218432 80.00000000
0.01625029 0.03334917 80.00000000
0.01621385 0.03451940 80.00000000
0.01617585 0.03568783 80.00000000
0.01613635 0.03684661 80.00000000
0.01609542 0.03798719 81.00000000
0.01605315 0.03910048 81.00000000
0.01600965 0.04017693 81.00000000
0.01596503 0.04120669 81.00000000
0.01591941 0.04217976 81.00000000
0.01587294 0.04308624 81.00000000
0.01582575 0.04391651 81.00000000
0.01577798 0.04466148 81.00000000
0.01572976 0.04531282 81.00000000
0.01568125 0.04586317 82.00000000
0.01563256 0.04630634 82.00000000
0.01558382 0.04663751 82.00000000
0.01553517 0.04685332 82.00000000
0.01548670 0.04695198 82.00000000
0.01543852 0.04693331 82.00000000
0.01539074 0.04679878 82.00000000
0.01534344 0.04655145 82.00000000
0.01529670 0.04619597 82.00000000
0.01525061 0.04573855 82.00000000
0.01520522 0.04518685 83.00000000
0.01516061 0.04454997 83.00000000
0.01511682 0.04383834 83.00000000
0.01507390 0.04306358 83.00000000
0.01503190 0.04223834 83.00000000
0.01499083 0.04137599 83.00000000
0.01495074 0.04049033 84.00000000
0.01491163 0.03959510 84.00000000
0.01487352 0.03870348 84.00000000
0.01483642 0.03782764 84.00000000
0.01480033 0.03697818 84.00000000
0.01476523 0.03616377 84.00000000
0.01473113 0.03539089 84.00000000
0.01469800 0.03466378 84.00000000
0.01466582 0.03398458 84.00000000
0.01463458 0.03335361 85.00000000
0.01460425 0.03276984 85.00000000
0.01457480 0.03223136 85.00000000
0.01454621 0.03173586 85.00000000
0.01451844 0.03128105 85.00000000
0.01449146 0.03086495 85.00000000
0.01446525 0.03048603 85.00000000
0.01443977 0.03014326 85.00000000
0.01441499 0.02983602 85.00000000
0.01439089 0.02956398 85.00000000
0.01436744 0.02932687 86.00000000
0.01434460 0.02912436 86.00000000
0.01432235 0.02895587 86.00000000
0.01430067 0.02882047 86.00000000
0.01427953 0.02871686 86.00000000
0.01425890 0.02864330 86.00000000
0.01423877 0.02859773 86.00000000
0.01421910 0.02857779 87.00000000
0.01419988 0.02858090 87.00000000
0.01418109 0.02860442 87.00000000
0.01416271 0.02864566 87.00000000
0.01414472 0.02870201 88.00000000
0.01412710 0.02877095 88.00000000
0.01410984 0.02885015 88.00000000
0.01409291 0.02893741 88.00000000
0.01407632 0.02903078 88.00000000
0.01406003 0.02912844 88.00000000
0.01404404 0.02922878 88.00000000
0.01402833 0.02933037 88.00000000
0.01401290 0.02943192 88.00000000
0.01399773 0.02953231 88.00000000
0.01398281 0.02963053 89.00000000
0.01396813 0.02972573 89.00000000
0.01395368 0.02981717 89.00000000
0.01393945 0.02990423 89.00000000
0.01392543 0.02998641 89.00000000
0.01391162 0.03006328 89.00000000
0.01389800 0.03013453 89.00000000
0.01388458 0.03019991 89.00000000
0.01387133 0.03025927 89.00000000
0.01385826 0.03031249 90.00000000
0.01384536 0.03035951 90.00000000
0.01383262 0.03040031 90.00000000
0.01382005 0.03043488 90.00000000
0.01380762 0.03046324 90.00000000
0.01379534 0.03048540 90.00000000
0.01378321 0.03050137 90.00000000
0.01377121 0.03051114 90.00000000
0.01375935 0.03051470 90.00000000
0.01374762 0.03051200 90.00000000
0.01373602 0.03050297 91.00000000
0.01372455 0.03048754 91.00000000
0.01371319 0.03046559 91.00000000
0.01370196 0.03043701 91.00000000
0.01369084 0.03040168 91.00000000
0.01367984 0.03035945 91.00000000
0.01366895 0.03031020 92.00000000
0.01365817 0.03025381 92.00000000
0.01364749 0.03019017 92.00000000
0.01363693 0.03011919 92.00000000
0.01362646 0.03004080 92.00000000
0.01361610 0.02995497 92.00000000
0.01360585 0.02986169 92.00000000
0.01359569 0.02976100 92.00000000
0.01358563 0.02965296 92.00000000
0.01357567 0.02953766 93.00000000
0.01356581 0.02941523 93.00000000
0.01355605 0.02928583 93.00000000
0.01354638 0.02914967 93.00000000
0.01353680 0.02900695 93.00000000
0.01352732 0.02885791 93.00000000
0.01351794 0.02870283 93.00000000
0.01350864 0.02854196 93.00000000
0.01349944 0.02837561 93.00000000
0.01349033 0.02820406 93.00000000
0.01348131 0.02802763 94.00000000
0.01347238 0.02784662 94.00000000
0.01346354 0.02766135 94.00000000
0.01345479 0.02747213 94.00000000
0.01344613 0.02727925 94.00000000
0.01343756 0.02708304 94.00000000
0.01342907 0.02688379 94.00000000
0.01342068 0.02668179 94.00000000
0.01341237 0.02647733 94.00000000
0.01340415 0.02627071 95.00000000
0.01339601 0.02606219 95.00000000
0.01338796 0.02585206 95.00000000
0.01337999 0.02564056 95.00000000
0.01337211 0.02542796 95.00000000
0.01336431 0.02521452 95.00000000
0.01335660 0.02500046 95.00000000
0.01334897 0.02478602 95.00000000
0.01334142 0.02457143 95.00000000
0.01333395 0.02435690 95.00000000
0.01332656 0.02414265 96.00000000
0.01331925 0.02392888 96.00000000
0.01331203 0.02371577 96.00000000
0.01330488 0.02350350 96.00000000
0.01329781 0.02329225 96.00000000
0.01329082 0.02308219 96.00000000
0.01328390 0.02287345 96.00000000
0.01327706 0.02266620 96.00000000
0.01327030 0.02246055 96.00000000
0.01326361 0.02225663 97.00000000
0.01325699 0.02205456 97.00000000
0.01325045 0.02185444 97.00000000
0.01324398 0.02165636 97.00000000
0.01323758 0.02146041 97.00000000
0.01323126 0.02126667 97.00000000
0.01322500 0.02107520 97.00000000
0.01321881 0.02088607 97.00000000
0.01321269 0.02069933 97.00000000
0.01320664 0.02051502 98.00000000
0.01320065 0.02033318 98.00000000
0.01319473 0.02015384 98.00000000
0.01318888 0.01997704 98.00000000
0.01318308 0.01980279 98.00000000
0.01317736 0.01963110 98.00000000
0.01317169 0.01946199 98.00000000
0.01316609 0.01929545 98.00000000
0.01316055 0.01913150 98.00000000
0.01315507 0.01897013 98.00000000
0.01314964 0.01881133 99.00000000
0.01314428 0.01865509 99.00000000
0.01313897 0.01850140 99.00000000
0.01313372 0.01835024 99.00000000
0.01312853 0.01820160 99.00000000
0.01312339 0.01805545 99.00000000
0.01311831 0.01791177 100.00000000
0.01311328 0.01777053 100.00000000
0.01310831 0.01763171 100.00000000
0.01310338 0.01749528 100.00000000
0.01309851 0.01736121 100.00000000
0.01309369 0.01722946 100.00000000
0.01308892 0.01710000 100.00000000
0.01308420 0.01697281 100.00000000
0.01307953 0.01684784 100.00000000
0.01307491 0.01672505 101.00000000
0.01307033 0.01660442 101.00000000
0.01306581 0.01648591 101.00000000
0.01306132 0.01636947 101.00000000
0.01305689 0.01625507 101.00000000
0.01305249 0.01614268 101.00000000
0.01304815 0.01603225 101.00000000
0.01304384 0.01592375 101.00000000
0.01303958 0.01581714 101.00000000
0.01303536 0.01571238 101.00000000
0.01303119 0.01560944 102.00000000
0.01302705 0.01550827 107.00000000
0.01302296 0.01540885 107.00000000
0.01301890 0.01531114 107.00000000
0.01301489 0.01521509 107.00000000
0.01301091 0.01512069 108.00000000
0.01300697 0.01502788 108.00000000
0.01300307 0.01493664 108.00000000
0.01299921 0.01484694 108.00000000
0.01299538 0.01475873 108.00000000
0.01299159 0.01467200 108.00000000
0.01298784 0.01458670 108.00000000
0.01298412 0.01450281 108.00000000
0.01298044 0.01442030 108.00000000
0.01297679 0.01433914 109.00000000
0.01297318 0.01425929 109.00000000
0.01296959 0.01418074 109.00000000
0.01296605 0.01410344 109.00000000
0.01296253 0.01402739 110.00000000
0.01295905 0.01395254 110.00000000
0.01295559 0.01387887 110.00000000
0.01295217 0.01380636 110.00000000
0.01294878 0.01373499 110.00000000
0.01294542 0.01366472 110.00000000
0.01294209 0.01359554 110.00000000
0.01293880 0.01352742 110.00000000
0.01293552 0.01346034 110.00000000
0.01293228 0.01339428 110.00000000
0.01292907 0.01332922 111.00000000
0.01292589 0.01326513 111.00000000
0.01292273 0.01320200 111.00000000
0.01291960 0.01313981 111.00000000
0.01291650 0.01307853 111.00000000
0.01291342 0.01301814 111.00000000
0.01291037 0.01295864 111.00000000
0.01290735 0.01289999 111.00000000
0.01290435 0.01284219 111.00000000
0.01290138 0.01278521 111.00000000
0.01289843 0.01272905 112.00000000
0.01289551 0.01267367 112.00000000
0.01289261 0.01261907 112.00000000
0.01288973 0.01256523 112.00000000
0.01288688 0.01251213 112.00000000
0.01288406 0.01245976 112.00000000
0.01288125 0.01240811 112.00000000
0.01287847 0.01235716 112.00000000
0.01287572 0.01230689 112.00000000
0.01287298 0.01225730 113.00000000
0.01287027 0.01220836 113.00000000
0.01286758 0.01216007 113.00000000
0.01286491 0.01211242 113.00000000
0.01286226 0.01206538 113.00000000
0.01285963 0.01201896 113.00000000
0.01285703 0.01197313 113.00000000
0.01285444 0.01192789 113.00000000
0.01285188 0.01188322 113.00000000
0.01284933 0.01183911 113.00000000
0.01284681 0.01179555 114.00000000
0.01284430 0.01175254 114.00000000
0.01284182 0.01171005 114.00000000
0.01283935 0.01166809 114.00000000
0.01283690 0.01162663 114.00000000
0.01283447 0.01158568 114.00000000
0.01283206 0.01154522 114.00000000
0.01282967 0.01150524 114.00000000
0.01282730 0.01146573 114.00000000
0.01282494 0.01142669 115.00000000
0.01282261 0.01138810 115.00000000
0.01282029 0.01134996 115.00000000
0.01281798 0.01131226 115.00000000
0.01281570 0.01127498 115.00000000
0.01281343 0.01123813 115.00000000
0.01281118 0.01120170 115.00000000
0.01280894 0.01116567 116.00000000
0.01280672 0.01113004 116.00000000
0.01280452 0.01109481 116.00000000
0.01280234 0.01105996 116.00000000
0.01280017 0.01102548 116.00000000
0.01279801 0.01099138 116.00000000
0.01279587 0.01095765 116.00000000
0.01279375 0.01092427 116.00000000
0.01279164 0.01089124 116.00000000
0.01278955 0.01085856 116.00000000
0.01278747 0.01082622 117.00000000
0.01278541 0.01079422 117.00000000
0.01278336 0.01076254 117.00000000
0.01278133 0.01073118 117.00000000
0.01277931 0.01070014 117.00000000
0.01277730 0.01066941 117.00000000
0.01277531 0.01063899 117.00000000
0.01277334 0.01060886 117.00000000
0.01277137 0.01057904 117.00000000
0.01276942 0.01054950 117.00000000
0.01276749 0.01052024 118.00000000
0.01276556 0.01049127 118.00000000
0.01276365 0.01046257 118.00000000
0.01276176 0.01043415 118.00000000
0.01275987 0.01040598 118.00000000
0.01275800 0.01037809 118.00000000
0.01275615 0.01035044 118.00000000
0.01275430 0.01032306 118.00000000
0.01275247 0.01029592 118.00000000
0.01275065 0.01026902 119.00000000
0.01274884 0.01024237 119.00000000
0.01274704 0.01021595 119.00000000
0.01274526 0.01018977 119.00000000
0.01274349 0.01016381 119.00000000
0.01274173 0.01013808 119.00000000
0.01273998 0.01011257 119.00000000
0.01273824 0.01008728 119.00000000
0.01273651 0.01006221 120.00000000
0.01273480 0.01003734 121.00000000
0.01273310 0.01001268 121.00000000
0.01273140 0.00998823 121.00000000
0.01272972 0.00996398 121.00000000
0.01272805 0.00993993 121.00000000
0.01272639 0.00991607 121.00000000
0.01272474 0.00989240 121.00000000
0.01272311 0.00986892 121.00000000
0.01272148 0.00984563 121.00000000
0.01271986 0.00982252 121.00000000
0.01271825 0.00979959 122.00000000
0.01271666 0.00977683 122.00000000
0.01271507 0.00975425 122.00000000
0.01271349 0.00973185 122.00000000
0.01271193 0.00970961 122.00000000
0.01271037 0.00968754 122.00000000
0.01270882 0.00966563 122.00000000
0.01270729 0.00964388 122.00000000
0.01270576 0.00962230 122.00000000
0.01270424 0.00960087 122.00000000
0.01270273 0.00957959 123.00000000
0.01270123 0.00955846 123.00000000
0.01269974 0.00953749 123.00000000
0.01269826 0.00951666 123.00000000
0.01269679 0.00949598 123.00000000
0.01269533 0.00947544 123.00000000
0.01269387 0.00945504 124.00000000
0.01269243 0.00943478 124.00000000
0.01269099 0.00941465 124.00000000
0.01268956 0.00939467 124.00000000
0.01268814 0.00937481 124.00000000
0.01268673 0.00935508 124.00000000
0.01268533 0.00933549 124.00000000
0.01268394 0.00931602 124.00000000
0.01268255 0.00929668 124.00000000
0.01268117 0.00927745 124.00000000
0.01267980 0.00925836 125.00000000
0.01267844 0.00923938 125.00000000
0.01267709 0.00922052 125.00000000
0.01267575 0.00920177 125.00000000
0.01267441 0.00918314 125.00000000
0.01267308 0.00916463 125.00000000
0.01267176 0.00914622 125.00000000
0.01267044 0.00912793 125.00000000
0.01266914 0.00910974 125.00000000
0.01266784 0.00909166 125.00000000
0.01266655 0.00907369 126.00000000
0.01266527 0.00905582 126.00000000
0.01266399 0.00903806 126.00000000
0.01266272 0.00902039 126.00000000
0.01266146 0.00900283 126.00000000
0.01266020 0.00898536 126.00000000
0.01265896 0.00896799 127.00000000
0.01265772 0.00895072 127.00000000
0.01265648 0.00893354 127.00000000
0.01265526 0.00891645 128.00000000
0.01265404 0.00889946 128.00000000
0.01265283 0.00888256 128.00000000
0.01265162 0.00886575 128.00000000
0.01265042 0.00884902 128.00000000
0.01264923 0.00883238 128.00000000
0.01264804 0.00881583 128.00000000
0.01264686 0.00879937 128.00000000
0.01264569 0.00878299 129.00000000
0.01264453 0.00876669 129.00000000
0.01264337 0.00875047 129.00000000
0.01264221 0.00873434 129.00000000
0.01264107 0.00871828 129.00000000
0.01263992 0.00870230 129.00000000
0.01263879 0.00868640 129.00000000
0.01263766 0.00867058 129.00000000
0.01263654 0.00865483 129.00000000
0.01263542 0.00863916 130.00000000
0.01263431 0.00862356 130.00000000
0.01263321 0.00860804 130.00000000
0.01263211 0.00859258 130.00000000
0.01263102 0.00857720 130.00000000
0.01262993 0.00856189 130.00000000
0.01262885 0.00854664 130.00000000
0.01262777 0.00853147 130.00000000
0.01262671 0.00851636 130.00000000
0.01262564 0.00850132 131.00000000
0.01262458 0.00848635 131.00000000
0.01262353 0.00847144 131.00000000
0.01262248 0.00845660 131.00000000
0.01262144 0.00844182 131.00000000
0.01262041 0.00842710 131.00000000
0.01261938 0.00841245 132.00000000
0.01261835 0.00839786 132.00000000
0.01261733 0.00838332 132.00000000
0.01261631 0.00836885 132.00000000
0.01261531 0.00835444 132.00000000
0.01261430 0.00834009 132.00000000
0.01261330 0.00832579 132.00000000
0.01261231 0.00831155 132.00000000
0.01261132 0.00829737 132.00000000
0.01261033 0.00828325 132.00000000
0.01260935 0.00826918 133.00000000
0.01260838 0.00825516 133.00000000
0.01260741 0.00824120 133.00000000
0.01260645 0.00822729 133.00000000
0.01260549 0.00821344 133.00000000
0.01260453 0.00819964 133.00000000
0.01260358 0.00818589 133.00000000
0.01260264 0.00817219 133.00000000
0.01260170 0.00815854 133.00000000
0.01260076 0.00814494 134.00000000
0.01259983 0.00813140 134.00000000
0.01259890 0.00811790 134.00000000
0.01259798 0.00810445 134.00000000
0.01259706 0.00809104 134.00000000
0.01259615 0.00807769 134.00000000
0.01259524 0.00806438 134.00000000
0.01259434 0.00805112 134.00000000
0.01259344 0.00803791 134.00000000
0.01259254 0.00802474 134.00000000
0.01259165 0.00801161 135.00000000
0.01259077 0.00799853 135.00000000
0.01258988 0.00798550 135.00000000
0.01258900 0.00797251 135.00000000
0.01258813 0.00795956 135.00000000
0.01258726 0.00794665 135.00000000
0.01258640 0.00793379 135.00000000
0.01258553 0.00792097 135.00000000
0.01258468 0.00790819 135.00000000
0.01258382 0.00789545 135.00000000
0.01258297 0.00788275 136.00000000
0.01258213 0.00787010 136.00000000
0.01258129 0.00785748 136.00000000
0.01258045 0.00784490 136.00000000
0.01257962 0.00783236 136.00000000
0.01257879 0.00781986 136.00000000
0.01257796 0.00780740 136.00000000
0.01257714 0.00779498 136.00000000
0.01257632 0.00778259 136.00000000
0.01257551 0.00777024 138.00000000
0.01257470 0.00775793 138.00000000
0.01257389 0.00774566 138.00000000
0.01257309 0.00773342 138.00000000
0.01257229 0.00772122 138.00000000
0.01257150 0.00770905 138.00000000
0.01257070 0.00769692 138.00000000
0.01256992 0.00768482 138.00000000
0.01256913 0.00767276 138.00000000
0.01256835 0.00766073 138.00000000
0.01256757 0.00764874 139.00000000
0.01256680 0.00763678 139.00000000
0.01256603 0.00762485 139.00000000
0.01256526 0.00761296 139.00000000
0.01256450 0.00760110 139.00000000
0.01256374 0.00758927 139.00000000
0.01256298 0.00757747 139.00000000
0.01256223 0.00756571 140.00000000
0.01256148 0.00755398 140.00000000
0.01256073 0.00754228 140.00000000
0.01255999 0.00753061 140.00000000
0.01255925 0.00751897 140.00000000
0.01255851 0.00750736 140.00000000
0.01255778 0.00749578 140.00000000
0.01255705 0.00748423 140.00000000
0.01255632 0.00747272 140.00000000
0.01255560 0.00746123 141.00000000
0.01255488 0.00744977 141.00000000
0.01255416 0.00743834 141.00000000
0.01255345 0.00742694 141.00000000
0.01255274 0.00741557 141.00000000
0.01255203 0.00740422 141.00000000
0.01255132 0.00739291 141.00000000
0.01255062 0.00738162 141.00000000
0.01254992 0.00737036 141.00000000
0.01254923 0.00735912 141.00000000
0.01254853 0.00734792 142.00000000
0.01254784 0.00733674 142.00000000
0.01254716 0.00732559 142.00000000
0.01254647 0.00731446 142.00000000
0.01254579 0.00730337 142.00000000
0.01254512 0.00729229 142.00000000
0.01254444 0.00728125 142.00000000
0.01254377 0.00727023 142.00000000
0.01254310 0.00725923 142.00000000
0.01254243 0.00724826 142.00000000
