0.125006936178743644 0.057546538978171177 5.000000000000000000
0.125003722990631672 0.054848835185266502 11.000000000000000000
0.124998730447863887 0.050727821073027528 18.000000000000000000
0.124992781589261678 0.046025090224024269 24.000000000000000000
0.124986249677223660 0.041300078826444410 30.000000000000000000
0.124979197369103442 0.036918465362195806 36.000000000000000000
0.124971482922428045 0.033116058199048205 43.000000000000000000
0.124962829317044777 0.030041771987213670 51.000000000000000000
0.124952861885657102 0.027782430636817429 55.000000000000000000
0.124941122299039295 0.026373207783157038 62.000000000000000000
0.124927065699512937 0.025801299184398094 68.000000000000000000
0.124910045755671065 0.026013032192516824 73.000000000000000000
0.124889290445938259 0.026929971469900962 80.000000000000000000
0.124863869792696869 0.028469803432211251 81.000000000000000000
0.124832655579878826 0.030563277993059735 81.000000000000000000
0.124794272207437856 0.033162596855813568 82.000000000000000000
0.124747037162811117 0.036242472058628863 82.000000000000000000
0.124688889037664008 0.039797340096343149 82.000000000000000000
0.124617300531136704 0.043837522902322096 82.000000000000000000
0.124529173430963938 0.048385736609280618 82.000000000000000000
0.124420712153490792 0.053474366411791208 82.000000000000000000
0.124287272088591444 0.059143450387751269 82.000000000000000000
0.124123178814059570 0.065439147485129079 83.000000000000000000
0.123921514352676884 0.072412430644841416 83.000000000000000000
0.123673867263039486 0.080117748415594867 83.000000000000000000
0.123370044818935265 0.088611392963265034 83.000000000000000000
0.122997748341899193 0.097949279375705620 83.000000000000000000
0.122542217627250788 0.108183769149438100 83.000000000000000000
0.121985858341891712 0.119359048243329019 83.000000000000000000
0.121307878581241216 0.131504381962150974 83.000000000000000000
0.120483979036928771 0.144624296020520959 84.000000000000000000
0.119486167092862444 0.158684356745758953 84.000000000000000000
0.118282799770935795 0.173590740623800810 84.000000000000000000
0.116839003184137424 0.189161246500086033 84.000000000000000000
0.115117662400646859 0.205085007599325825 84.000000000000000000
0.113081213090682323 0.220868413692181076 84.000000000000000000
0.110694470336684989 0.235766758248707492 84.000000000000000000
0.107928659667752780 0.248706899764481099 85.000000000000000000
0.104766616321097947 0.258218720828878590 85.000000000000000000
0.101208742067168497 0.262415066965896782 85.000000000000000000
0.097278757740420163 0.259089842405318072 85.000000000000000000
0.093027690383177014 0.246030834683369365 85.000000000000000000
0.088534193005772768 0.221646974288279092 85.000000000000000000
0.083899648606029900 0.185995870873838759 85.000000000000000000
0.079237870158665721 0.142464171588768507 85.000000000000000000
0.074661340893900280 0.101570135354941582 86.000000000000000000
0.070267809774294823 0.087562044418092691 86.000000000000000000
0.066131272805282859 0.112795946531473651 86.000000000000000000
0.062299384190809833 0.151859783682799482 86.000000000000000000
0.058796332546229235 0.186714537836881245 86.000000000000000000
0.055628293774563381 0.211706435498628193 86.000000000000000000
0.052788792377112370 0.226501783176018656 86.000000000000000000
0.050262816210611468 0.233094669725893378 87.000000000000000000
0.048029785852170374 0.234157438321905415 87.000000000000000000
0.046065808458616436 0.232019928810777293 87.000000000000000000
0.044345437674958556 0.228209359370446230 87.000000000000000000
0.042842985440450496 0.223446961444660863 87.000000000000000000
0.041533438612818802 0.217903924989755665 87.000000000000000000
0.040393082764504942 0.211514036760888147 87.000000000000000000
0.039399925667846891 0.204210013087324393 88.000000000000000000
0.038533966987746943 0.196038635556429613 88.000000000000000000
0.037777330788349564 0.187173472761591242 88.000000000000000000
0.037114276217602903 0.177870042567871339 88.000000000000000000
0.036531112044501560 0.168405537969294111 88.000000000000000000
0.036016046592242258 0.159029538998530118 88.000000000000000000
0.035559002383058022 0.149935836005339385 88.000000000000000000
0.035151418050534664 0.141254399604682501 88.000000000000000000
0.034786052764153308 0.133057401076670356 89.000000000000000000
0.034456802454773110 0.125372371953280132 89.000000000000000000
0.034158532830563554 0.118197019909278389 89.000000000000000000
0.033886931236757352 0.111512310065190218 89.000000000000000000
0.033638377496360589 0.105292287307543239 89.000000000000000000
0.033409832708274002 0.099510417017123959 89.000000000000000000
0.033198744367527996 0.094142947799977297 89.000000000000000000
0.033002965936288195 0.089170084309728989 90.000000000000000000
0.032820688991836010 0.084575764679292453 90.000000000000000000
0.032650386202346469 0.080346703080177495 90.000000000000000000
0.032490763561567271 0.076471177933499390 90.000000000000000000
0.032340720506835979 0.072937874464730046 90.000000000000000000
0.032199316728896601 0.069734951032189380 90.000000000000000000
0.032065744646982065 0.066849397860748436 90.000000000000000000
0.031939306666088609 0.064266690804163959 91.000000000000000000
0.031819396456447262 0.061970704246164639 91.000000000000000000
0.031705483600681782 0.059943828628451476 91.000000000000000000
0.031597101045201005 0.058167232895334209 91.000000000000000000
0.031493834871885736 0.056621215377538003 91.000000000000000000
0.031395315976355351 0.055285594625432623 91.000000000000000000
0.031301213301601453 0.054140101806449084 92.000000000000000000
0.031211228331514226 0.053164746677688002 92.000000000000000000
0.031125090598324578 0.052340138670845436 92.000000000000000000
0.031042554001524579 0.051647752664864502 92.000000000000000000
0.030963393773612367 0.051070135371201246 92.000000000000000000
0.030887403960273556 0.050591052989773948 92.000000000000000000
0.030814395309688651 0.050195584120751653 92.000000000000000000
0.030744193487977876 0.049870164084297425 92.000000000000000000
0.030676637555876733 0.049602588032681826 93.000000000000000000
0.030611578656146290 0.049381980726574876 93.000000000000000000
0.030548878872531271 0.049198740750533640 93.000000000000000000
0.030488410229844120 0.049044466406963701 93.000000000000000000
0.030430053811467642 0.048911869690184115 93.000000000000000000
0.030373698975679708 0.048794683731745218 93.000000000000000000
0.030319242656068727 0.048687568039777446 93.000000000000000000
0.030266588734236020 0.048586014822503173 94.000000000000000000
0.030215647475200478 0.048486258756330052 94.000000000000000000
0.030166335017617698 0.048385191771640079 94.000000000000000000
0.030118572912236515 0.048280283799108432 94.000000000000000000
0.030072287703041583 0.048169509941085369 94.000000000000000000
0.030027410546345248 0.048051284188434108 94.000000000000000000
0.029983876863750671 0.047924399568823009 94.000000000000000000
0.029941626025446196 0.047787974462074993 94.000000000000000000
0.029900601060739929 0.047641404728450520 94.000000000000000000
0.029860748393118967 0.047484321247400520 95.000000000000000000
0.029822017597438681 0.047316552443078766 95.000000000000000000
0.029784361177120373 0.047138091368856994 95.000000000000000000
0.029747734359473210 0.046949066929931081 95.000000000000000000
0.029712094907460455 0.046749718837143808 95.000000000000000000
0.029677402946409349 0.046540375904241107 95.000000000000000000
0.029643620804320800 0.046321437323576332 95.000000000000000000
0.029610712864571915 0.046093356580854145 95.000000000000000000
0.029578645429926786 0.045856627696930663 95.000000000000000000
0.029547386596877362 0.045611773513009872 95.000000000000000000
0.029516906139431781 0.045359335763946448 96.000000000000000000
0.029487175401552532 0.045099866711846313 96.000000000000000000
0.029458167197521395 0.044833922138157886 96.000000000000000000
0.029429855719576223 0.044562055516365752 96.000000000000000000
0.029402216452224506 0.044284813209052087 96.000000000000000000
0.029375226092692729 0.044002730552328721 96.000000000000000000
0.029348862477019462 0.043716328707563583 96.000000000000000000
0.029323104511343252 0.043426112175111976 96.000000000000000000
0.029297932107976418 0.043132566877670378 96.000000000000000000
0.029273326125890814 0.042836158732112432 96.000000000000000000
0.029249268315274558 0.042537332638549384 97.000000000000000000
0.029225741265847070 0.042236511824049000 97.000000000000000000
0.029202728358646752 0.041934097486128953 97.000000000000000000
0.029180213721029385 0.041630468687980579 97.000000000000000000
0.029158182184637081 0.041325982463443933 97.000000000000000000
0.029136619246117542 0.041020974095148467 97.000000000000000000
0.029115511030391478 0.040715757534033455 97.000000000000000000
0.029094844256281911 0.040410625932692748 97.000000000000000000
0.029074606204334982 0.040105852268755418 97.000000000000000000
0.029054784686674807 0.039801690037782993 97.000000000000000000
0.029035368018747523 0.039498373998106948 97.000000000000000000
0.029016344992821349 0.039196120952544017 98.000000000000000000
0.028997704853119644 0.038895130554177468 98.000000000000000000
0.028979437272473402 0.038595586125353964 98.000000000000000000
0.028961532330388846 0.038297655480741342 98.000000000000000000
0.028943980492432901 0.038001491746825510 98.000000000000000000
0.028926772590847576 0.037707234171503276 98.000000000000000000
0.028909899806310469 0.037415008918592355 98.000000000000000000
0.028893353650764689 0.037124929843086914 98.000000000000000000
0.028877125951247765 0.036837099243818380 98.000000000000000000
0.028861208834653408 0.036551608590972715 98.000000000000000000
0.028845594713365716 0.036268539226528347 99.000000000000000000
0.028830276271709043 0.035987963036239343 99.000000000000000000
0.028815246453161306 0.035709943092274328 99.000000000000000000
0.028800498448282006 0.035434534265998095 99.000000000000000000
0.028786025683309874 0.035161783810735293 99.000000000000000000
0.028771821809387699 0.034891731914627029 99.000000000000000000
0.028757880692375712 0.034624412223931207 99.000000000000000000
0.028744196403216751 0.034359852337303952 99.000000000000000000
0.028730763208819524 0.034098074271745896 99.000000000000000000
0.028717575563428136 0.033839094901037189 99.000000000000000000
0.028704628100448590 0.033582926367564492 100.000000000000000000
0.028691915624704703 0.033329576468515767 100.000000000000000000
0.028679433105097914 0.033079049017481973 100.000000000000000000
0.028667175667646625 0.032831344182525646 100.000000000000000000
0.028655138588883276 0.032586458801797474 100.000000000000000000
0.028643317289587814 0.032344386677798757 100.000000000000000000
0.028631707328838140 0.032105118851371635 100.000000000000000000
0.028620304398359133 0.031868643856493378 100.000000000000000000
0.028609104317153425 0.031634947956931045 100.000000000000000000
0.028598103026397401 0.031404015365787803 100.000000000000000000
0.028587296584587894 0.031175828448945956 101.000000000000000000
0.028576681162925107 0.030950367913366285 101.000000000000000000
0.028566253040918806 0.030727612981190186 101.000000000000000000
0.028556008602205311 0.030507541550529656 101.000000000000000000
0.028545944330563594 0.030290130343810038 101.000000000000000000
0.028536056806119672 0.030075355044480074 101.000000000000000000
0.028526342701729053 0.029863190422867968 101.000000000000000000
0.028516798779527557 0.029653610451927003 101.000000000000000000
0.028507421887641309 0.029446588413558700 101.000000000000000000
0.028498208957047893 0.029242096996195011 101.000000000000000000
0.028489156998579963 0.029040108384240183 102.000000000000000000
0.028480263100064462 0.028840594339979483 102.000000000000000000
0.028471524423589727 0.028643526278492686 102.000000000000000000
0.028462938202894486 0.028448875336099286 102.000000000000000000
0.028454501740871690 0.028256612432818008 102.000000000000000000
0.028446212407182019 0.028066708329292013 102.000000000000000000
0.028438067635970947 0.027879133678607629 102.000000000000000000
0.028430064923684179 0.027693859073401002 102.000000000000000000
0.028422201826976756 0.027510855088621708 102.000000000000000000
0.028414475960710880 0.027330092320293656 102.000000000000000000
0.028406884996038145 0.027151541420600955 103.000000000000000000
0.028399426658561891 0.026975173129582607 103.000000000000000000
0.028392098726575919 0.026800958303721575 103.000000000000000000
0.028384899029375604 0.026628867941677150 103.000000000000000000
0.028377825445638261 0.026458873207398002 103.000000000000000000
0.028370875901868774 0.026290945450835667 103.000000000000000000
0.028364048370908137 0.026125056226455678 103.000000000000000000
0.028357340870501273 0.025961177309736013 103.000000000000000000
0.028350751461921779 0.025799280711824996 103.000000000000000000
0.028344278248650451 0.025639338692510134 103.000000000000000000
0.028337919375105554 0.025481323771652711 104.000000000000000000
0.028331673025422145 0.025325208739217529 104.000000000000000000
0.028325537422278273 0.025170966664015956 104.000000000000000000
0.028319510825765750 0.025018570901286508 104.000000000000000000
0.028313591532303804 0.024867995099204798 104.000000000000000000
0.028307777873593228 0.024719213204427590 104.000000000000000000
0.028302068215609707 0.024572199466751675 104.000000000000000000
0.028296460957634072 0.024426928442972173 104.000000000000000000
0.028290954531317997 0.024283375000008753 104.000000000000000000
0.028285547399784131 0.024141514317371417 104.000000000000000000
0.028280238056757938 0.024001321889024610 105.000000000000000000
0.028275025025731253 0.023862773524701932 105.000000000000000000
0.028269906859155168 0.023725845350733039 105.000000000000000000
0.028264882137661373 0.023590513810417092 105.000000000000000000
0.028259949469310784 0.023456755663991566 105.000000000000000000
0.028255107488868218 0.023324547988239675 105.000000000000000000
0.028250354857101919 0.023193868175756759 105.000000000000000000
0.028245690260107172 0.023064693933928446 105.000000000000000000
0.028241112408652579 0.022937003283629909 105.000000000000000000
0.028236620037548552 0.022810774557691947 105.000000000000000000
0.028232211905036740 0.022685986399135064 106.000000000000000000
0.028227886792199605 0.022562617759222952 106.000000000000000000
0.028223643502389609 0.022440647895326266 106.000000000000000000
0.028219480860676705 0.022320056368637098 106.000000000000000000
0.028215397713313939 0.022200823041737868 106.000000000000000000
0.028211392927220129 0.022082928076046865 106.000000000000000000
0.028207465389478978 0.021966351929151560 106.000000000000000000
0.028203614006854043 0.021851075352039232 106.000000000000000000
0.028199837705319024 0.021737079386243953 106.000000000000000000
0.028196135429602438 0.021624345360914236 106.000000000000000000
0.028192506142746650 0.021512854889812513 107.000000000000000000
0.028188948825680307 0.021402589868256956 107.000000000000000000
0.028185462476803719 0.021293532470007957 107.000000000000000000
0.028182046111586905 0.021185665144114824 107.000000000000000000
0.028178698762179551 0.021078970611726804 107.000000000000000000
0.028175419477032827 0.020973431862863535 107.000000000000000000
0.028172207320532112 0.020869032153169036 107.000000000000000000
0.028169061372640709 0.020765755000642455 107.000000000000000000
0.028165980728553839 0.020663584182347081 107.000000000000000000
0.028162964498362628 0.020562503731116104 107.000000000000000000
0.028160011806727853 0.020462497932243570 108.000000000000000000
0.028157121792562977 0.020363551320173208 108.000000000000000000
0.028154293608726046 0.020265648675185592 108.000000000000000000
0.028151526421720391 0.020168775020087858 108.000000000000000000
0.028148819411403580 0.020072915616906346 108.000000000000000000
0.028146171770704605 0.019978055963587385 108.000000000000000000
0.028143582705348558 0.019884181790707812 108.000000000000000000
0.028141051433589352 0.019791279058194170 108.000000000000000000
0.028138577185949108 0.019699333952061211 108.000000000000000000
0.028136159204964963 0.019608332881158437 108.000000000000000000
0.028133796744942662 0.019518262473937786 109.000000000000000000
0.028131489071716451 0.019429109575242007 109.000000000000000000
0.028129235462415657 0.019340861243108170 109.000000000000000000
0.028127035205237072 0.019253504745595906 109.000000000000000000
0.028124887599223616 0.019167027557636340 109.000000000000000000
0.028122791954048470 0.019081417357906760 109.000000000000000000
0.028120747589804890 0.018996662025728167 109.000000000000000000
0.028118753836801447 0.018912749637989796 109.000000000000000000
0.028116810035362327 0.018829668466101571 109.000000000000000000
0.028114915535632862 0.018747406972967961 109.000000000000000000
0.028113069697389824 0.018665953809999958 109.000000000000000000
0.028111271889856453 0.018585297814145484 110.000000000000000000
0.028109521491522235 0.018505428004958961 110.000000000000000000
0.028107817889966892 0.018426333581693568 110.000000000000000000
0.028106160481688815 0.018348003920426108 110.000000000000000000
0.028104548671937742 0.018270428571216996 110.000000000000000000
0.028102981874551274 0.018193597255296526 110.000000000000000000
0.028101459511795625 0.018117499862284059 110.000000000000000000
0.028099981014209817 0.018042126447442523 110.000000000000000000
0.028098545820453999 0.017967467228962010 110.000000000000000000
0.028097153377160958 0.017893512585277545 110.000000000000000000
0.028095803138791359 0.017820253052418904 111.000000000000000000
0.028094494567492384 0.017747679321397085 111.000000000000000000
0.028093227132959437 0.017675782235617592 111.000000000000000000
0.028092000312301246 0.017604552788333384 111.000000000000000000
0.028090813589908063 0.017533982120127276 111.000000000000000000
0.028089666457322703 0.017464061516431210 111.000000000000000000
0.028088558413114719 0.017394782405075280 111.000000000000000000
0.028087488962757264 0.017326136353873263 111.000000000000000000
0.028086457618506814 0.017258115068240053 111.000000000000000000
0.028085463899285488 0.017190710388845371 111.000000000000000000
0.028084507330566128 0.017123914289295692 112.000000000000000000
0.028083587444259730 0.017057718873854908 112.000000000000000000
0.028082703778605507 0.016992116375195307 112.000000000000000000
0.028081855878063257 0.016927099152183642 112.000000000000000000
0.028081043293208156 0.016862659687696627 112.000000000000000000
0.028080265580627709 0.016798790586472673 112.000000000000000000
0.028079522302821062 0.016735484572995347 112.000000000000000000
0.028078813028100308 0.016672734489408435 112.000000000000000000
0.028078137330494073 0.016610533293464260 112.000000000000000000
0.028077494789652963 0.016548874056502620 112.000000000000000000
0.028076884990757153 0.016487749961464192 113.000000000000000000
0.028076307524425866 0.016427154300931654 113.000000000000000000
0.028075761986628592 0.016367080475206002 113.000000000000000000
0.028075247978598464 0.016307521990409534 113.000000000000000000
0.028074765106747133 0.016248472456623860 113.000000000000000000
0.028074312982581492 0.016189925586055986 113.000000000000000000
0.028073891222622164 0.016131875191234036 113.000000000000000000
0.028073499448323564 0.016074315183235353 113.000000000000000000
0.028073137285995621 0.016017239569940233 113.000000000000000000
0.028072804366727037 0.015960642454319846 113.000000000000000000
0.028072500326310104 0.015904518032747613 114.000000000000000000
0.028072224805167145 0.015848860593343391 114.000000000000000000
0.028071977448278135 0.015793664514343084 114.000000000000000000
0.028071757905109983 0.015738924262499131 114.000000000000000000
0.028071565829547212 0.015684634391505092 114.000000000000000000
0.028071400879823814 0.015630789540450170 114.000000000000000000
0.028071262718456537 0.015577384432297144 114.000000000000000000
0.028071151012179614 0.015524413872392583 114.000000000000000000
0.028071065431880399 0.015471872746997793 114.000000000000000000
0.028071005652536663 0.015419756021847485 114.000000000000000000
0.028070971353154669 0.015368058740733850 115.000000000000000000
0.028070962216708763 0.015316776024116489 115.000000000000000000
0.028070977930081949 0.015265903067757726 115.000000000000000000
0.028071018184007594 0.015215435141375928 115.000000000000000000
0.028071082673012251 0.015165367587333731 115.000000000000000000
0.028071171095359532 0.015115695819342394 115.000000000000000000
0.028071283152995105 0.015066415321188494 115.000000000000000000
0.028071418551492550 0.015017521645489192 115.000000000000000000
0.028071577000000375 0.014969010412468077 115.000000000000000000
0.028071758211189925 0.014920877308749322 115.000000000000000000
0.028071961901204250 0.014873118086178506 116.000000000000000000
0.028072187789607926 0.014825728560663592 116.000000000000000000
0.028072435599337739 0.014778704611036688 116.000000000000000000
0.028072705056654337 0.014732042177936935 116.000000000000000000
0.028072995891094681 0.014685737262714606 116.000000000000000000
0.028073307835425339 0.014639785926355118 116.000000000000000000
0.028073640625596755 0.014594184288419951 116.000000000000000000
0.028073994000698061 0.014548928526013229 116.000000000000000000
0.028074367702913012 0.014504014872762904 116.000000000000000000
0.028074761477476361 0.014459439617820488 116.000000000000000000
0.028075175072631343 0.014415199104883633 117.000000000000000000
0.028075608239587602 0.014371289731233187 117.000000000000000000
0.028076060732479972 0.014327707946788735 117.000000000000000000
0.028076532308328146 0.014284450253182621 117.000000000000000000
0.028077022726996585 0.014241513202852616 117.000000000000000000
0.028077531751155647 0.014198893398147477 117.000000000000000000
0.028078059146243017 0.014156587490454250 117.000000000000000000
0.028078604680425927 0.014114592179337885 117.000000000000000000
0.028079168124563968 0.014072904211698926 117.000000000000000000
0.028079749252172648 0.014031520380949788 117.000000000000000000
0.028080347839387409 0.013990437526199190 118.000000000000000000
0.028080963664928283 0.013949652531458460 118.000000000000000000
0.028081596510065265 0.013909162324860988 118.000000000000000000
0.028082246158584141 0.013868963877896710 118.000000000000000000
0.028082912396752806 0.013829054204658587 118.000000000000000000
0.028083595013288394 0.013789430361108348 118.000000000000000000
0.028084293799324679 0.013750089444348534 118.000000000000000000
0.028085008548380225 0.013711028591917208 118.000000000000000000
0.028085739056326768 0.013672244981089762 118.000000000000000000
0.028086485121358595 0.013633735828195081 118.000000000000000000
0.028087246543961875 0.013595498387945777 119.000000000000000000
0.028088023126884801 0.013557529952782808 119.000000000000000000
0.028088814675108209 0.013519827852226907 119.000000000000000000
0.028089620995816564 0.013482389452249558 119.000000000000000000
0.028090441898369345 0.013445212154647213 119.000000000000000000
0.028091277194273220 0.013408293396436418 119.000000000000000000
0.028092126697154180 0.013371630649256762 119.000000000000000000
0.028092990222730541 0.013335221418780694 119.000000000000000000
0.028093867588786074 0.013299063244140326 119.000000000000000000
0.028094758615143753 0.013263153697365186 119.000000000000000000
0.028095663123639817 0.013227490382825429 120.000000000000000000
0.028096580938098185 0.013192070936691377 120.000000000000000000
0.028097511884305412 0.013156893026398164 120.000000000000000000
0.028098455789985939 0.013121954350124749 120.000000000000000000
0.028099412484777684 0.013087252636281623 120.000000000000000000
0.028100381800208168 0.013052785643005802 120.000000000000000000
0.028101363569670738 0.013018551157667767 120.000000000000000000
0.028102357628401482 0.012984546996386863 120.000000000000000000
0.028103363813456177 0.012950771003559174 120.000000000000000000
0.028104381963687877 0.012917221051385179 120.000000000000000000
0.028105411919724564 0.012883895039418178 121.000000000000000000
0.028106453523947351 0.012850790894111883 121.000000000000000000
0.028107506620468875 0.012817906568380744 121.000000000000000000
0.028108571055112101 0.012785240041168683 121.000000000000000000
0.028109646675389344 0.012752789317024530 121.000000000000000000
0.028110733330481787 0.012720552425684303 121.000000000000000000
0.028111830871218962 0.012688527421666597 121.000000000000000000
0.028112939150058962 0.012656712383867872 121.000000000000000000
0.028114058021068627 0.012625105415172540 121.000000000000000000
0.028115187339904073 0.012593704642064529 121.000000000000000000
0.028116326963791655 0.012562508214250777 122.000000000000000000
0.028117476751509021 0.012531514304288895 122.000000000000000000
0.028118636563366540 0.012500721107221545 122.000000000000000000
0.028119806261189026 0.012470126840219741 122.000000000000000000
0.028120985708297609 0.012439729742233207 122.000000000000000000
0.028122174769491960 0.012409528073640942 122.000000000000000000
0.028123373311032769 0.012379520115916831 122.000000000000000000
0.028124581200624419 0.012349704171298839 122.000000000000000000
0.028125798307397924 0.012320078562459010 122.000000000000000000
0.028127024501894173 0.012290641632185328 122.000000000000000000
0.028128259656047289 0.012261391743069646 123.000000000000000000
0.028129503643168286 0.012232327277195958 123.000000000000000000
0.028130756337929108 0.012203446635840557 123.000000000000000000
0.028132017616346504 0.012174748239174993 123.000000000000000000
0.028133287355766538 0.012146230525974114 123.000000000000000000
0.028134565434849077 0.012117891953326850 123.000000000000000000
0.028135851733552635 0.012089730996362911 123.000000000000000000
0.028137146133119156 0.012061746147967789 123.000000000000000000
0.028138448516059442 0.012033935918517459 123.000000000000000000
0.028139758766138345 0.012006298835613573 123.000000000000000000
0.028141076768360512 0.011978833443817739 124.000000000000000000
0.028142402408956008 0.011951538304398905 124.000000000000000000
0.028143735575366424 0.011924411995080826 124.000000000000000000
0.028145076156230985 0.011897453109794216 124.000000000000000000
0.028146424041372901 0.011870660258434395 124.000000000000000000
0.028147779121785909 0.011844032066624365 124.000000000000000000
0.028149141289621024 0.011817567175478367 124.000000000000000000
0.028150510438173432 0.011791264241374022 124.000000000000000000
0.028151886461869433 0.011765121935726581 124.000000000000000000
0.028153269256253936 0.011739138944766053 124.000000000000000000
0.028154658717977586 0.011713313969320786 125.000000000000000000
0.028156054744784626 0.011687645724602446 125.000000000000000000
0.028157457235500376 0.011662132939998501 125.000000000000000000
0.028158866090019358 0.011636774358861913 125.000000000000000000
0.028160281209293231 0.011611568738312187 125.000000000000000000
0.028161702495318994 0.011586514849034280 125.000000000000000000
0.028163129851127521 0.011561611475085148 125.000000000000000000
0.028164563180771891 0.011536857413698257 125.000000000000000000
0.028166002389316214 0.011512251475098909 125.000000000000000000
0.028167447382824347 0.011487792482315401 125.000000000000000000
0.028168898068348928 0.011463479270999211 126.000000000000000000
0.028170354353920471 0.011439310689245599 126.000000000000000000
0.028171816148536609 0.011415285597414417 126.000000000000000000
0.028173283362151424 0.011391402867963833 126.000000000000000000
0.028174755905665077 0.011367661385275224 126.000000000000000000
0.028176233690913408 0.011344060045488538 126.000000000000000000
0.028177716630657709 0.011320597756336584 126.000000000000000000
0.028179204638574644 0.011297273436986284 126.000000000000000000
0.028180697629246347 0.011274086017878845 126.000000000000000000
0.028182195518150543 0.011251034440574756 126.000000000000000000
0.028183698221650785 0.011228117657598329 127.000000000000000000
0.028185205656987036 0.011205334632292636 127.000000000000000000
0.028186717742266026 0.011182684338664664 127.000000000000000000
0.028188234396452044 0.011160165761247799 127.000000000000000000
0.028189755539357590 0.011137777894951134 127.000000000000000000
0.028191281091634369 0.011115519744924311 127.000000000000000000
0.028192810974764202 0.011093390326418835 127.000000000000000000
0.028194345111050199 0.011071388664650147 127.000000000000000000
0.028195883423607945 0.011049513794665827 127.000000000000000000
0.028197425836356829 0.011027764761214108 127.000000000000000000
0.028198972274011466 0.011006140618614491 128.000000000000000000
0.028200522662073298 0.010984640430631069 128.000000000000000000
0.028202076926822146 0.010963263270347887 128.000000000000000000
0.028203634995308001 0.010942008220045896 128.000000000000000000
0.028205196795342901 0.010920874371082474 128.000000000000000000
0.028206762255492780 0.010899860823772764 128.000000000000000000
0.028208331305069667 0.010878966687271355 128.000000000000000000
0.028209903874123581 0.010858191079461281 128.000000000000000000
0.028211479893435011 0.010837533126838005 128.000000000000000000
0.028213059294507112 0.010816991964398434 129.000000000000000000
0.028214642009558102 0.010796566735531856 129.000000000000000000
0.028216227971513880 0.010776256591913799 129.000000000000000000
0.028217817114000485 0.010756060693399285 129.000000000000000000
0.028219409371336872 0.010735978207917692 129.000000000000000000
0.028221004678527679 0.010716008311371115 129.000000000000000000
0.028222602971256051 0.010696150187535006 129.000000000000000000
0.028224204185876609 0.010676403027957148 129.000000000000000000
0.028225808259408451 0.010656766031859945 129.000000000000000000
0.028227415129528272 0.010637238406047102 129.000000000000000000
0.028229024734563589 0.010617819364806163 130.000000000000000000
0.028230637013485903 0.010598508129815344 130.000000000000000000
0.028232251905904164 0.010579303930055980 130.000000000000000000
0.028233869352058155 0.010560206001717259 130.000000000000000000
0.028235489292811965 0.010541213588110493 130.000000000000000000
0.028237111669647590 0.010522325939581887 130.000000000000000000
0.028238736424658600 0.010503542313427188 130.000000000000000000
0.028240363500543774 0.010484861973803284 130.000000000000000000
0.028241992840601096 0.010466284191649309 130.000000000000000000
0.028243624388721401 0.010447808244601982 131.000000000000000000
0.028245258089382393 0.010429433416917329 131.000000000000000000
0.028246893887642725 0.010411158999388844 131.000000000000000000
0.028248531729136009 0.010392984289268509 131.000000000000000000
0.028250171560064954 0.010374908590193316 131.000000000000000000
0.028251813327195615 0.010356931212107071 131.000000000000000000
0.028253456977851629 0.010339051471185178 131.000000000000000000
0.028255102459908601 0.010321268689762539 131.000000000000000000
0.028256749721788491 0.010303582196259395 131.000000000000000000
0.028258398712454069 0.010285991325112149 132.000000000000000000
0.028260049381403449 0.010268495416698997 132.000000000000000000
0.028261701678664750 0.010251093817276751 132.000000000000000000
0.028263355554790620 0.010233785878906634 132.000000000000000000
0.028265010960853123 0.010216570959389579 132.000000000000000000
0.028266667848438308 0.010199448422202309 132.000000000000000000
0.028268326169641231 0.010182417636426744 132.000000000000000000
0.028269985877060741 0.010165477976690722 132.000000000000000000
0.028271646923794441 0.010148628823101561 132.000000000000000000
0.028273309263433719 0.010131869561186349 132.000000000000000000
0.028274972850058776 0.010115199581825678 133.000000000000000000
0.028276637638233772 0.010098618281199049 133.000000000000000000
0.028278303583001936 0.010082125060719600 133.000000000000000000
0.028279970639880865 0.010065719326980431 133.000000000000000000
0.028281638764857731 0.010049400491691902 133.000000000000000000
0.028283307914384642 0.010033167971627045 133.000000000000000000
0.028284978045374033 0.010017021188565503 133.000000000000000000
0.028286649115194022 0.010000959569235447 133.000000000000000000
0.028288321081663965 0.009984982545261041 133.000000000000000000
0.028289993903049950 0.009969089553108719 134.000000000000000000
0.028291667538060374 0.009953280034031817 134.000000000000000000
0.028293341945841571 0.009937553434019824 134.000000000000000000
0.028295017085973477 0.009921909203745657 134.000000000000000000
0.028296692918465309 0.009906346798516314 134.000000000000000000
0.028298369403751467 0.009890865678219325 134.000000000000000000
0.028300046502687151 0.009875465307277381 134.000000000000000000
0.028301724176544411 0.009860145154594508 134.000000000000000000
0.028303402387007816 0.009844904693512844 134.000000000000000000
0.028305081096170651 0.009829743401762566 135.000000000000000000
0.028306760266530732 0.009814660761412521 135.000000000000000000
0.028308439860986495 0.009799656258828967 135.000000000000000000
0.028310119842833079 0.009784729384626470 135.000000000000000000
0.028311800175758385 0.009769879633624367 135.000000000000000000
0.028313480823839311 0.009755106504801136 135.000000000000000000
0.028315161751537886 0.009740409501252038 135.000000000000000000
0.028316842923697544 0.009725788130144040 135.000000000000000000
0.028318524305539404 0.009711241902675579 135.000000000000000000
0.028320205862658491 0.009696770334031452 135.000000000000000000
0.028321887561020297 0.009682372943345329 136.000000000000000000
0.028323569366956937 0.009668049253653452 136.000000000000000000
0.028325251247163737 0.009653798791859335 136.000000000000000000
0.028326933168695688 0.009639621088692001 136.000000000000000000
0.028328615098963880 0.009625515678664388 136.000000000000000000
0.028330297005732086 0.009611482100038010 136.000000000000000000
0.028331978857113402 0.009597519894782445 136.000000000000000000
0.028333660621566739 0.009583628608539419 136.000000000000000000
0.028335342267893596 0.009569807790581766 136.000000000000000000
0.028337023765234639 0.009556056993781308 137.000000000000000000
0.028338705083066511 0.009542375774569550 137.000000000000000000
0.028340386191198524 0.009528763692901631 137.000000000000000000
0.028342067059769452 0.009515220312222270 137.000000000000000000
0.028343747659244415 0.009501745199429793 137.000000000000000000
0.028345427960411639 0.009488337924842829 137.000000000000000000
0.028347107934379466 0.009474998062164399 137.000000000000000000
0.028348787552573078 0.009461725188448929 137.000000000000000000
0.028350466786731695 0.009448518884070153 137.000000000000000000
0.028352145608905310 0.009435378732686656 137.000000000000000000
0.028353823991451893 0.009422304321210842 138.000000000000000000
0.028355501907034328 0.009409295239776971 138.000000000000000000
0.028357179328617539 0.009396351081705457 138.000000000000000000
0.028358856229465552 0.009383471443477932 138.000000000000000000
0.028360532583138667 0.009370655924702742 138.000000000000000000
0.028362208363490574 0.009357904128085797 138.000000000000000000
0.028363883544665583 0.009345215659398666 138.000000000000000000
0.028365558101095860 0.009332590127451988 138.000000000000000000
0.028367232007498640 0.009320027144063584 138.000000000000000000
0.028368905238873442 0.009307526324028946 139.000000000000000000
0.028370577770499516 0.009295087285095030 139.000000000000000000
0.028372249577933072 0.009282709647930775 139.000000000000000000
0.028373920637004644 0.009270393036099013 139.000000000000000000
0.028375590923816536 0.009258137076030248 139.000000000000000000
0.028377260414740129 0.009245941396990953 139.000000000000000000
0.028378929086413446 0.009233805631064303 139.000000000000000000
0.028380596915738500 0.009221729413115901 139.000000000000000000
0.028382263879878817 0.009209712380772615 139.000000000000000000
0.028383929956257006 0.009197754174392609 140.000000000000000000
0.028385595122552218 0.009185854437043900 140.000000000000000000
0.028387259356697753 0.009174012814476230 140.000000000000000000
0.028388922636878613 0.009162228955096208 140.000000000000000000
0.028390584941529171 0.009150502509943105 140.000000000000000000
0.028392246249330705 0.009138833132663237 140.000000000000000000
0.028393906539209222 0.009127220479489251 140.000000000000000000
0.028395565790332936 0.009115664209211784 140.000000000000000000
0.028397223982110135 0.009104163983157245 140.000000000000000000
0.028398881094186802 0.009092719465167419 140.000000000000000000
0.028400537106444468 0.009081330321570429 141.000000000000000000
0.028402191998997843 0.009069996221164013 141.000000000000000000
0.028403845752192770 0.009058716835189677 141.000000000000000000
0.028405498346603913 0.009047491837309678 141.000000000000000000
0.028407149763032664 0.009036320903587997 141.000000000000000000
0.028408799982504992 0.009025203712465292 141.000000000000000000
0.028410448986269238 0.009014139944740715 141.000000000000000000
0.028412096755794206 0.009003129283546516 141.000000000000000000
0.028413743272766849 0.008992171414331314 141.000000000000000000
0.028415388519090409 0.008981266024835082 142.000000000000000000
0.028417032476882254 0.008970412805072173 142.000000000000000000
0.028418675128471911 0.008959611447308459 142.000000000000000000
0.028420316456399031 0.008948861646043292 151.000000000000000000
0.028421956443411497 0.008938163097986283 153.000000000000000000
0.028423595072463340 0.008927515502041050 153.000000000000000000
0.028425232326712888 0.008916918559285177 153.000000000000000000
0.028426868189520789 0.008906371972948244 153.000000000000000000
0.028428502644448159 0.008895875448395244 153.000000000000000000
0.028430135675254639 0.008885428693108228 153.000000000000000000
0.028431767265896610 0.008875031416665419 153.000000000000000000
0.028433397400525244 0.008864683330724181 153.000000000000000000
0.028435026063484727 0.008854384149003927 154.000000000000000000
0.028436653239310439 0.008844133587263251 154.000000000000000000
0.028438278912727190 0.008833931363290231 154.000000000000000000
0.028439903068647368 0.008823777196875699 154.000000000000000000
0.028441525692169234 0.008813670809802911 154.000000000000000000
0.028443146768575157 0.008803611925826328 154.000000000000000000
0.028444766283329880 0.008793600270655923 154.000000000000000000
0.028446384222078853 0.008783635571940616 155.000000000000000000
0.028448000570646465 0.008773717559249985 155.000000000000000000
0.028449615315034441 0.008763845964059614 155.000000000000000000
0.028451228441420090 0.008754020519733908 155.000000000000000000
0.028452839936154724 0.008744240961508574 155.000000000000000000
0.028454449785762063 0.008734507026477252 155.000000000000000000
0.028456057976936518 0.008724818453573605 155.000000000000000000
0.028457664496541635 0.008715174983555328 155.000000000000000000
0.028459269331608524 0.008705576358992061 156.000000000000000000
0.028460872469334327 0.008696022324244991 156.000000000000000000
0.028462473897080551 0.008686512625455120 156.000000000000000000
0.028464073602371586 0.008677047010528183 156.000000000000000000
0.028465671572893300 0.008667625229116098 156.000000000000000000
0.028467267796491239 0.008658247032608021 156.000000000000000000
0.028468862261169438 0.008648912174111472 156.000000000000000000
0.028470454955088771 0.008639620408438905 156.000000000000000000
0.028472045866565463 0.008630371492093575 157.000000000000000000
0.028473634984069754 0.008621165183254740 157.000000000000000000
0.028475222296224362 0.008612001241766493 157.000000000000000000
0.028476807791803071 0.008602879429119815 157.000000000000000000
0.028478391459729351 0.008593799508441372 157.000000000000000000
0.028479973289074905 0.008584761244480450 157.000000000000000000
0.028481553269058359 0.008575764403592494 157.000000000000000000
0.028483131389043792 0.008566808753728630 157.000000000000000000
0.028484707638539438 0.008557894064421876 158.000000000000000000
0.028486282007196335 0.008549020106774073 158.000000000000000000
0.028487854484806910 0.008540186653442422 158.000000000000000000
0.028489425061303791 0.008531393478626748 158.000000000000000000
0.028490993726758389 0.008522640358057585 158.000000000000000000
0.028492560471379644 0.008513927068982604 158.000000000000000000
0.028494125285512671 0.008505253390155017 158.000000000000000000
0.028495688159637614 0.008496619101821191 158.000000000000000000
0.028497249084368258 0.008488023985708838 159.000000000000000000
0.028498808050450825 0.008479467825014289 159.000000000000000000
0.028500365048762747 0.008470950404390366 159.000000000000000000
0.028501920070311410 0.008462471509934665 159.000000000000000000
0.028503473106232961 0.008454030929178524 159.000000000000000000
0.028505024147791089 0.008445628451076994 159.000000000000000000
0.028506573186375811 0.008437263865991867 159.000000000000000000
0.028508120213502356 0.008428936965687054 159.000000000000000000
0.028509665220809905 0.008420647543314149 160.000000000000000000
0.028511208200060457 0.008412395393400317 160.000000000000000000
0.028512749143137714 0.008404180311838724 160.000000000000000000
0.028514288042045921 0.008396002095876829 160.000000000000000000
0.028515824888908720 0.008387860544106228 160.000000000000000000
0.028517359675968017 0.008379755456452113 160.000000000000000000
0.028518892395582925 0.008371686634163340 160.000000000000000000
0.028520423040228664 0.008363653879797947 160.000000000000000000
0.028521951602495349 0.008355656997218680 160.000000000000000000
0.028523478075087070 0.008347695791577708 161.000000000000000000
0.028525002450820791 0.008339770069309686 161.000000000000000000
0.028526524722625145 0.008331879638120529 161.000000000000000000
0.028528044883539595 0.008324024306976312 161.000000000000000000
0.028529562926713256 0.008316203886093569 161.000000000000000000
0.028531078845403936 0.008308418186932287 161.000000000000000000
0.028532592632977027 0.008300667022183435 161.000000000000000000
0.028534104282904555 0.008292950205759313 161.000000000000000000
0.028535613788764201 0.008285267552784930 162.000000000000000000
0.028537121144238259 0.008277618879587013 162.000000000000000000
0.028538626343112682 0.008270004003688427 162.000000000000000000
0.028540129379276070 0.008262422743794478 162.000000000000000000
0.028541630246718738 0.008254874919786289 162.000000000000000000
0.028543128939531752 0.008247360352711246 162.000000000000000000
0.028544625451905933 0.008239878864773410 162.000000000000000000
0.028546119778131023 0.008232430279323905 162.000000000000000000
0.028547611912594632 0.008225014420854970 163.000000000000000000
0.028549101849781398 0.008217631114987087 163.000000000000000000
0.028550589584272028 0.008210280188463596 163.000000000000000000
0.028552075110742418 0.008202961469141373 163.000000000000000000
0.028553558423962740 0.008195674785980761 163.000000000000000000
0.028555039518796541 0.008188419969039193 163.000000000000000000
0.028556518390199889 0.008181196849459909 163.000000000000000000
0.028557995033220471 0.008174005259467326 163.000000000000000000
0.028559469442996758 0.008166845032356800 164.000000000000000000
0.028560941614757092 0.008159716002485464 164.000000000000000000
0.028562411543818902 0.008152618005267943 164.000000000000000000
0.028563879225587799 0.008145550877161543 164.000000000000000000
0.028565344655556782 0.008138514455666176 164.000000000000000000
0.028566807829305423 0.008131508579311419 164.000000000000000000
0.028568268742498966 0.008124533087648985 164.000000000000000000
0.028569727390887596 0.008117587821248766 164.000000000000000000
0.028571183770305618 0.008110672621685678 164.000000000000000000
0.028572637876670637 0.008103787331536893 165.000000000000000000
0.028574089705982721 0.008096931794371489 165.000000000000000000
0.028575539254323767 0.008090105854744069 165.000000000000000000
0.028576986517856513 0.008083309358186982 165.000000000000000000
0.028578431492823988 0.008076542151203132 165.000000000000000000
0.028579874175548556 0.008069804081258699 165.000000000000000000
0.028581314562431275 0.008063094996776144 165.000000000000000000
0.028582752649951144 0.008056414747127759 165.000000000000000000
0.028584188434664259 0.008049763182626100 166.000000000000000000
0.028585621913203216 0.008043140154519698 166.000000000000000000
0.028587053082276249 0.008036545514983900 166.000000000000000000
0.028588481938666636 0.008029979117117822 166.000000000000000000
0.028589908479231898 0.008023440814930607 166.000000000000000000
0.028591332700903038 0.008016930463343501 166.000000000000000000
0.028592754600683990 0.008010447918174931 166.000000000000000000
0.028594174175650813 0.008003993036140392 166.000000000000000000
0.028595591422950969 0.007997565674840055 167.000000000000000000
0.028597006339802777 0.007991165692757606 167.000000000000000000
0.028598418923494566 0.007984792949249577 167.000000000000000000
0.028599829171384095 0.007978447304541862 167.000000000000000000
0.028601237080897908 0.007972128619720983 167.000000000000000000
0.028602642649530635 0.007965836756729029 167.000000000000000000
0.028604045874844265 0.007959571578358597 167.000000000000000000
0.028605446754467648 0.007953332948244381 167.000000000000000000
0.028606845286095736 0.007947120730858093 168.000000000000000000
0.028608241467488957 0.007940934791501934 168.000000000000000000
0.028609635296472660 0.007934774996303594 168.000000000000000000
0.028611026770936382 0.007928641212209021 168.000000000000000000
0.028612415888833259 0.007922533306976516 168.000000000000000000
0.028613802648179504 0.007916451149171342 168.000000000000000000
0.028615187047053649 0.007910394608161267 168.000000000000000000
0.028616569083596013 0.007904363554107525 168.000000000000000000
0.028617948756008142 0.007898357857961480 168.000000000000000000
0.028619326062552131 0.007892377391459428 169.000000000000000000
0.028620701001550071 0.007886422027115710 169.000000000000000000
0.028622073571383494 0.007880491638215671 169.000000000000000000
0.028623443770492744 0.007874586098812896 169.000000000000000000
0.028624811597376433 0.007868705283721541 169.000000000000000000
0.028626177050590895 0.007862849068514390 169.000000000000000000
0.028627540128749532 0.007857017329512300 169.000000000000000000
0.028628900830522330 0.007851209943781901 169.000000000000000000
0.028630259154635324 0.007845426789131880 170.000000000000000000
0.028631615099870007 0.007839667744103301 170.000000000000000000
0.028632968665062770 0.007833932687968963 170.000000000000000000
0.028634319849104396 0.007828221500723848 170.000000000000000000
0.028635668650939521 0.007822534063084174 170.000000000000000000
0.028637015069566077 0.007816870256477492 170.000000000000000000
0.028638359104034825 0.007811229963043364 170.000000000000000000
0.028639700753448755 0.007805613065623883 170.000000000000000000
0.028641040016962639 0.007800019447760632 171.000000000000000000
0.028642376893782483 0.007794448993689152 171.000000000000000000
0.028643711383165030 0.007788901588333691 171.000000000000000000
0.028645043484417231 0.007783377117303847 171.000000000000000000
0.028646373196895829 0.007777875466889302 171.000000000000000000
0.028647700520006744 0.007772396524053934 171.000000000000000000
0.028649025453204691 0.007766940176429401 171.000000000000000000
0.028650347995992601 0.007761506312316204 171.000000000000000000
0.028651668147921264 0.007756094820674378 172.000000000000000000
0.028652985908588689 0.007750705591119833 172.000000000000000000
0.028654301277639793 0.007745338513919293 172.000000000000000000
0.028655614254765809 0.007739993479988466 172.000000000000000000
0.028656924839703873 0.007734670380883599 172.000000000000000000
0.028658233032236656 0.007729369108799027 172.000000000000000000
0.028659538832191654 0.007724089556563862 172.000000000000000000
0.028660842239440994 0.007718831617636639 172.000000000000000000
0.028662143253900898 0.007713595186098846 172.000000000000000000
0.028663441875531187 0.007708380156655240 173.000000000000000000
0.028664738104334859 0.007703186424623615 173.000000000000000000
0.028666031940357710 0.007698013885935703 173.000000000000000000
0.028667323383687902 0.007692862437130280 173.000000000000000000
0.028668612434455402 0.007687731975350087 173.000000000000000000
0.028669899092831724 0.007682622398336998 173.000000000000000000
0.028671183359029413 0.007677533604429209 173.000000000000000000
0.028672465233301615 0.007672465492553547 173.000000000000000000
0.028673744715941772 0.007667417962227045 174.000000000000000000
0.028675021807283041 0.007662390913547349 174.000000000000000000
0.028676296507698054 0.007657384247193735 174.000000000000000000
0.028677568817598413 0.007652397864417620 174.000000000000000000
0.028678838737434292 0.007647431667043810 174.000000000000000000
0.028680106267694086 0.007642485557463480 174.000000000000000000
0.028681371408904036 0.007637559438632533 174.000000000000000000
0.028682634161627731 0.007632653214064678 174.000000000000000000
0.028683894526465872 0.007627766787831604 175.000000000000000000
0.028685152504055678 0.007622900064554463 175.000000000000000000
0.028686408095070788 0.007618052949404971 175.000000000000000000
0.028687661300220636 0.007613225348099453 175.000000000000000000
0.028688912120250210 0.007608417166893340 175.000000000000000000
0.028690160555939634 0.007603628312580205 175.000000000000000000
0.028691406608103806 0.007598858692488103 175.000000000000000000
0.028692650277592061 0.007594108214474024 175.000000000000000000
0.028693891565287788 0.007589376786921656 176.000000000000000000
0.028695130472108095 0.007584664318738250 176.000000000000000000
0.028696366999003353 0.007579970719349852 176.000000000000000000
0.028697601146957075 0.007575295898699407 176.000000000000000000
0.028698832916985266 0.007570639767240339 176.000000000000000000
0.028700062310136359 0.007566002235936815 176.000000000000000000
0.028701289327490661 0.007561383216258630 176.000000000000000000
0.028702513970160146 0.007556782620176879 176.000000000000000000
0.028703736239288052 0.007552200360162478 176.000000000000000000
0.028704956136048586 0.007547636349180812 177.000000000000000000
0.028706173661646597 0.007543090500690279 177.000000000000000000
0.028707388817317169 0.007538562728638219 177.000000000000000000
0.028708601604325402 0.007534052947458517 177.000000000000000000
0.028709812023966046 0.007529561072066600 177.000000000000000000
0.028711020077563144 0.007525087017857269 177.000000000000000000
0.028712225766469798 0.007520630700701651 177.000000000000000000
0.028713429092067783 0.007516192036943048 177.000000000000000000
0.028714630055767278 0.007511770943395979 178.000000000000000000
0.028715828659006539 0.007507367337341085 178.000000000000000000
0.028717024903251585 0.007502981136522642 178.000000000000000000
0.028718218789995920 0.007498612259146113 178.000000000000000000
0.028719410320760211 0.007494260623874279 178.000000000000000000
0.028720599497092044 0.007489926149823124 178.000000000000000000
0.028721786320565545 0.007485608756562630 178.000000000000000000
0.028722970792781119 0.007481308364109923 178.000000000000000000
0.028724152915365207 0.007477024892928084 179.000000000000000000
0.028725332689969962 0.007472758263922490 179.000000000000000000
0.028726510118272923 0.007468508398440260 179.000000000000000000
0.028727685201976785 0.007464275218263140 179.000000000000000000
0.028728857942809168 0.007460058645609635 179.000000000000000000
0.028730028342522196 0.007455858603126263 179.000000000000000000
0.028731196402892380 0.007451675013890403 179.000000000000000000
0.028732362125720206 0.007447507801404928 179.000000000000000000
0.028733525512829983 0.007443356889595100 180.000000000000000000
0.028734686566069478 0.007439222202806774 180.000000000000000000
0.028735845287309734 0.007435103665803473 180.000000000000000000
0.028737001678444753 0.007431001203762866 180.000000000000000000
0.028738155741391221 0.007426914742275432 180.000000000000000000
0.028739307478088318 0.007422844207340226 180.000000000000000000
0.028740456890497423 0.007418789525363605 180.000000000000000000
0.028741603980601823 0.007414750623157342 180.000000000000000000
0.028742748750406513 0.007410727427931952 180.000000000000000000
0.028743891201937936 0.007406719867299016 181.000000000000000000
0.028745031337243730 0.007402727869266510 181.000000000000000000
0.028746169158392468 0.007398751362235611 181.000000000000000000
0.028747304667473439 0.007394790274997715 181.000000000000000000
0.028748437866596359 0.007390844536736200 181.000000000000000000
0.028749568757891256 0.007386914077017986 181.000000000000000000
0.028750697343508040 0.007382998825795518 181.000000000000000000
0.028751823625616436 0.007379098713401181 181.000000000000000000
0.028752947606405673 0.007375213670546417 182.000000000000000000
0.028754069288084251 0.007371343628320786 182.000000000000000000
0.028755188672879774 0.007367488518187141 182.000000000000000000
0.028756305763038646 0.007363648271980115 182.000000000000000000
0.028757420560825864 0.007359822821903070 182.000000000000000000
0.028758533068524841 0.007356012100527611 182.000000000000000000
0.028759643288437095 0.007352216040789560 182.000000000000000000
0.028760751222882186 0.007348434575986546 182.000000000000000000
0.028761856874197304 0.007344667639777325 183.000000000000000000
0.028762960244737217 0.007340915166177683 183.000000000000000000
0.028764061336873956 0.007337177089559952 183.000000000000000000
0.028765160152996620 0.007333453344648516 183.000000000000000000
0.028766256695511243 0.007329743866519992 183.000000000000000000
0.028767350966840466 0.007326048590599864 183.000000000000000000
0.028768442969423432 0.007322367452659189 183.000000000000000000
0.028769532705715514 0.007318700388814201 183.000000000000000000
0.028770620178188155 0.007315047335523994 184.000000000000000000
0.028771705389328668 0.007311408229586554 184.000000000000000000
0.028772788341639984 0.007307783008139875 184.000000000000000000
0.028773869037640482 0.007304171608655932 184.000000000000000000
0.028774947479863859 0.007300573968942369 184.000000000000000000
0.028776023670858838 0.007296990027137479 184.000000000000000000
0.028777097613189050 0.007293419721708756 184.000000000000000000
0.028778169309432753 0.007289862991451997 184.000000000000000000
0.028779238762182767 0.007286319775489311 185.000000000000000000
0.028780305974046169 0.007282790013264825 185.000000000000000000
0.028781370947644200 0.007279273644545319 185.000000000000000000
0.028782433685611990 0.007275770609416985 185.000000000000000000
0.028783494190598467 0.007272280848283783 185.000000000000000000
0.028784552465266133 0.007268804301863585 185.000000000000000000
0.028785608512290881 0.007265340911189876 185.000000000000000000
0.028786662334361793 0.007261890617606451 185.000000000000000000
0.028787713934181020 0.007258453362769653 185.000000000000000000
0.028788763314463603 0.007255029088639450 186.000000000000000000
0.028789810477937217 0.007251617737485194 186.000000000000000000
0.028790855427342145 0.007248219251878211 186.000000000000000000
0.028791898165430929 0.007244833574693411 186.000000000000000000
0.028792938694968392 0.007241460649105167 186.000000000000000000
0.028793977018731279 0.007238100418585522 186.000000000000000000
0.028795013139508260 0.007234752826905510 186.000000000000000000
0.028796047060099646 0.007231417818129702 186.000000000000000000
0.028797078783317324 0.007228095336615719 187.000000000000000000
0.028798108311984476 0.007224785327012063 187.000000000000000000
0.028799135648935568 0.007221487734256777 187.000000000000000000
0.028800160797016028 0.007218202503575846 187.000000000000000000
0.028801183759082256 0.007214929580481178 187.000000000000000000
0.028802204538001343 0.007211668910769109 187.000000000000000000
0.028803223136650909 0.007208420440518686 187.000000000000000000
0.028804239557919102 0.007205184116088115 187.000000000000000000
0.028805253804704264 0.007201959884114983 188.000000000000000000
0.028806265879914916 0.007198747691515698 188.000000000000000000
0.028807275786469504 0.007195547485482142 188.000000000000000000
0.028808283527296339 0.007192359213477966 188.000000000000000000
0.028809289105333383 0.007189182823240753 188.000000000000000000
0.028810292523528160 0.007186018262778885 188.000000000000000000
0.028811293784837582 0.007182865480369433 188.000000000000000000
0.028812292892227788 0.007179724424556660 188.000000000000000000
0.028813289848674026 0.007176595044150537 189.000000000000000000
0.028814284657160551 0.007173477288225268 189.000000000000000000
0.028815277320680427 0.007170371106118110 189.000000000000000000
0.028816267842235396 0.007167276447426640 189.000000000000000000
0.028817256224835767 0.007164193262007686 189.000000000000000000
0.028818242471500242 0.007161121499978253 189.000000000000000000
0.028819226585255871 0.007158061111706967 189.000000000000000000
0.028820208569137820 0.007155012047822638 189.000000000000000000
0.028821188426189248 0.007151974259203335 189.000000000000000000
0.028822166159461270 0.007148947696979519 190.000000000000000000
0.028823141772012714 0.007145932312533856 190.000000000000000000
0.028824115266910057 0.007142928057496388 190.000000000000000000
0.028825086647227282 0.007139934883743783 190.000000000000000000
0.028826055916045763 0.007136952743398581 190.000000000000000000
0.028827023076454121 0.007133981588829992 190.000000000000000000
0.028827988131548125 0.007131021372647189 190.000000000000000000
0.028828951084430517 0.007128072047701509 190.000000000000000000
0.028829911938210998 0.007125133567084750 194.000000000000000000
0.028830870696005949 0.007122205884127227 198.000000000000000000
0.028831827360938485 0.007119288952396331 198.000000000000000000
0.028832781936138176 0.007116382725694605 198.000000000000000000
0.028833734424741103 0.007113487158059397 199.000000000000000000
0.028834684829889521 0.007110602203760780 199.000000000000000000
0.028835633154731973 0.007107727817301415 200.000000000000000000
0.028836579402423033 0.007104863953411538 205.000000000000000000
0.028837523576123243 0.007102010567053028 205.000000000000000000
0.028838465678998913 0.007099167613414142 205.000000000000000000
0.028839405714222235 0.007096335047908235 205.000000000000000000

