0.125006936178743644 0.057546538978171177 8.000000000000000000
0.125003722990631672 0.054848835185266502 15.000000000000000000
0.124997802363003868 0.049936203537029079 22.000000000000000000
0.124989632050577296 0.043382962275430335 28.000000000000000000
0.124979428420920552 0.035896665530572212 35.000000000000000000
0.124966952954167543 0.028396955393949101 42.000000000000000000
0.124951309968275415 0.022240536823636994 49.000000000000000000
0.124930749160069812 0.019377078603629038 55.000000000000000000
0.124902444052951631 0.020980411257000151 62.000000000000000000
0.124862196652265237 0.025728310026709569 69.000000000000000000
0.124803999107737332 0.031814787779104528 76.000000000000000000
0.124719363262007985 0.038439789361064000 81.000000000000000000
0.124596305946179056 0.045564001198731260 89.000000000000000000
0.124417848901307193 0.053570469627111907 96.000000000000000000
0.124159855781475217 0.063057949703048816 106.000000000000000000
0.123787987904373190 0.074683820333174153 111.000000000000000000
0.123253529341472629 0.089043563852204827 119.000000000000000000
0.122487848742881322 0.106600068357379882 125.000000000000000000
0.121395417686616020 0.127648137642147053 132.000000000000000000
0.119845776362084752 0.152262648726776001 139.000000000000000000
0.117665973971080778 0.180153200715685025 145.000000000000000000
0.114637377869409210 0.210310850728230248 151.000000000000000000
0.110504969689565469 0.240247814512841301 159.000000000000000000
0.105013041846568747 0.264503117955348033 165.000000000000000000
0.097984382842530193 0.272152539949652217 172.000000000000000000
0.089447656100716325 0.244446508671724183 177.000000000000000000
0.079771063518891558 0.160763759233865849 184.000000000000000000
0.069690060095766490 0.103806947496648427 190.000000000000000000
0.060115967229417741 0.304748300809356221 196.000000000000000000
0.051790676839217425 0.533393507183719806 203.000000000000000000
0.045071872076520664 0.673111568312493525 209.000000000000000000
0.040006151094267313 0.685733629618990204 226.000000000000000000
0.036476462698143759 0.604909755180821129 233.000000000000000000
0.034233503790452750 0.496468822688657552 238.000000000000000000
0.032917315912946485 0.409830861074438557 248.000000000000000000
0.032152659934044925 0.360862776610392622 256.000000000000000000
0.031636718575169413 0.342029833526363902 263.000000000000000000
0.031168051709260909 0.335140050598466688 270.000000000000000000
0.030650159340917266 0.314975135026225816 277.000000000000000000
0.030104241925575901 0.248290891904759087 285.000000000000000000
0.029665231297674025 0.104761833983298358 290.000000000000000000
0.029472695249788315 0.110318255272364593 298.000000000000000000
0.029473701094514221 0.314920502625096688 303.000000000000000000
0.029419723095404752 0.411991608178023883 309.000000000000000000
0.029167036326622431 0.360375856100298431 315.000000000000000000
0.028855810784043437 0.200988192289688200 321.000000000000000000
0.028705944946366080 0.013368385979824593 327.000000000000000000
0.028758776127393880 0.140881340912894892 338.000000000000000000
0.028885498320868199 0.228636066088829359 343.000000000000000000
0.028951165027814259 0.244486637230765025 351.000000000000000000
0.028920865695008770 0.189448304622004099 357.000000000000000000
0.028862135615773131 0.072109367629743348 362.000000000000000000
0.028869312649965003 0.080057852598946266 370.000000000000000000
0.028959465204728824 0.217444202764188244 376.000000000000000000
0.029047683130277523 0.289502619588746957 382.000000000000000000
0.029049776777692812 0.270741606634468224 388.000000000000000000
0.028981681558967871 0.173028639539445805 395.000000000000000000
0.028925551015141920 0.036599566613050111 401.000000000000000000
0.028926362302739102 0.092502738544584046 409.000000000000000000
0.028957381381488283 0.179707377503767723 417.000000000000000000
0.028971473578856318 0.209926188934975222 422.000000000000000000
0.028957239174873400 0.183227641074185849 428.000000000000000000
0.028944938861452649 0.112825534283328768 434.000000000000000000
0.028967793022049146 0.024779825356383813 439.000000000000000000
0.029022558315675136 0.049699717711765116 446.000000000000000000
0.029074414604325406 0.081312413104858955 452.000000000000000000
0.029099593532537035 0.061283039743217603 460.000000000000000000
0.029109663040095456 0.005428418305235961 465.000000000000000000
0.029129440124809711 0.076151367506385778 471.000000000000000000
0.029164287912669118 0.139870382957590328 474.000000000000000000
0.029197946971535153 0.171611060363345336 482.000000000000000000
0.029215350540478136 0.163833229921418355 487.000000000000000000
0.029219192332462000 0.120768210265194659 494.000000000000000000
0.029224490032038523 0.056358911381365978 501.000000000000000000
0.029241011826464915 0.010683146397911824 508.000000000000000000
0.029264124175330898 0.057782704557232535 513.000000000000000000
0.029283198576867397 0.075001461700531152 520.000000000000000000
0.029295469391630413 0.060908501766795943 526.000000000000000000
0.029308077170210174 0.025612589611821890 533.000000000000000000
0.029327985628451677 0.015892158769436279 538.000000000000000000
0.029354025998499643 0.046770491956438648 545.000000000000000000
0.029379643160844904 0.058245813547743969 550.000000000000000000
0.029400823990410288 0.047624705025172104 557.000000000000000000
0.029419533096817593 0.019506035161021638 563.000000000000000000
0.029440017019106493 0.017168906869838085 569.000000000000000000
0.029463356941254383 0.049305610565700576 575.000000000000000000
0.029486625615416304 0.067879600098620332 582.000000000000000000
0.029506899456632672 0.068190333024555183 588.000000000000000000
0.029524668566810859 0.052214952837641326 595.000000000000000000
0.029542720155237744 0.027170688269482841 601.000000000000000000
0.029562624672446254 0.003485707513043107 608.000000000000000000
0.029583340914862505 0.015181521210890340 615.000000000000000000
0.029603044720798055 0.019712543619254799 623.000000000000000000
0.029621432340466089 0.012263425677695569 630.000000000000000000
0.029639857736320635 0.004647185402663310 635.000000000000000000
0.029659578777969660 0.021062300729267094 642.000000000000000000
0.029680400103873489 0.033147714483508610 649.000000000000000000
0.029701168214031955 0.035791862016190182 655.000000000000000000
0.029721242497981228 0.028030188219885063 662.000000000000000000
0.029741086750212527 0.012617736160481462 669.000000000000000000
0.029761466511336307 0.006824454789564735 677.000000000000000000
0.029782449410899886 0.022158460207502926 685.000000000000000000
0.029803396943131655 0.031199133993330096 692.000000000000000000
0.029823766932042250 0.031962765534552816 699.000000000000000000
0.029843673165757728 0.025498477777472470 705.000000000000000000
0.029863627995239488 0.015009686525935449 710.000000000000000000
0.029883905821144519 0.005024302000820578 717.000000000000000000
0.029904304099650336 0.004271441958440506 724.000000000000000000
0.029924492335390962 0.005538368572855351 730.000000000000000000
0.029944437327245589 0.003057196706102007 737.000000000000000000
0.029964398717896884 0.006821874925540096 743.000000000000000000
0.029984580007933165 0.014052569825306132 750.000000000000000000
0.030004902430973614 0.019183490109400431 758.000000000000000000
0.030025138073116561 0.020271197039945659 765.000000000000000000
0.030045184775551542 0.017062320035287435 770.000000000000000000
0.030065148920460236 0.010821425044313779 789.000000000000000000
0.030085181446289248 0.004137685386840455 795.000000000000000000
0.030105297411090831 0.003928607172293252 801.000000000000000000
0.030125383865426812 0.006401663034069307 802.000000000000000000
0.030145350151723579 0.005774618001544171 802.000000000000000000
0.030165221723816242 0.002997530899321604 803.000000000000000000
0.030185080974569761 0.004622109449356721 803.000000000000000000
0.030204952858322344 0.009083292910690462 803.000000000000000000
0.030224778135103193 0.012039358259618214 803.000000000000000000
0.030244489727112779 0.012480870834295499 803.000000000000000000
0.030264087218000651 0.010538761452174810 803.000000000000000000
0.030283625834272500 0.007183807404552430 803.000000000000000000
0.030303147489373815 0.003946158047743777 804.000000000000000000
0.030322640865390431 0.002594406932641945 804.000000000000000000
0.030342068260215502 0.002637288064861281 804.000000000000000000
0.030361414543094083 0.002584440121707356 804.000000000000000000
0.030380697618799982 0.003667699005428508 804.000000000000000000
0.030399936230117067 0.005834485366179976 804.000000000000000000
0.030419121289798876 0.007663666199367058 804.000000000000000000
0.030438224402965473 0.008293213725602450 804.000000000000000000
0.030457228273979925 0.007503314499839269 805.000000000000000000
0.030476141233099011 0.005655006203800063 805.000000000000000000
0.030494982567063626 0.003591926040903872 805.000000000000000000
0.030513760191188424 0.002499771251968831 805.000000000000000000
0.030532466352143420 0.002568421970633626 805.000000000000000000
0.030551091697269446 0.002560335431612814 805.000000000000000000
0.030569637413593611 0.002441982743516287 805.000000000000000000
0.030588111711294934 0.003109865908583402 805.000000000000000000
0.030606517934104231 0.004365847503104580 806.000000000000000000
0.030624850109654392 0.005360658377969039 806.000000000000000000
0.030643100342197624 0.005639912637194114 806.000000000000000000
0.030661267947047127 0.005168148196191036 806.000000000000000000
0.030679359805924282 0.004230736250284649 806.000000000000000000
0.030697382984133336 0.003286218681333652 806.000000000000000000
0.030715338934870939 0.002713826725703597 806.000000000000000000
0.030733224941081917 0.002544135423794485 807.000000000000000000
0.030751039252064870 0.002655676322441472 807.000000000000000000
0.030768783107786205 0.003074467177070315 807.000000000000000000
0.030786458021302053 0.003722613435896532 807.000000000000000000
0.030804062691185102 0.004311587005497807 807.000000000000000000
0.030821593641657596 0.004569087303507847 807.000000000000000000
0.030839048619038349 0.004391506441995065 807.000000000000000000
0.030856428636811262 0.003868989744268661 807.000000000000000000
0.030873736629251566 0.003232602775093351 808.000000000000000000
0.030890974684948960 0.002734286470615222 808.000000000000000000
0.030908142929551949 0.002488389293414291 808.000000000000000000
0.030925240651919844 0.002449912052296958 808.000000000000000000
0.030942267704603722 0.002581660336030296 808.000000000000000000
0.030959224450951079 0.002882822534612906 808.000000000000000000
0.030976110705803268 0.003268647650112803 808.000000000000000000
0.030992925312773381 0.003580436850097578 809.000000000000000000
0.031009667001292089 0.003694770344751270 809.000000000000000000
0.031026335528052555 0.003587014593932655 809.000000000000000000
0.031042931849437200 0.003328751298066823 809.000000000000000000
0.031059457271628080 0.003041152663244532 809.000000000000000000
0.031075912586807794 0.002830555209233842 809.000000000000000000
0.031092297977706084 0.002747814475227057 809.000000000000000000
0.031108613470532908 0.002798087492495579 809.000000000000000000
0.031124859213401565 0.002960860826660605 810.000000000000000000
0.031141035300771065 0.003183441166731341 810.000000000000000000
0.031157141530261570 0.003383705294820065 810.000000000000000000
0.031173177533270136 0.003484271967942569 810.000000000000000000
0.031189143205698319 0.003449220594744348 810.000000000000000000
0.031205038983768564 0.003297492370530124 810.000000000000000000
0.031220865694364195 0.003089501853635946 810.000000000000000000
0.031236624169723171 0.002896414306490665 810.000000000000000000
0.031252314999594480 0.002769763273190730 811.000000000000000000
0.031267938557096510 0.002729528821440035 811.000000000000000000
0.031283495126598865 0.002770323153541914 811.000000000000000000
0.031298984934275992 0.002867996151857035 811.000000000000000000
0.031314408092001617 0.002982478254870165 811.000000000000000000
0.031329764607307041 0.003068124994070354 811.000000000000000000
0.031345054523643952 0.003091748867251326 811.000000000000000000
0.031360278079044297 0.003046262637207590 811.000000000000000000
0.031375435733770066 0.002951472225329360 812.000000000000000000
0.031390528050011426 0.002842752627219518 812.000000000000000000
0.031405555541294747 0.002754896749932009 812.000000000000000000
0.031420518603400352 0.002710156951573218 812.000000000000000000
0.031435417529665284 0.002714656508486191 812.000000000000000000
0.031450252541518599 0.002759976792177450 812.000000000000000000
0.031465023795169599 0.002826155928061539 812.000000000000000000
0.031479731391508600 0.002887148273935988 813.000000000000000000
0.031494375425913809 0.002919728575795436 813.000000000000000000
0.031508956062792713 0.002912296102667976 813.000000000000000000
0.031523473578963429 0.002868700523656344 813.000000000000000000
0.031537928341582221 0.002805272853000709 813.000000000000000000
0.031552320742759980 0.002743162376349391 813.000000000000000000
0.031566651141325432 0.002700216433006960 813.000000000000000000
0.031580919840108426 0.002685901104933583 820.000000000000000000
0.031595127089580094 0.002699965364299853 825.000000000000000000
0.031609273097446072 0.002733636129007917 833.000000000000000000
0.031623358040120730 0.002772607800145641 839.000000000000000000
0.031637382085361265 0.002801717776915276 845.000000000000000000
0.031651345426558036 0.002810191968478217 852.000000000000000000
0.031665248311519262 0.002795250937278307 858.000000000000000000
0.031679091046348702 0.002762410227283346 863.000000000000000000
0.031692873972468255 0.002722552264818877 870.000000000000000000
0.031706597433392471 0.002687407563417440 877.000000000000000000
0.031720261749957276 0.002665516328689424 882.000000000000000000
0.031733867210570595 0.002659986141440331 889.000000000000000000
0.031747414072142856 0.002668239323851405 895.000000000000000000
0.031760902566781560 0.002683370844938871 902.000000000000000000
0.031774332913875727 0.002696670777357579 910.000000000000000000
0.031787705337371637 0.002700661351668272 917.000000000000000000
0.031801020082819750 0.002691629263616437 922.000000000000000000
0.031814277425519177 0.002670660968915300 928.000000000000000000
0.031827477665204461 0.002642825301049043 935.000000000000000000
0.031840621110975437 0.002614999695173344 942.000000000000000000
0.031853708065007397 0.002593358761511827 948.000000000000000000
0.031866738811730085 0.002581479435195893 955.000000000000000000
0.031879713614153787 0.002579543931096877 961.000000000000000000
0.031892632715943975 0.002584652682631947 966.000000000000000000
0.031905496347776438 0.002592013231859868 970.000000000000000000
0.031918304736811967 0.002596631186304293 975.000000000000000000
0.031931058116900723 0.002594975918754747 980.000000000000000000
0.031943756735660168 0.002586043813103884 990.000000000000000000
0.031956400855288225 0.002571450341963906 998.000000000000000000
0.031968990747091891 0.002554590186331652 1003.000000000000000000
0.031981526682852666 0.002539279273095220 1010.000000000000000000
0.031994008926995263 0.002528433547679333 1016.000000000000000000
0.032006437732076815 0.002523220471884071 1024.000000000000000000
0.032018813338148676 0.002522872876568662 1029.000000000000000000
0.032031135975433653 0.002525129592444946 1036.000000000000000000
0.032043405869365771 0.002527111012433664 1041.000000000000000000
0.032055623246597408 0.002526331096452031 1048.000000000000000000
0.032067788340038011 0.002521504571659738 1055.000000000000000000
0.032079901391067159 0.002512878870272990 1063.000000000000000000
0.032091962648188886 0.002502006030881144 1070.000000000000000000
0.032103972362995600 0.002491088739726038 1079.000000000000000000
0.032115930785337712 0.002482178589405294 1085.000000000000000000
0.032127838159524080 0.002476516794893555 1091.000000000000000000
0.032139694722570118 0.002474211675042804 1097.000000000000000000
0.032151500704650178 0.002474310914482441 1109.000000000000000000
0.032163256331338458 0.002475203934000806 1112.000000000000000000
0.032174961826845851 0.002475200746122210 1113.000000000000000000
0.032186617417185891 0.002473088341621888 1113.000000000000000000
0.032198223332176208 0.002468480404607449 1113.000000000000000000
0.032209779805594134 0.002461856417352882 1113.000000000000000000
0.032221287073559868 0.002454304688728794 1113.000000000000000000
0.032232745371916172 0.002447088988975220 1113.000000000000000000
0.032244154933647379 0.002441206573714853 1113.000000000000000000
0.032255515987179892 0.002437085646593616 1113.000000000000000000
0.032266828755961666 0.002434503972971687 1113.000000000000000000
0.032278093459277186 0.002432729998718932 1113.000000000000000000
0.032289310313922202 0.002430818798443157 1114.000000000000000000
0.032300479536146773 0.002427952560951214 1114.000000000000000000
0.032311601343212315 0.002423708688177990 1114.000000000000000000
0.032322675954055621 0.002418170754634686 1114.000000000000000000
0.032333703588900434 0.002411858166886878 1114.000000000000000000
0.032344684468060485 0.002405515786411714 1114.000000000000000000
0.032355618810447809 0.002399849104827959 1114.000000000000000000
0.032366506832332304 0.002395299158931139 1114.000000000000000000
0.032377348746729484 0.002391926633073942 1115.000000000000000000
0.032388144763538199 0.002389430912512864 1115.000000000000000000
0.032398895090307259 0.002387284132571631 1115.000000000000000000
0.032409599933333748 0.002384925806355993 1115.000000000000000000
0.032420259498713994 0.002381948887453845 1115.000000000000000000
0.032430873993005933 0.002378216539661891 1115.000000000000000000
0.032441443623314636 0.002373877122251901 1115.000000000000000000
0.032451968596831068 0.002369282393143342 1115.000000000000000000
0.032462449120044284 0.002364846452950884 1116.000000000000000000
0.032472885397935240 0.002360899028511867 1116.000000000000000000
0.032483277633425844 0.002357582542579722 1116.000000000000000000
0.032493626027236489 0.002354822323505357 1116.000000000000000000
0.032503930778155901 0.002352372193871833 1116.000000000000000000
0.032514192083597404 0.002349912939854656 1116.000000000000000000
0.032524410140236479 0.002347166041627667 1116.000000000000000000
0.032534585144514641 0.002343983377355963 1116.000000000000000000
0.032544717292854602 0.002340385072436081 1117.000000000000000000
0.032554806781543211 0.002336537623111380 1117.000000000000000000
0.032564853806356334 0.002332685355777341 1117.000000000000000000
0.032574858562080561 0.002329062720217777 1117.000000000000000000
0.032584821242103233 0.002325818467910325 1117.000000000000000000
0.032594742038198635 0.002322975518958915 1117.000000000000000000
0.032604621140558676 0.002320436069812272 1117.000000000000000000
0.032614458738032134 0.002318025724499799 1118.000000000000000000
0.032624255018473325 0.002315558304038818 1118.000000000000000000
0.032634010169074419 0.002312897963393218 1118.000000000000000000
0.032643724376572307 0.002309998332547311 1118.000000000000000000
0.032653397827272418 0.002306907959746769 1118.000000000000000000
0.032663030706899979 0.002303743642494808 1118.000000000000000000
0.032672623200345849 0.002300643832582853 1118.000000000000000000
0.032682175491404099 0.002297719713517042 1118.000000000000000000
0.032691687762589169 0.002295020480738172 1122.000000000000000000
0.032701160195085670 0.002292522906867639 1128.000000000000000000
0.032710592968834079 0.002290146198191948 1128.000000000000000000
0.032719986262711657 0.002287784689980048 1128.000000000000000000
0.032729340254741113 0.002285345755429201 1129.000000000000000000
0.032738655122256467 0.002282779782266342 1129.000000000000000000
0.032747931041977367 0.002280092962415554 1129.000000000000000000
0.032757168189977627 0.002277340265885898 1129.000000000000000000
0.032766366741571580 0.002274602852090734 1129.000000000000000000
0.032775526871166555 0.002271958951318469 1129.000000000000000000
0.032784648752136235 0.002269458519182115 1129.000000000000000000
0.032793732556756675 0.002267109673627306 1129.000000000000000000
0.032802778456221621 0.002264880217755530 1129.000000000000000000
0.032811786620725800 0.002262712241641482 1129.000000000000000000
0.032820757219583892 0.002260543681286144 1130.000000000000000000
0.032829690421343864 0.002258329018345582 1130.000000000000000000
0.032838586393859795 0.002256052357106756 1130.000000000000000000
0.032847445304305382 0.002253729313441986 1130.000000000000000000
0.032856267319131660 0.002251398228241720 1130.000000000000000000
0.032865052603990259 0.002249104722807930 1130.000000000000000000
0.032873801323653015 0.002246885424006687 1131.000000000000000000
0.032882513641956448 0.002244756368739482 1131.000000000000000000
0.032891189721788658 0.002242709479588430 1131.000000000000000000
0.032899829725119935 0.002240717477838808 1131.000000000000000000
0.032908433813063978 0.002238744759561217 1131.000000000000000000
0.032917002145947935 0.002236760022339589 1131.000000000000000000
0.032925534883368399 0.002234746260110179 1131.000000000000000000
0.032934032184217518 0.002232705047460093 1132.000000000000000000
0.032942494206675214 0.002230654238592497 1132.000000000000000000
0.032950921108174464 0.002228620487023601 1132.000000000000000000
0.032959313045355702 0.002226629578797430 1132.000000000000000000
0.032967670174027720 0.002224698002665492 1132.000000000000000000
0.032975992649148578 0.002222828429017225 1132.000000000000000000
0.032984280624832454 0.002221010206389123 1132.000000000000000000
0.032992534254378307 0.002219224210947010 1132.000000000000000000
0.033000753690310303 0.002217450008175399 1133.000000000000000000
0.033008939084416336 0.002215672722469678 1133.000000000000000000
0.033017090587773704 0.002213887366383122 1133.000000000000000000
0.033025208350755370 0.002212099449262204 1133.000000000000000000
0.033033292523018676 0.002210322039979610 1133.000000000000000000
0.033041343253482611 0.002208570620317851 1133.000000000000000000
0.033049360690304189 0.002206857665684129 1133.000000000000000000
0.033057344980862727 0.002205188784703536 1133.000000000000000000
0.033065296271757944 0.002203561545422252 1134.000000000000000000
0.033073214708822130 0.002201967108298127 1134.000000000000000000
0.033081100437142394 0.002200393839875867 1134.000000000000000000
0.033088953601085533 0.002198831503944853 1134.000000000000000000
0.033096774344318507 0.002197274573886878 1134.000000000000000000
0.033104562809819132 0.002195723646912329 1134.000000000000000000
0.033112319139875820 0.002194184674338217 1134.000000000000000000
0.033120043476078630 0.002192666478330199 1134.000000000000000000
0.033127735959306792 0.002191177550047360 1135.000000000000000000
0.033135396729718311 0.002189723265133651 1135.000000000000000000
0.033143025926745964 0.002188304401329280 1135.000000000000000000
0.033150623689101787 0.002186917322660021 1135.000000000000000000
0.033158190154788450 0.002185555605089156 1135.000000000000000000
0.033165725461114445 0.002184212422379719 1135.000000000000000000
0.033173229744708613 0.002182882826378857 1135.000000000000000000
0.033180703141530279 0.002181565177361647 1136.000000000000000000
0.033188145786873374 0.002180261336779815 1136.000000000000000000
0.033195557815364395 0.002178975684802723 1136.000000000000000000
0.033202939360957140 0.002177713409237491 1136.000000000000000000
0.033210290556926710 0.002176478709429271 1136.000000000000000000
0.033217611535866186 0.002175273521759765 1136.000000000000000000
0.033224902429687800 0.002174097138244886 1136.000000000000000000
0.033232163369628510 0.002172946754708489 1136.000000000000000000
0.033239394486258803 0.002171818671522926 1137.000000000000000000
0.033246595909492228 0.002170709680105534 1137.000000000000000000
0.033253767768593435 0.002169618153021530 1137.000000000000000000
0.033260910192183087 0.002168544502401013 1137.000000000000000000
0.033268023308238970 0.002167490915402215 1137.000000000000000000
0.033275107244094410 0.002166460525655398 1137.000000000000000000
0.033282162126435408 0.002165456351983034 1137.000000000000000000
0.033289188081298479 0.002164480380568116 1137.000000000000000000
0.033296185234070394 0.002163533081851319 1138.000000000000000000
0.033303153709490801 0.002162613480061389 1138.000000000000000000
0.033310093631656830 0.002161719697937281 1138.000000000000000000
0.033317005124028909 0.002160849749052366 1138.000000000000000000
0.033323888309436396 0.002160002290631128 1138.000000000000000000
0.033330743310081457 0.002159177091608051 1138.000000000000000000
0.033337570247541214 0.002158375089912833 1138.000000000000000000
0.033344369242767638 0.002157598062103103 1139.000000000000000000
0.033351140416086375 0.002156848054952394 1139.000000000000000000
0.033357883887195246 0.002156126792539782 1139.000000000000000000
0.033364599775163740 0.002155435258817182 1139.000000000000000000
0.033371288198433630 0.002154773576863164 1139.000000000000000000
0.033377949274820976 0.002154141194867191 1139.000000000000000000
0.033384583121519207 0.002153537285587409 1139.000000000000000000
0.033391189855102268 0.002152961204225349 1139.000000000000000000
0.033397769591527182 0.002152412845731151 1140.000000000000000000
0.033404322446135296 0.002151892792094195 1140.000000000000000000
0.033410848533652601 0.002151402221199159 1140.000000000000000000
0.033417347968188640 0.002150942631285386 1140.000000000000000000
0.033423820863235171 0.002150515491268981 1140.000000000000000000
0.033430267331664765 0.002150121941010051 1140.000000000000000000
0.033436687485730136 0.002149762636758047 1140.000000000000000000
0.033443081437063926 0.002149437779268037 1141.000000000000000000
0.033449449296679271 0.002149147297637045 1141.000000000000000000
0.033455791174970537 0.002148891112862711 1141.000000000000000000
0.033462107181713691 0.002148669386261625 1141.000000000000000000
0.033468397426066124 0.002148482672446524 1141.000000000000000000
0.033474662016565619 0.002148331936397582 1141.000000000000000000
0.033480901061128415 0.002148218443402708 1141.000000000000000000
0.033487114667046798 0.002148143571997899 1141.000000000000000000
0.033493302940986361 0.002148108620541480 1142.000000000000000000
0.033499465988983325 0.002148114672929001 1142.000000000000000000
0.033505603916442112 0.002148162562569999 1142.000000000000000000
0.033511716828133052 0.002148252936981224 1142.000000000000000000
0.033517804828190258 0.002148386391558755 1143.000000000000000000
0.033523868020109163 0.002148563621180391 1143.000000000000000000
0.033529906506743673 0.002148785537540986 1143.000000000000000000
0.033535920390302648 0.002149053316838086 1143.000000000000000000
0.033541909772345620 0.002149368369252665 1143.000000000000000000
0.033547874753777907 0.002149732248703373 1144.000000000000000000
0.033553815434845258 0.002150146539443271 1145.000000000000000000
0.033559731915128177 0.002150612760244267 1145.000000000000000000
0.033565624293535920 0.002151132316996172 1145.000000000000000000
0.033571492668300659 0.002151706515438157 1146.000000000000000000
0.033577337136971003 0.002152336624572362 1146.000000000000000000
0.033583157796405555 0.002153023965467115 1146.000000000000000000
0.033588954742765673 0.002153769994306293 1146.000000000000000000
0.033594728071507637 0.002154576353638810 1146.000000000000000000
0.033600477877373969 0.002155444879068057 1146.000000000000000000
0.033606204254384139 0.002156377564744442 1147.000000000000000000
0.033611907295824313 0.002157376504459611 1147.000000000000000000
0.033617587094236435 0.002158443831538568 1148.000000000000000000
0.033623243741406968 0.002159581678823420 1148.000000000000000000
0.033628877328354720 0.002160792171162287 1148.000000000000000000
0.033634487945318210 0.002162077450786371 1148.000000000000000000
0.033640075681742286 0.002163439724963125 1149.000000000000000000
0.033645640626263920 0.002164881319045126 1149.000000000000000000
0.033651182866696987 0.002166404717994278 1149.000000000000000000
0.033656702490015886 0.002168012585114361 1149.000000000000000000
0.033662199582338126 0.002169707755540745 1149.000000000000000000
0.033667674228905736 0.002171493210813745 1149.000000000000000000
0.033673126514065239 0.002173372046599412 1149.000000000000000000
0.033678556521246808 0.002175347446798923 1149.000000000000000000
0.033683964332941796 0.002177422673913816 1150.000000000000000000
0.033689350030679299 0.002179601079203301 1150.000000000000000000
0.033694713695001099 0.002181886129331046 1150.000000000000000000
0.033700055405435192 0.002184281441155761 1150.000000000000000000
0.033705375240467725 0.002186790814548849 1150.000000000000000000
0.033710673277512995 0.002189418254950036 1150.000000000000000000
0.033715949592881586 0.002192167981738569 1150.000000000000000000
0.033721204261746476 0.002195044423747317 1151.000000000000000000
0.033726437358107042 0.002198052207531220 1151.000000000000000000
0.033731648954750719 0.002201196145936300 1151.000000000000000000
0.033736839123212528 0.002204481233794487 1151.000000000000000000
0.033742007933731874 0.002207912654629355 1151.000000000000000000
0.033747155455207054 0.002211495798309661 1151.000000000000000000
0.033752281755146551 0.002215236286146238 1151.000000000000000000
0.033757386899617728 0.002219139997935291 1151.000000000000000000
0.033762470953191959 0.002223213095593067 1152.000000000000000000
0.033767533978886391 0.002227462039884125 1152.000000000000000000
0.033772576038102187 0.002231893599645119 1152.000000000000000000
0.033777597190558450 0.002236514855659485 1152.000000000000000000
0.033782597494222466 0.002241333203166625 1152.000000000000000000
0.033787577005235062 0.002246356357233876 1152.000000000000000000
0.033792535777831666 0.002251592364098750 1152.000000000000000000
0.033797473864258021 0.002257049619536434 1152.000000000000000000
0.033802391314680810 0.002262736893107927 1153.000000000000000000
0.033807288177092394 0.002268663355612431 1153.000000000000000000
0.033812164497209404 0.002274838606561985 1153.000000000000000000
0.033817020318364872 0.002281272699138871 1153.000000000000000000
0.033821855681393204 0.002287976161532377 1153.000000000000000000
0.033826670624507713 0.002294960015217457 1153.000000000000000000
0.033831465183170074 0.002302235792048907 1153.000000000000000000
0.033836239389951270 0.002309815552632944 1154.000000000000000000
0.033840993274383224 0.002317711908135169 1154.000000000000000000
0.033845726862800796 0.002325938046723869 1154.000000000000000000
0.033850440178173097 0.002334507764615724 1154.000000000000000000
0.033855133239923590 0.002343435500606980 1154.000000000000000000
0.033859806063738077 0.002352736372424758 1154.000000000000000000
0.033864458661359731 0.002362426213282807 1154.000000000000000000
0.033869091040370169 0.002372521607698321 1154.000000000000000000
0.033873703203955378 0.002383039926501677 1155.000000000000000000
0.033878295150656032 0.002393999361843261 1155.000000000000000000
0.033882866874100061 0.002405418963536287 1155.000000000000000000
0.033887418362716998 0.002417318678112998 1155.000000000000000000
0.033891949599432356 0.002429719391596506 1155.000000000000000000
0.033896460561340616 0.002442642976355969 1155.000000000000000000
0.033900951219355144 0.002456112341737161 1155.000000000000000000
0.033905421537833449 0.002470151487718761 1156.000000000000000000
0.033909871474175603 0.002484785560738467 1157.000000000000000000
0.033914300978394041 0.002500040911056590 1157.000000000000000000
0.033918709992652465 0.002515945151492772 1157.000000000000000000
0.033923098450771176 0.002532527217875877 1157.000000000000000000
0.033927466277696688 0.002549817431950008 1157.000000000000000000
0.033931813388932433 0.002567847567629564 1157.000000000000000000
0.033936139689927508 0.002586650921390623 1158.000000000000000000
0.033940445075420655 0.002606262387308138 1158.000000000000000000
0.033944729428734957 0.002626718536863263 1158.000000000000000000
0.033948992621020302 0.002648057703374333 1158.000000000000000000
0.033953234510438621 0.002670320070767319 1158.000000000000000000
0.033957454941287768 0.002693547766449763 1158.000000000000000000
0.033961653743058817 0.002717784958294255 1158.000000000000000000
0.033965830729421234 0.002743077956020518 1158.000000000000000000
0.033969985697130348 0.002769475317526135 1159.000000000000000000
0.033974118424850416 0.002797027960885983 1159.000000000000000000
0.033978228671886226 0.002825789282761418 1159.000000000000000000
0.033982316176816019 0.002855815283861728 1159.000000000000000000
0.033986380656016987 0.002887164701942856 1159.000000000000000000
0.033990421802074705 0.002919899152676615 1159.000000000000000000
0.033994439282066483 0.002954083278642339 1159.000000000000000000
0.033998432735708031 0.002989784906716058 1160.000000000000000000
0.034002401773351815 0.003027075214252071 1160.000000000000000000
0.034006345973824639 0.003066028904629962 1160.000000000000000000
0.034010264882090135 0.003106724392923475 1160.000000000000000000
0.034014158006721924 0.003149244002596368 1160.000000000000000000
0.034018024817170506 0.003193674174216656 1161.000000000000000000
0.034021864740806436 0.003240105687176369 1161.000000000000000000
0.034025677159720241 0.003288633895399250 1161.000000000000000000
0.034029461407258169 0.003339358977937055 1161.000000000000000000
0.034033216764270673 0.003392386205384792 1161.000000000000000000
0.034036942455048888 0.003447826223033405 1162.000000000000000000
0.034040637642921541 0.003505795351785946 1162.000000000000000000
0.034044301425483467 0.003566415907974140 1162.000000000000000000
0.034047932829422894 0.003629816543345018 1162.000000000000000000
0.034051530804913167 0.003696132606589410 1162.000000000000000000
0.034055094219531026 0.003765506527886109 1162.000000000000000000
0.034058621851660281 0.003838088227947433 1162.000000000000000000
0.034062112383336673 0.003914035553072118 1163.000000000000000000
0.034065564392485689 0.003993514737679484 1163.000000000000000000
0.034068976344501734 0.004076700895775209 1163.000000000000000000
0.034072346583112145 0.004163778542776452 1163.000000000000000000
0.034075673320466293 0.004254942149100021 1163.000000000000000000
0.034078954626384418 0.004350396726904519 1163.000000000000000000
0.034082188416697190 0.004450358451321044 1163.000000000000000000
0.034085372440601128 0.004555055317436640 1163.000000000000000000
0.034088504266951300 0.004664727834154660 1164.000000000000000000
0.034091581269406618 0.004779629755834822 1164.000000000000000000
0.034094600610339233 0.004900028852336173 1164.000000000000000000
0.034097559223414703 0.005026207717706186 1165.000000000000000000
0.034100453794744703 0.005158464617282878 1165.000000000000000000
0.034103280742512024 0.005297114372406435 1165.000000000000000000
0.034106036194962927 0.005442489281243384 1165.000000000000000000
0.034108715966662026 0.005594940073384133 1166.000000000000000000
0.034111315532903641 0.005754836894857764 1166.000000000000000000
0.034113830002176049 0.005922570318984415 1166.000000000000000000
0.034116254086579430 0.006098552376991550 1166.000000000000000000
0.034118582070105943 0.006283217600548310 1166.000000000000000000
0.034120807774702298 0.006477024066231238 1166.000000000000000000
0.034122924524051856 0.006680454429425524 1167.000000000000000000
0.034124925105036327 0.006894016932185789 1167.000000000000000000
0.034126801726867481 0.007118246366115524 1167.000000000000000000
0.034128545977918395 0.007353704967264494 1167.000000000000000000
0.034130148780334234 0.007600983215367042 1167.000000000000000000
0.034131600342564447 0.007860700504322521 1167.000000000000000000
0.034132890110036306 0.008133505644628326 1167.000000000000000000
0.034134006714283682 0.008420077151393259 1168.000000000000000000
0.034134937920959132 0.008721123263565058 1168.000000000000000000
0.034135670577293678 0.009037381631010505 1168.000000000000000000
0.034136190559729579 0.009369618596097102 1168.000000000000000000
0.034136482722639833 0.009718627985421077 1168.000000000000000000
0.034136530849265434 0.010085229315372811 1169.000000000000000000
0.034136317606249730 0.010470265302440954 1169.000000000000000000
0.034135824503429016 0.010874598555699401 1169.000000000000000000
0.034135031860847681 0.011299107315130404 1169.000000000000000000
0.034133918785303460 0.011744680085672086 1169.000000000000000000
0.034132463159086912 0.012212209003792895 1169.000000000000000000
0.034130641643950708 0.012702581761667810 1170.000000000000000000
0.034128429703715171 0.013216671904717458 1170.000000000000000000
0.034125801649269594 0.013755327312546349 1170.000000000000000000
0.034122730710038858 0.014319356672693186 1170.000000000000000000
0.034119189136224110 0.014909513762853042 1170.000000000000000000
0.034115148336254772 0.015526479372378726 1170.000000000000000000
0.034110579053867579 0.016170840720211514 1170.000000000000000000
0.034105451589005825 0.016843068266369037 1171.000000000000000000
0.034099736066258213 0.017543489870290609 1171.000000000000000000
0.034093402753779908 0.018272262324127451 1171.000000000000000000
0.034086422434511918 0.019029340384639930 1171.000000000000000000
0.034078766830002466 0.019814443545260938 1171.000000000000000000
0.034070409075218813 0.020627020930740352 1171.000000000000000000
0.034061324240429278 0.021466214859820702 1171.000000000000000000
0.034051489893578271 0.022330823804010504 1171.000000000000000000
0.034040886693663758 0.023219265667779786 1172.000000000000000000
0.034029499002591543 0.024129542519615008 1172.000000000000000000
0.034017315500017090 0.025059208103402526 1172.000000000000000000
0.034004329783022702 0.026005339641242915 1172.000000000000000000
0.033990540930382576 0.026964515584552887 1172.000000000000000000
0.033975954009911449 0.027932801060154517 1172.000000000000000000
0.033960580507227028 0.028905742770775390 1172.000000000000000000
0.033944438655373527 0.029878375024617720 1172.000000000000000000
0.033927553647255665 0.030845238369845960 1173.000000000000000000
0.033909957716688151 0.031800411987844196 1173.000000000000000000
0.033891690078905058 0.032737560556137218 1173.000000000000000000
0.033872796727273786 0.033649995745207523 1173.000000000000000000
0.033853330089277933 0.034530751897630031 1173.000000000000000000
0.033833348551048484 0.035372674804538450 1173.000000000000000000
0.033812915865300323 0.036168521907886116 1173.000000000000000000
0.033792100461993907 0.036911071785788944 1174.000000000000000000
0.033770974684042505 0.037593240481905953 1174.000000000000000000
0.033749613971753009 0.038208202152636372 1174.000000000000000000
0.033728096019448150 0.038749511621798759 1174.000000000000000000
0.033706499926078271 0.039211226695051483 1174.000000000000000000
0.033684905358940226 0.039588028390074949 1174.000000000000000000
0.033663391746299010 0.039875337444560108 1174.000000000000000000
0.033642037511183456 0.040069425431026151 1175.000000000000000000
0.033620919355268009 0.040167518433485545 1175.000000000000000000
0.033600111598836455 0.040167890505825150 1175.000000000000000000
0.033579685580509541 0.040069943127422035 1175.000000000000000000
0.033559709118765595 0.039874265807162385 1175.000000000000000000
0.033540246036256001 0.039582672161808170 1175.000000000000000000
0.033521355747422946 0.039198205538929713 1175.000000000000000000
0.033503092909827281 0.038725108851272769 1175.000000000000000000
0.033485507139732376 0.038168754894168301 1176.000000000000000000
0.033468642792700773 0.037535535999449331 1176.000000000000000000
0.033452538810082241 0.036832715199199409 1176.000000000000000000
0.033437228632169975 0.036068244707957990 1176.000000000000000000
0.033422740178369374 0.035250560945105147 1177.000000000000000000
0.033409095893917551 0.034388367955730116 1177.000000000000000000
0.033396312861520706 0.033490422485656937 1177.000000000000000000
0.033384402974821328 0.032565333848532191 1177.000000000000000000
0.033373373168996558 0.031621390061975056 1177.000000000000000000
0.033363225702185730 0.030666418758487055 1177.000000000000000000
0.033353958480016349 0.029707687548058505 1177.000000000000000000
0.033345565414388080 0.028751844409349022 1178.000000000000000000
0.033338036806988595 0.027804894919033062 1178.000000000000000000
0.033331359747797620 0.026872210199176978 1178.000000000000000000
0.033325518519085329 0.025958557684416492 1178.000000000000000000
0.033320494996070774 0.025068146263579155 1178.000000000000000000
0.033316269036396201 0.024204677890520509 1178.000000000000000000
0.033312818851790327 0.023371399079848285 1178.000000000000000000
0.033310121356638300 0.022571147424745287 1178.000000000000000000
0.033308152489553211 0.021806390034881246 1179.000000000000000000
0.033306887505373896 0.021079252322672819 1179.000000000000000000
0.033306301236235070 0.020391536726589971 1179.000000000000000000
0.033306368321423634 0.019744731743609443 1179.000000000000000000
0.033307063406621359 0.019140012144056494 1179.000000000000000000
0.033308361313830921 0.018578231607968881 1179.000000000000000000
0.033310237183788817 0.018059909395747618 1179.000000000000000000
0.033312666593005469 0.017585213136346013 1180.000000000000000000
0.033315625647759625 0.017153940386073267 1180.000000000000000000
0.033319091057444510 0.016765502188151989 1180.000000000000000000
0.033323040189645561 0.016418912281611398 1180.000000000000000000
0.033327451109253448 0.016112785675277567 1180.000000000000000000
0.033332302603804181 0.015845349862499105 1180.000000000000000000
0.033337574197107998 0.015614470946411390 1180.000000000000000000
0.033343246153088341 0.015417695451055445 1180.000000000000000000
0.033349299471609306 0.015252306820524633 1181.000000000000000000
0.033355715877920800 0.015115393853411532 1181.000000000000000000
0.033362477807198698 0.015003926891208077 1181.000000000000000000
0.033369568385497643 0.014914836716681751 1181.000000000000000000
0.033376971408269521 0.014845090937330793 1181.000000000000000000
0.033384671317430593 0.014791763105643884 1181.000000000000000000
0.033392653177789680 0.014752090821867431 1181.000000000000000000
0.033400902653481515 0.014723520368726354 1181.000000000000000000
0.033409405984889458 0.014703736820869352 1182.000000000000000000
0.033418149966394098 0.014690679865195410 1182.000000000000000000
0.033427121925152486 0.014682546628428881 1182.000000000000000000
0.033436309701002434 0.014677783564402254 1182.000000000000000000
0.033445701627494891 0.014675069890179943 1182.000000000000000000
0.033455286513991475 0.014673295203347305 1182.000000000000000000
0.033465053628717469 0.014671533814063385 1182.000000000000000000
0.033474992682636096 0.014669018047800141 1183.000000000000000000
0.033485093814001811 0.014665112381935005 1183.000000000000000000
0.033495347573457984 0.014659289829032012 1183.000000000000000000
0.033505744909561402 0.014651111519310339 1183.000000000000000000
0.033516277154640707 0.014640210000556700 1183.000000000000000000
0.033526936010923464 0.014626276390863169 1183.000000000000000000
0.033537713536893610 0.014609051203758393 1183.000000000000000000
0.033548602133865048 0.014588318424475265 1183.000000000000000000
0.033559594532777966 0.014563902252172642 1184.000000000000000000
0.033570683781237301 0.014535665832984820 1184.000000000000000000
0.033581863230822677 0.014503511286350175 1184.000000000000000000
0.033593126524701554 0.014467380362717714 1184.000000000000000000
0.033604467585576739 0.014427255152703062 1185.000000000000000000
0.033615880603995077 0.014383158382902182 1185.000000000000000000
0.033627360027037874 0.014335152967858398 1185.000000000000000000
0.033638900547406009 0.014283340627447398 1185.000000000000000000
0.033650497092905907 0.014227859511722415 1185.000000000000000000
0.033662144816335532 0.014168880890806803 1185.000000000000000000
0.033673839085764282 0.014106605058235168 1185.000000000000000000
0.033685575475196829 0.014041256658159839 1186.000000000000000000
0.033697349755608196 0.013973079678979410 1186.000000000000000000
0.033709157886336827 0.013902332360289078 1186.000000000000000000
0.033720996006821977 0.013829282240785636 1186.000000000000000000
0.033732860428673114 0.013754201537715265 1186.000000000000000000
0.033744747628060456 0.013677363000129396 1186.000000000000000000
0.033756654238417630 0.013599036325109485 1186.000000000000000000
0.033768577043448572 0.013519485174068863 1186.000000000000000000
0.033780512970432941 0.013438964779945618 1187.000000000000000000
0.033792459083824167 0.013357720098995595 1187.000000000000000000
0.033804412579135357 0.013275984434863594 1187.000000000000000000
0.033816370777107203 0.013193978448273533 1187.000000000000000000
0.033828331118152088 0.013111909462371339 1187.000000000000000000
0.033840291157066459 0.013029970979874812 1187.000000000000000000
0.033852248558003520 0.012948342341585515 1187.000000000000000000
0.033864201089695477 0.012867188473780605 1188.000000000000000000
0.033876146620914455 0.012786659691991007 1188.000000000000000000
0.033888083116159498 0.012706891548165860 1188.000000000000000000
0.033900008631556566 0.012628004725213051 1188.000000000000000000
0.033911921310957785 0.012550104995892947 1188.000000000000000000
0.033923819382226508 0.012473283271129778 1188.000000000000000000
0.033935701153694590 0.012397615765782180 1188.000000000000000000
0.033947565010779591 0.012323164308022248 1188.000000000000000000
0.033959409412749705 0.012249976812563295 1189.000000000000000000
0.033971232889626009 0.012178087928992904 1189.000000000000000000
0.033983034039212726 0.012107519865785628 1189.000000000000000000
0.033994811524246896 0.012038283379314996 1189.000000000000000000
0.034006564069661231 0.011970378906594813 1189.000000000000000000
0.034018290459953839 0.011903797811464648 1189.000000000000000000
0.034029989536660463 0.011838523707207390 1189.000000000000000000
0.034041660195925499 0.011774533814590598 1190.000000000000000000
0.034053301386168341 0.011711800313181664 1190.000000000000000000
0.034064912105842719 0.011650291645396972 1190.000000000000000000
0.034076491401286553 0.011589973736855438 1190.000000000000000000
0.034088038364660081 0.011530811102624629 1190.000000000000000000
0.034099552131970280 0.011472767816453485 1190.000000000000000000
0.034111031881179268 0.011415808328281698 1190.000000000000000000
0.034122476830394245 0.011359898123744211 1190.000000000000000000
0.034133886236136592 0.011305004227293939 1191.000000000000000000
0.034145259391687409 0.011251095557630477 1191.000000000000000000
0.034156595625506742 0.011198143149794962 1191.000000000000000000
0.034167894299723403 0.011146120262461690 1191.000000000000000000
0.034179154808692706 0.011095002391435183 1191.000000000000000000
0.034190376577619086 0.011044767211208879 1191.000000000000000000
0.034201559061240568 0.010995394465800805 1191.000000000000000000
0.034212701742572453 0.010946865828201610 1191.000000000000000000
0.034223804131707641 0.010899164744927869 1192.000000000000000000
0.034234865764670851 0.010852276278785846 1192.000000000000000000
0.034245886202324681 0.010806186959251389 1192.000000000000000000
0.034256865029325144 0.010760884646285480 1192.000000000000000000
0.034267801853124807 0.010716358410106930 1193.000000000000000000
0.034278696303021751 0.010672598426725851 1193.000000000000000000
0.034289548029252298 0.010629595886913052 1193.000000000000000000
0.034300356702126271 0.010587342914951260 1193.000000000000000000
0.034311122011202871 0.010545832492829556 1193.000000000000000000
0.034321843664505830 0.010505058385534637 1193.000000000000000000
0.034332521387776135 0.010465015063630866 1193.000000000000000000
0.034343154923760888 0.010425697620242346 1193.000000000000000000
0.034353744031536591 0.010387101680745674 1194.000000000000000000
0.034364288485865632 0.010349223304782518 1194.000000000000000000
0.034374788076583729 0.010312058881475643 1194.000000000000000000
0.034385242608017452 0.010275605019844470 1194.000000000000000000
0.034395651898429622 0.010239858437314462 1194.000000000000000000
0.034406015779491282 0.010204815849799521 1194.000000000000000000
0.034416334095778614 0.010170473867087942 1194.000000000000000000
0.034426606704293164 0.010136828897207035 1195.000000000000000000
0.034436833474004079 0.010103877063073800 1195.000000000000000000
0.034447014285410769 0.010071614134122230 1195.000000000000000000
0.034457149030124888 0.010040035474799446 1195.000000000000000000
0.034467237610470144 0.010009136010932550 1195.000000000000000000
0.034477279939099090 0.009978910214017995 1195.000000000000000000
0.034487275938625550 0.009949352102587867 1195.000000000000000000
0.034497225541272228 0.009920455259031413 1196.000000000000000000
0.034507128688531959 0.009892212859581558 1196.000000000000000000
0.034516985330842465 0.009864617714732139 1196.000000000000000000
0.034526795427273577 0.009837662317084502 1196.000000000000000000
0.034536558945226302 0.009811338893558634 1196.000000000000000000
0.034546275860143388 0.009785639459026742 1196.000000000000000000
0.034555946155230555 0.009760555868705188 1196.000000000000000000
0.034565569821188080 0.009736079867053889 1196.000000000000000000
0.034575146855952248 0.009712203131410692 1197.000000000000000000
0.034584677264446181 0.009688917309138012 1197.000000000000000000
0.034594161058339665 0.009666214047594287 1197.000000000000000000
0.034603598255817658 0.009644085016759295 1197.000000000000000000
0.034612988881356867 0.009622521924797655 1197.000000000000000000
0.034622332965510247 0.009601516527224749 1197.000000000000000000
0.034631630544699088 0.009581060630615583 1197.000000000000000000
0.034640881661012105 0.009561146091983403 1197.000000000000000000
0.034650086362011404 0.009541764815029415 1198.000000000000000000
0.034659244700545218 0.009522908744471171 1198.000000000000000000
0.034668356734566599 0.009504569859534739 1198.000000000000000000
0.034677422526958289 0.009486740167583057 1198.000000000000000000
0.034686442145363414 0.009469411698624740 1198.000000000000000000
0.034695415662021556 0.009452576501243443 1198.000000000000000000
0.034704343153610269 0.009436226640258760 1198.000000000000000000
0.034713224701091783 0.009420354196218122 1198.000000000000000000
0.034722060389564505 0.009404951266629911 1199.000000000000000000
0.034730850308119572 0.009390009968692712 1199.000000000000000000
0.034739594549701769 0.009375522443175048 1199.000000000000000000
0.034748293210975237 0.009361480859021996 1199.000000000000000000
0.034756946392193323 0.009347877418249492 1199.000000000000000000
0.034765554197072758 0.009334704360703600 1199.000000000000000000
0.034774116732671903 0.009321953968302132 1199.000000000000000000
0.034782634109272993 0.009309618568455743 1200.000000000000000000
0.034791106440268199 0.009297690536449563 1200.000000000000000000
0.034799533842049285 0.009286162296671147 1200.000000000000000000
0.034807916433901076 0.009275026322646587 1200.000000000000000000
0.034816254337898159 0.009264275135954667 1200.000000000000000000
0.034824547678804940 0.009253901304151097 1201.000000000000000000
0.034832796583979052 0.009243897437893181 1201.000000000000000000
0.034841001183277598 0.009234256187499667 1201.000000000000000000
0.034849161608966533 0.009224970239189674 1201.000000000000000000
0.034857277995632874 0.009216032311253130 1201.000000000000000000
0.034865350480099387 0.009207435150380076 1201.000000000000000000
0.034873379201342342 0.009199171528352947 1201.000000000000000000
0.034881364300411298 0.009191234239250062 1201.000000000000000000
0.034889305920351679 0.009183616097289246 1202.000000000000000000
0.034897204206129441 0.009176309935346573 1202.000000000000000000
0.034905059304558124 0.009169308604185387 1202.000000000000000000
0.034912871364227979 0.009162604972345327 1202.000000000000000000
0.034920640535437218 0.009156191926628473 1202.000000000000000000
0.034928366970125163 0.009150062373084980 1202.000000000000000000
0.034936050821807570 0.009144209238372619 1202.000000000000000000
0.034943692245513580 0.009138625471365803 1203.000000000000000000
0.034951291397724536 0.009133304044888171 1203.000000000000000000
0.034958848436314638 0.009128237957443976 1203.000000000000000000
0.034966363520493225 0.009123420234847069 1203.000000000000000000
0.034973836810748643 0.009118843931660087 1203.000000000000000000
0.034981268468793757 0.009114502132378157 1203.000000000000000000
0.034988658657512953 0.009110387952325908 1203.000000000000000000
0.034996007540910597 0.009106494538242145 1204.000000000000000000
0.035003315284060962 0.009102815068568613 1204.000000000000000000
0.035010582053059444 0.009099342753458493 1204.000000000000000000
0.035017808014975199 0.009096070834551205 1204.000000000000000000
0.035024993337805010 0.009092992584561012 1204.000000000000000000
0.035032138190428323 0.009090101306730795 1204.000000000000000000
0.035039242742563668 0.009087390334217935 1204.000000000000000000
0.035046307164726037 0.009084853029461441 1204.000000000000000000
0.035053331628185490 0.009082482783580877 1205.000000000000000000
0.035060316304926835 0.009080273015856581 1205.000000000000000000
0.035067261367610375 0.009078217173316272 1205.000000000000000000
0.035074166989533612 0.009076308730458317 1205.000000000000000000
0.035081033344594004 0.009074541189123656 1205.000000000000000000
0.035087860607252767 0.009072908078516640 1205.000000000000000000
0.035094648952499356 0.009071402955378458 1205.000000000000000000
0.035101398555817231 0.009070019404290558 1205.000000000000000000
0.035108109593150166 0.009068751038101008 1206.000000000000000000
0.035114782240869717 0.009067591498450248 1206.000000000000000000
0.035121416675743311 0.009066534456374471 1206.000000000000000000
0.035128013074903278 0.009065573612962324 1206.000000000000000000
0.035134571615816720 0.009064702700054170 1206.000000000000000000
0.035141092476256068 0.009063915480958742 1206.000000000000000000
0.035147575834270438 0.009063205751177065 1206.000000000000000000
0.035154021868157810 0.009062567339125790 1207.000000000000000000
0.035160430756437815 0.009061994106851809 1207.000000000000000000
0.035166802677825251 0.009061479950739693 1207.000000000000000000
0.035173137811204423 0.009061018802210018 1207.000000000000000000
0.035179436335603907 0.009060604628419473 1207.000000000000000000
0.035185698430172156 0.009060231432959892 1207.000000000000000000
0.035191924274153678 0.009059893256574717 1207.000000000000000000
0.035198114046865771 0.009059584177894757 1207.000000000000000000
0.035204267927675899 0.009059298314201464 1208.000000000000000000
0.035210386095979665 0.009059029822229055 1208.000000000000000000
0.035216468731179291 0.009058772899007462 1208.000000000000000000
0.035222516012662602 0.009058521782753303 1208.000000000000000000
0.035228528119782589 0.009058270753809793 1208.000000000000000000
0.035234505231837507 0.009058014135635161 1208.000000000000000000
0.035240447528051388 0.009057746295844741 1208.000000000000000000
0.035246355187555062 0.009057461647295951 1208.000000000000000000
0.035252228389367563 0.009057154649217832 1209.000000000000000000
0.035258067312378148 0.009056819808377730 1210.000000000000000000
0.035263872135328556 0.009056451680281092 1210.000000000000000000
0.035269643036795757 0.009056044870397488 1211.000000000000000000
0.035275380195175142 0.009055594035411313 1211.000000000000000000
0.035281083788664042 0.009055093884481632 1211.000000000000000000
0.035286753995245612 0.009054539180522016 1211.000000000000000000
0.035292390992673089 0.009053924741481879 1211.000000000000000000
0.035297994958454482 0.009053245441636682 1211.000000000000000000
0.035303566069837367 0.009052496212880111 1211.000000000000000000
0.035309104503794334 0.009051672046019085 1211.000000000000000000
0.035314610437008370 0.009050767992070025 1212.000000000000000000
0.035320084045858853 0.009049779163559616 1212.000000000000000000
0.035325525506407676 0.009048700735825548 1212.000000000000000000
0.035330934994385652 0.009047527948327755 1212.000000000000000000
0.035336312685179234 0.009046256105961209 1212.000000000000000000
0.035341658753817444 0.009044880580378788 1212.000000000000000000
0.035346973374959033 0.009043396811323793 1212.000000000000000000
0.035352256722879949 0.009041800307972546 1213.000000000000000000
0.035357508971460977 0.009040086650287382 1213.000000000000000000
0.035362730294175554 0.009038251490379175 1213.000000000000000000
0.035367920864077841 0.009036290553884104 1213.000000000000000000
0.035373080853791018 0.009034199641346729 1213.000000000000000000
0.035378210435495702 0.009031974629610624 1213.000000000000000000
0.035383309780918581 0.009029611473218891 1213.000000000000000000
0.035388379061321203 0.009027106205814775 1213.000000000000000000
0.035393418447489000 0.009024454941544522 1214.000000000000000000
0.035398428109720347 0.009021653876459848 1214.000000000000000000
0.035403408217815895 0.009018699289912616 1214.000000000000000000
0.035408358941067961 0.009015587545945716 1214.000000000000000000
0.035413280448250192 0.009012315094668051 1214.000000000000000000
0.035418172907607175 0.009008878473619806 1214.000000000000000000
0.035423036486844382 0.009005274309118370 1214.000000000000000000
0.035427871353118021 0.009001499317584127 1215.000000000000000000
0.035432677673025270 0.008997550306844657 1215.000000000000000000
0.035437455612594426 0.008993424177414033 1215.000000000000000000
0.035442205337275282 0.008989117923743444 1215.000000000000000000
0.035446927011929467 0.008984628635443623 1215.000000000000000000
0.035451620800821239 0.008979953498474771 1215.000000000000000000
0.035456286867607885 0.008975089796303666 1215.000000000000000000
0.035460925375330694 0.008970034911023824 1215.000000000000000000
0.035465536486405783 0.008964786324440314 1216.000000000000000000
0.035470120362615001 0.008959341619112380 1216.000000000000000000
0.035474677165097154 0.008953698479358233 1216.000000000000000000
0.035479207054339088 0.008947854692213254 1216.000000000000000000
0.035483710190167002 0.008941808148346300 1217.000000000000000000
0.035488186731737856 0.008935556842925541 1217.000000000000000000
0.035492636837530789 0.008929098876438221 1217.000000000000000000
0.035497060665338809 0.008922432455456108 1217.000000000000000000
0.035501458372260299 0.008915555893349251 1217.000000000000000000
0.035505830114690995 0.008908467610943908 1217.000000000000000000
0.035510176048315717 0.008901166137122305 1217.000000000000000000
0.035514496328100401 0.008893650109360423 1217.000000000000000000
0.035518791108284202 0.008885918274207578 1218.000000000000000000
0.035523060542371657 0.008877969487700034 1218.000000000000000000
0.035527304783124929 0.008869802715706178 1218.000000000000000000
0.035531523982556303 0.008861417034209231 1218.000000000000000000
0.035535718291920641 0.008852811629516471 1218.000000000000000000
0.035539887861708003 0.008843985798399304 1218.000000000000000000
0.035544032841636361 0.008834938948161340 1218.000000000000000000

