0.1606
   0.1585
   0.1546
   0.1493
   0.1430
   0.1362
   0.1293
   0.1229
   0.1174
   0.1129
   0.1093
   0.1065
   0.1041
   0.1016
   0.0988
   0.0958
   0.0926
   0.0895
   0.0867
   0.0843
   0.0822
   0.0802
   0.0782
   0.0762
   0.0742
   0.0724
   0.0708
   0.0692
   0.0676
   0.0658
   0.0642
   0.0627
   0.0615
   0.0605
   0.0596
   0.0587
   0.0579
   0.0573
   0.0567
   0.0561
   0.0557
   0.0552
   0.0548
   0.0544
   0.0541
   0.0538
   0.0535
   0.0531
   0.0528
   0.0526
   0.0523
   0.0521
   0.0519
   0.0516
   0.0514
   0.0512
   0.0510
   0.0508
   0.0506
   0.0504
   0.0502
   0.0500
   0.0498
   0.0497
   0.0495
   0.0493
   0.0492
   0.0490
   0.0488
   0.0487
   0.0485
   0.0484
   0.0482
   0.0480
   0.0479
   0.0477
   0.0475
   0.0474
   0.0472
   0.0470
   0.0468
   0.0467
   0.0465
   0.0463
   0.0461
   0.0459
   0.0457
   0.0455
   0.0452
   0.0450
   0.0448
   0.0445
   0.0442
   0.0440
   0.0437
   0.0434
   0.0431
   0.0428
   0.0424
   0.0421
   0.0417
   0.0413
   0.0409
   0.0405
   0.0401
   0.0396
   0.0392
   0.0387
   0.0382
   0.0377
   0.0371
   0.0366
   0.0360
   0.0354
   0.0348
   0.0341
   0.0335
   0.0328
   0.0322
   0.0315
   0.0308
   0.0301
   0.0295
   0.0288
   0.0282
   0.0276
   0.0271
   0.0266
   0.0262
   0.0258
   0.0255
   0.0251
   0.0248
   0.0245
   0.0242
   0.0239
   0.0237
   0.0234
   0.0231
   0.0228
   0.0225
   0.0222
   0.0219
   0.0217
   0.0214
   0.0210
   0.0207
   0.0204
   0.0200
   0.0196
   0.0192
   0.0188
   0.0185
   0.0182
   0.0178
   0.0175
   0.0172
   0.0168
   0.0165
   0.0161
   0.0157
   0.0153
   0.0149
   0.0146
   0.0142
   0.0138
   0.0134
   0.0130
   0.0127
   0.0123
   0.0120
   0.0117
   0.0113
   0.0109
   0.0104
   0.0099
   0.0093
   0.0088
   0.0082
   0.0077
   0.0072
   0.0068
   0.0065
   0.0061
   0.0058
   0.0055
   0.0052
   0.0049
   0.0047
   0.0045
   0.0043
   0.0041
   0.0040
   0.0038
   0.0037
   0.0036
   0.0034
   0.0033
   0.0032
   0.0031
   0.0030
   0.0029
   0.0028
   0.0027
   0.0026
   0.0025
   0.0024
   0.0024
   0.0023
   0.0022
   0.0022
   0.0021
   0.0020
   0.0020
   0.0019
   0.0019
   0.0018
   0.0018
   0.0017
   0.0017
   0.0016
   0.0016
   0.0016
   0.0015
   0.0015
   0.0015
   0.0014
   0.0014
   0.0014
   0.0014
   0.0013
   0.0013
   0.0013
   0.0013
   0.0012
   0.0012
   0.0012
   0.0012
   0.0012
   0.0011
   0.0011
   0.0011
   0.0011
   0.0011
   0.0011
   0.0010
   0.0010
   0.0010
   0.0010
   0.0010
   0.0010
   0.0010
   0.0009
   0.0009
   0.0009
   0.0009
   0.0009
   0.0009
   0.0009
   0.0009
   0.0009
   0.0008
   0.0008
   0.0008
   0.0008
   0.0008
   0.0008
   0.0008
   0.0008
   0.0008
   0.0008
   0.0008
   0.0008
   0.0007
   0.0007
   0.0007
   0.0007
   0.0007
   0.0007
   0.0007
   0.0007
   0.0007
   0.0007
   0.0007
   0.0007
   0.0007
   0.0007
   0.0007
   0.0007
   0.0006
   0.0006
   0.0006
   0.0006
   0.0006
   0.0006
   0.0006
   0.0006
   0.0006
   0.0006
   0.0006
   0.0006
   0.0006
   0.0006
   0.0006
   0.0006
   0.0006
   0.0006
   0.0006
   0.0006
   0.0006
   0.0006
   0.0005
   0.0005
   0.0005
   0.0005
   0.0005
   0.0005
   0.0005
   0.0005
   0.0005
   0.0005
   0.0005
   0.0005
   0.0005
   0.0005
   0.0005
   0.0005
   0.0005
   0.0005
   0.0005
   0.0005
   0.0005
   0.0005
   0.0005
   0.0005
   0.0005
   0.0005
   0.0005
   0.0005
   0.0005
   0.0005
   0.0005
   0.0005
   0.0004
   0.0004
   0.0004
   0.0004
   0.0004
   0.0004
   0.0004
   0.0004
   0.0004
   0.0004
   0.0004
   0.0004
   0.0004
   0.0004
   0.0004
   0.0004
   0.0004
   0.0004
   0.0004
   0.0004
   0.0004
   0.0004
   0.0004
   0.0004
   0.0004
   0.0004
   0.0004
   0.0004
   0.0004
   0.0004
   0.0004
   0.0004
   0.0004
   0.0004
   0.0004
   0.0004
   0.0004
   0.0004
   0.0004
   0.0004
   0.0004
   0.0004
   0.0004
   0.0004
   0.0004
   0.0004
   0.0004
   0.0004
   0.0004
   0.0004
   0.0004
   0.0004
   0.0004
   0.0003
   0.0003
   0.0003
   0.0003
   0.0003
   0.0003
   0.0003
   0.0003
   0.0003
   0.0003
   0.0003
   0.0003
   0.0003
   0.0003
   0.0003
   0.0003
   0.0003
   0.0003
   0.0003
   0.0003
   0.0003
   0.0003
   0.0003
   0.0003
   0.0003
   0.0003
   0.0003
   0.0003
   0.0003
   0.0003
   0.0003
   0.0003
   0.0003
   0.0003
   0.0003
   0.0003
   0.0003
   0.0003
   0.0003
   0.0003
   0.0003
   0.0003
   0.0003
   0.0003
   0.0003
   0.0003
   0.0003
   0.0003
   0.0003
   0.0003
   0.0003
   0.0003
   0.0003
   0.0003
   0.0003
   0.0003
   0.0003
   0.0003
   0.0003
   0.0003
   0.0003
   0.0003
   0.0003
   0.0003
   0.0003
   0.0003
   0.0003
   0.0003
   0.0003
   0.0003
   0.0003
   0.0003
   0.0003
   0.0003
   0.0003
   0.0003
   0.0003
   0.0003
   0.0003
   0.0003
   0.0003
   0.0003
   0.0003
   0.0003
   0.0003
   0.0003
   0.0003
   0.0003
   0.0003
   0.0003
   0.0003
   0.0003
   0.0003
   0.0003
   0.0003
   0.0003
   0.0003
   0.0002
   0.0002
   0.0002
   0.0002
   0.0002
   0.0002
   0.0002
   0.0002
   0.0002
   0.0002
   0.0002
   0.0002
   0.0002
   0.0002
   0.0002
   0.0002
   0.0002
   0.0002
   0.0002
   0.0002
   0.0002
   0.0002
   0.0002
   0.0002
   0.0002
   0.0002
   0.0002
   0.0002
   0.0002
   0.0002
   0.0002
   0.0002
   0.0002
   0.0002
   0.0002
   0.0002
   0.0002
   0.0002
   0.0002
   0.0002
   0.0002
   0.0002
   0.0002
   0.0002
   0.0002
   0.0002
   0.0002
   0.0002
   0.0002
   0.0002
   0.0002
   0.0002
   0.0002
   0.0002
   0.0002
   0.0002
   0.0002
   0.0002
   0.0002
   0.0002
   0.0002
   0.0002
   0.0002
   0.0002
   0.0002
   0.0002
   0.0002
   0.0002
   0.0002
   0.0002
   0.0002
   0.0002
   0.0002
   0.0002
   0.0002
   0.0002
   0.0002
   0.0002
   0.0002
   0.0002
   0.0002
   0.0002
   0.0002
   0.0002
   0.0002
   0.0002
   0.0002
   0.0002
   0.0002
   0.0002
   0.0002
   0.0002
   0.0002
   0.0002
   0.0002
   0.0002
   0.0002
   0.0002
   0.0002
   0.0002
   0.0002
   0.0002
   0.0002
   0.0002
   0.0002
   0.0002
   0.0002
