   0.1440
   0.1419
   0.1398
   0.1379
   0.1360
   0.1341
   0.1324
   0.1307
   0.1291
   0.1276
   0.1262
   0.1248
   0.1236
   0.1223
   0.1212
   0.1201
   0.1191
   0.1181
   0.1171
   0.1162
   0.1153
   0.1145
   0.1137
   0.1129
   0.1122
   0.1114
   0.1107
   0.1100
   0.1094
   0.1087
   0.1081
   0.1074
   0.1068
   0.1062
   0.1055
   0.1049
   0.1043
   0.1037
   0.1031
   0.1025
   0.1019
   0.1013
   0.1008
   0.1002
   0.0996
   0.0990
   0.0984
   0.0978
   0.0972
   0.0966
   0.0960
   0.0954
   0.0948
   0.0942
   0.0936
   0.0930
   0.0924
   0.0918
   0.0912
   0.0906
   0.0900
   0.0894
   0.0888
   0.0882
   0.0876
   0.0870
   0.0864
   0.0858
   0.0852
   0.0846
   0.0840
   0.0835
   0.0829
   0.0823
   0.0818
   0.0812
   0.0807
   0.0802
   0.0797
   0.0791
   0.0786
   0.0781
   0.0776
   0.0772
   0.0767
   0.0762
   0.0758
   0.0753
   0.0749
   0.0744
   0.0740
   0.0736
   0.0732
   0.0728
   0.0724
   0.0720
   0.0716
   0.0712
   0.0709
   0.0705
   0.0702
   0.0698
   0.0695
   0.0692
   0.0688
   0.0685
   0.0682
   0.0679
   0.0676
   0.0673
   0.0670
   0.0668
   0.0665
   0.0662
   0.0659
   0.0657
   0.0654
   0.0652
   0.0649
   0.0647
   0.0645
   0.0642
   0.0640
   0.0638
   0.0636
   0.0634
   0.0632
   0.0629
   0.0627
   0.0625
   0.0624
   0.0622
   0.0620
   0.0618
   0.0616
   0.0614
   0.0612
   0.0611
   0.0609
   0.0607
   0.0606
   0.0604
   0.0602
   0.0601
   0.0599
   0.0598
   0.0596
   0.0595
   0.0593
   0.0592
   0.0590
   0.0589
   0.0587
   0.0586
   0.0584
   0.0583
   0.0582
   0.0580
   0.0579
   0.0578
   0.0576
   0.0575
   0.0574
   0.0573
   0.0571
   0.0570
   0.0569
   0.0568
   0.0567
   0.0565
   0.0564
   0.0563
   0.0562
   0.0561
   0.0560
   0.0558
   0.0557
   0.0556
   0.0555
   0.0554
   0.0553
   0.0552
   0.0551
   0.0550
   0.0549
   0.0548
   0.0547
   0.0546
   0.0545
   0.0544
   0.0542
   0.0541
   0.0540
   0.0539
   0.0538
   0.0538
   0.0537
   0.0536
   0.0535
   0.0534
   0.0533
   0.0532
   0.0531
   0.0530
   0.0529
   0.0528
   0.0527
   0.0526
   0.0525
   0.0524
   0.0523
   0.0522
   0.0522
   0.0521
   0.0520
   0.0519
   0.0518
   0.0517
   0.0516
   0.0515
   0.0514
   0.0514
   0.0513
   0.0512
   0.0511
   0.0510
   0.0509
   0.0508
   0.0508
   0.0507
   0.0506
   0.0505
   0.0504
   0.0503
   0.0503
   0.0502
   0.0501
   0.0500
   0.0499
   0.0499
   0.0498
   0.0497
   0.0496
   0.0495
   0.0495
   0.0494
   0.0493
   0.0492
   0.0491
   0.0491
   0.0490
   0.0489
   0.0488
   0.0488
   0.0487
   0.0486
   0.0485
   0.0484
   0.0484
   0.0483
   0.0482
   0.0481
   0.0481
   0.0480
   0.0479
   0.0478
   0.0478
   0.0477
   0.0476
   0.0475
   0.0475
   0.0474
   0.0473
   0.0473
   0.0472
   0.0471
   0.0470
   0.0470
   0.0469
   0.0468
   0.0467
   0.0467
   0.0466
   0.0465
   0.0465
   0.0464
   0.0463
   0.0462
   0.0462
   0.0461
   0.0460
   0.0460
   0.0459
   0.0458
   0.0458
   0.0457
   0.0456
   0.0455
   0.0455
   0.0454
   0.0453
   0.0453
   0.0452
   0.0451
   0.0451
   0.0450
   0.0449
   0.0449
   0.0448
   0.0447
   0.0446
   0.0446
   0.0445
   0.0444
   0.0444
   0.0443
   0.0442
   0.0442
   0.0441
   0.0440
   0.0440
   0.0439
   0.0438
   0.0438
   0.0437
   0.0436
   0.0435
   0.0435
   0.0434
   0.0433
   0.0433
   0.0432
   0.0431
   0.0431
   0.0430
   0.0429
   0.0429
   0.0428
   0.0427
   0.0427
   0.0426
   0.0425
   0.0424
   0.0424
   0.0423
   0.0422
   0.0422
   0.0421
   0.0420
   0.0420
   0.0419
   0.0418
   0.0417
   0.0417
   0.0416
   0.0415
   0.0415
   0.0414
   0.0413
   0.0413
   0.0412
   0.0411
   0.0410
   0.0410
   0.0409
   0.0408
   0.0407
   0.0407
   0.0406
   0.0405
   0.0405
   0.0404
   0.0403
   0.0402
   0.0402
   0.0401
   0.0400
   0.0399
   0.0399
   0.0398
   0.0397
   0.0396
   0.0396
   0.0395
   0.0394
   0.0393
   0.0393
   0.0392
   0.0391
   0.0390
   0.0390
   0.0389
   0.0388
   0.0387
   0.0387
   0.0386
   0.0385
   0.0384
   0.0383
   0.0383
   0.0382
   0.0381
   0.0380
   0.0380
   0.0379
   0.0378
   0.0377
   0.0376
   0.0376
   0.0375
   0.0374
   0.0373
   0.0372
   0.0372
   0.0371
   0.0370
   0.0369
   0.0368
   0.0368
   0.0367
   0.0366
   0.0365
   0.0364
   0.0364
   0.0363
   0.0362
   0.0361
   0.0360
   0.0359
   0.0359
   0.0358
   0.0357
   0.0356
   0.0355
   0.0355
   0.0354
   0.0353
   0.0352
   0.0351
   0.0351
   0.0350
   0.0349
   0.0348
   0.0347
   0.0346
   0.0346
   0.0345
   0.0344
   0.0343
   0.0342
   0.0342
   0.0341
   0.0340
   0.0339
   0.0338
   0.0337
   0.0337
   0.0336
   0.0335
   0.0334
   0.0333
   0.0333
   0.0332
   0.0331
   0.0330
   0.0329
   0.0329
   0.0328
   0.0327
   0.0326
   0.0325
   0.0324
   0.0324
   0.0323
   0.0322
   0.0321
   0.0320
   0.0320
   0.0319
   0.0318
   0.0317
   0.0316
   0.0315
   0.0315
   0.0314
   0.0313
   0.0312
   0.0311
   0.0311
   0.0310
   0.0309
   0.0308
   0.0307
   0.0307
   0.0306
   0.0305
   0.0304
   0.0303
   0.0302
   0.0302
   0.0301
   0.0300
   0.0299
   0.0298
   0.0297
   0.0297
   0.0296
   0.0295
   0.0294
   0.0293
   0.0292
   0.0292
   0.0291
   0.0290
   0.0289
   0.0288
   0.0287
   0.0287
   0.0286
   0.0285
   0.0284
   0.0283
   0.0282
   0.0281
   0.0280
   0.0280
   0.0279
   0.0278
   0.0277
   0.0276
   0.0275
   0.0274
   0.0273
   0.0273
   0.0272
   0.0271
   0.0270
   0.0269
   0.0268
   0.0267
   0.0266
   0.0265
   0.0264
   0.0263
   0.0262
   0.0261
   0.0260
   0.0260
   0.0259
   0.0258
   0.0257
   0.0256
   0.0255
   0.0254
   0.0253
   0.0252
   0.0251
   0.0250
   0.0249
   0.0248
   0.0246
   0.0245
   0.0244
   0.0243
   0.0242
   0.0241
   0.0240
   0.0239
   0.0238
   0.0237
   0.0236
   0.0235
   0.0234
   0.0232
   0.0231
   0.0230
   0.0229
   0.0228
   0.0227
   0.0226
   0.0224
   0.0223
   0.0222
   0.0221
   0.0220
   0.0218
   0.0217
   0.0216
   0.0215
   0.0214
   0.0212
   0.0211
   0.0210
   0.0209
   0.0208
   0.0206
   0.0205
   0.0204
   0.0203
   0.0201
