   0.1347
   0.1322
   0.1292
   0.1264
   0.1239
   0.1217
   0.1198
   0.1181
   0.1166
   0.1152
   0.1139
   0.1127
   0.1115
   0.1104
   0.1092
   0.1081
   0.1070
   0.1059
   0.1048
   0.1037
   0.1027
   0.1016
   0.1006
   0.0996
   0.0986
   0.0977
   0.0968
   0.0959
   0.0950
   0.0942
   0.0933
   0.0925
   0.0918
   0.0910
   0.0902
   0.0895
   0.0888
   0.0881
   0.0874
   0.0867
   0.0860
   0.0854
   0.0847
   0.0841
   0.0834
   0.0828
   0.0822
   0.0816
   0.0810
   0.0804
   0.0798
   0.0792
   0.0787
   0.0781
   0.0775
   0.0770
   0.0764
   0.0759
   0.0754
   0.0748
   0.0743
   0.0738
   0.0733
   0.0728
   0.0723
   0.0718
   0.0713
   0.0709
   0.0704
   0.0699
   0.0695
   0.0690
   0.0686
   0.0681
   0.0677
   0.0673
   0.0669
   0.0664
   0.0660
   0.0656
   0.0652
   0.0648
   0.0644
   0.0640
   0.0636
   0.0632
   0.0629
   0.0625
   0.0621
   0.0617
   0.0613
   0.0610
   0.0606
   0.0602
   0.0599
   0.0595
   0.0591
   0.0588
   0.0584
   0.0581
   0.0577
   0.0574
   0.0570
   0.0567
   0.0563
   0.0560
   0.0557
   0.0553
   0.0550
   0.0547
   0.0543
   0.0540
   0.0537
   0.0534
   0.0531
   0.0528
   0.0524
   0.0521
   0.0518
   0.0515
   0.0512
   0.0509
   0.0506
   0.0504
   0.0501
   0.0498
   0.0495
   0.0492
   0.0489
   0.0486
   0.0484
   0.0481
   0.0478
   0.0475
   0.0473
   0.0470
   0.0467
   0.0464
   0.0462
   0.0459
   0.0456
   0.0454
   0.0451
   0.0448
   0.0445
   0.0443
   0.0440
   0.0437
   0.0435
   0.0432
   0.0429
   0.0426
   0.0424
   0.0421
   0.0418
   0.0415
   0.0413
   0.0410
   0.0407
   0.0404
   0.0401
   0.0399
   0.0396
   0.0393
   0.0390
   0.0387
   0.0384
   0.0381
   0.0378
   0.0376
   0.0373
   0.0370
   0.0367
   0.0364
   0.0361
   0.0358
   0.0355
   0.0352
   0.0349
   0.0346
   0.0342
   0.0339
   0.0336
   0.0333
   0.0330
   0.0327
   0.0324
   0.0320
   0.0317
   0.0314
   0.0311
   0.0307
   0.0304
   0.0301
   0.0298
   0.0295
   0.0291
   0.0288
   0.0285
   0.0282
   0.0279
   0.0276
   0.0273
   0.0270
   0.0267
   0.0264
   0.0261
   0.0258
   0.0256
   0.0253
   0.0250
   0.0248
   0.0245
   0.0242
   0.0240
   0.0237
   0.0235
   0.0233
   0.0230
   0.0228
   0.0226
   0.0223
   0.0221
   0.0219
   0.0217
   0.0215
   0.0213
   0.0211
   0.0209
   0.0207
   0.0205
   0.0203
   0.0201
   0.0199
   0.0197
   0.0195
   0.0194
   0.0192
   0.0190
   0.0188
   0.0187
   0.0185
   0.0183
   0.0182
   0.0180
   0.0179
   0.0177
   0.0176
   0.0174
   0.0173
   0.0171
   0.0170
   0.0168
   0.0167
   0.0165
   0.0164
   0.0163
   0.0161
   0.0160
   0.0159
   0.0157
   0.0156
   0.0155
   0.0154
   0.0152
   0.0151
   0.0150
   0.0149
   0.0148
   0.0147
   0.0145
   0.0144
   0.0143
   0.0142
   0.0141
   0.0140
   0.0139
   0.0138
   0.0137
   0.0136
   0.0135
   0.0134
   0.0133
   0.0132
   0.0131
   0.0130
   0.0129
   0.0128
   0.0127
   0.0126
   0.0125
   0.0124
   0.0124
   0.0123
   0.0122
   0.0121
   0.0120
   0.0119
   0.0118
   0.0118
   0.0117
   0.0116
   0.0115
   0.0114
   0.0114
   0.0113
   0.0112
   0.0111
   0.0111
   0.0110
   0.0109
   0.0109
   0.0108
   0.0107
   0.0106
   0.0106
   0.0105
   0.0104
   0.0104
   0.0103
   0.0102
   0.0102
   0.0101
   0.0100
   0.0100
   0.0099
   0.0099
   0.0098
   0.0097
   0.0097
   0.0096
   0.0096
   0.0095
   0.0094
   0.0094
   0.0093
   0.0093
   0.0092
   0.0092
   0.0091
   0.0091
   0.0090
   0.0090
   0.0089
   0.0088
   0.0088
   0.0087
   0.0087
   0.0086
   0.0086
   0.0085
   0.0085
   0.0084
   0.0084
   0.0084
   0.0083
   0.0083
   0.0082
   0.0082
   0.0081
   0.0081
   0.0080
   0.0080
   0.0079
   0.0079
   0.0079
   0.0078
   0.0078
   0.0077
   0.0077
   0.0076
   0.0076
   0.0076
   0.0075
   0.0075
   0.0074
   0.0074
   0.0074
   0.0073
   0.0073
   0.0073
   0.0072
   0.0072
   0.0071
   0.0071
   0.0071
   0.0070
   0.0070
   0.0070
   0.0069
   0.0069
   0.0069
   0.0068
   0.0068
   0.0068
   0.0067
   0.0067
   0.0067
   0.0066
   0.0066
   0.0066
   0.0065
   0.0065
   0.0065
   0.0064
   0.0064
   0.0064
   0.0063
   0.0063
   0.0063
   0.0062
   0.0062
   0.0062
   0.0062
   0.0061
   0.0061
   0.0061
   0.0060
   0.0060
   0.0060
   0.0060
   0.0059
   0.0059
   0.0059
   0.0058
   0.0058
   0.0058
   0.0058
   0.0057
   0.0057
   0.0057
   0.0057
   0.0056
   0.0056
   0.0056
   0.0056
   0.0055
   0.0055
   0.0055
   0.0055
   0.0054
   0.0054
   0.0054
   0.0054
   0.0054
   0.0053
   0.0053
   0.0053
   0.0053
   0.0052
   0.0052
   0.0052
   0.0052
   0.0051
   0.0051
   0.0051
   0.0051
   0.0051
   0.0050
   0.0050
   0.0050
   0.0050
   0.0050
   0.0049
   0.0049
   0.0049
   0.0049
   0.0049
   0.0048
   0.0048
   0.0048
   0.0048
   0.0048
   0.0047
   0.0047
   0.0047
   0.0047
   0.0047
   0.0046
   0.0046
   0.0046
   0.0046
   0.0046
   0.0046
   0.0045
   0.0045
   0.0045
   0.0045
   0.0045
   0.0045
   0.0044
   0.0044
   0.0044
   0.0044
   0.0044
   0.0044
   0.0043
   0.0043
   0.0043
   0.0043
   0.0043
   0.0043
   0.0042
   0.0042
   0.0042
   0.0042
   0.0042
   0.0042
   0.0041
   0.0041
   0.0041
   0.0041
   0.0041
   0.0041
   0.0041
   0.0040
   0.0040
   0.0040
   0.0040
   0.0040
   0.0040
   0.0040
   0.0039
   0.0039
   0.0039
   0.0039
   0.0039
   0.0039
   0.0039
   0.0038
   0.0038
   0.0038
   0.0038
   0.0038
   0.0038
   0.0038
   0.0037
   0.0037
   0.0037
   0.0037
   0.0037
   0.0037
   0.0037
   0.0037
   0.0036
   0.0036
   0.0036
   0.0036
   0.0036
   0.0036
   0.0036
   0.0036
   0.0036
   0.0035
   0.0035
   0.0035
   0.0035
   0.0035
   0.0035
   0.0035
   0.0035
   0.0034
   0.0034
   0.0034
   0.0034
   0.0034
   0.0034
   0.0034
   0.0034
   0.0034
   0.0033
   0.0033
   0.0033
   0.0033
   0.0033
   0.0033
   0.0033
   0.0033
   0.0033
   0.0033
   0.0032
   0.0032
   0.0032
   0.0032
   0.0032
   0.0032
   0.0032
   0.0032
   0.0032
   0.0032
   0.0031
   0.0031
   0.0031
   0.0031
   0.0031
   0.0031
   0.0031
   0.0031
   0.0031
   0.0031
