  0.1578
   0.1546
   0.1496
   0.1440
   0.1383
   0.1332
   0.1288
   0.1253
   0.1226
   0.1204
   0.1187
   0.1171
   0.1157
   0.1144
   0.1130
   0.1117
   0.1103
   0.1088
   0.1074
   0.1059
   0.1044
   0.1028
   0.1012
   0.0996
   0.0979
   0.0961
   0.0944
   0.0925
   0.0907
   0.0888
   0.0870
   0.0852
   0.0835
   0.0818
   0.0802
   0.0787
   0.0773
   0.0759
   0.0747
   0.0735
   0.0724
   0.0713
   0.0703
   0.0694
   0.0685
   0.0677
   0.0670
   0.0662
   0.0655
   0.0649
   0.0643
   0.0637
   0.0632
   0.0627
   0.0622
   0.0617
   0.0612
   0.0608
   0.0604
   0.0600
   0.0596
   0.0593
   0.0589
   0.0586
   0.0582
   0.0579
   0.0576
   0.0573
   0.0570
   0.0567
   0.0565
   0.0562
   0.0559
   0.0556
   0.0554
   0.0551
   0.0549
   0.0546
   0.0544
   0.0541
   0.0539
   0.0537
   0.0534
   0.0532
   0.0530
   0.0527
   0.0525
   0.0523
   0.0520
   0.0518
   0.0516
   0.0514
   0.0511
   0.0509
   0.0507
   0.0504
   0.0502
   0.0500
   0.0497
   0.0495
   0.0493
   0.0490
   0.0488
   0.0486
   0.0483
   0.0481
   0.0479
   0.0476
   0.0474
   0.0471
   0.0469
   0.0467
   0.0464
   0.0462
   0.0459
   0.0457
   0.0454
   0.0452
   0.0449
   0.0447
   0.0445
   0.0442
   0.0440
   0.0437
   0.0435
   0.0432
   0.0430
   0.0427
   0.0425
   0.0422
   0.0419
   0.0417
   0.0414
   0.0412
   0.0409
   0.0407
   0.0404
   0.0401
   0.0399
   0.0396
   0.0393
   0.0390
   0.0387
   0.0384
   0.0382
   0.0378
   0.0375
   0.0372
   0.0369
   0.0365
   0.0362
   0.0358
   0.0355
   0.0351
   0.0347
   0.0343
   0.0339
   0.0335
   0.0331
   0.0326
   0.0322
   0.0318
   0.0313
   0.0309
   0.0304
   0.0300
   0.0295
   0.0291
   0.0287
   0.0282
   0.0278
   0.0273
   0.0269
   0.0265
   0.0260
   0.0256
   0.0252
   0.0248
   0.0243
   0.0239
   0.0235
   0.0231
   0.0227
   0.0223
   0.0219
   0.0215
   0.0211
   0.0207
   0.0203
   0.0200
   0.0196
   0.0192
   0.0189
   0.0185
   0.0182
   0.0178
   0.0175
   0.0172
   0.0168
   0.0165
   0.0162
   0.0159
   0.0156
   0.0153
   0.0151
   0.0148
   0.0145
   0.0143
   0.0140
   0.0138
   0.0135
   0.0133
   0.0131
   0.0128
   0.0126
   0.0124
   0.0122
   0.0120
   0.0118
   0.0116
   0.0115
   0.0113
   0.0111
   0.0109
   0.0108
   0.0106
   0.0105
   0.0103
   0.0102
   0.0100
   0.0099
   0.0097
   0.0096
   0.0095
   0.0093
   0.0092
   0.0091
   0.0090
   0.0089
   0.0088
   0.0086
   0.0085
   0.0084
   0.0083
   0.0082
   0.0081
   0.0080
   0.0079
   0.0078
   0.0078
   0.0077
   0.0076
   0.0075
   0.0074
   0.0073
   0.0073
   0.0072
   0.0071
   0.0070
   0.0070
   0.0069
   0.0068
   0.0067
   0.0067
   0.0066
   0.0065
   0.0065
   0.0064
   0.0063
   0.0063
   0.0062
   0.0062
   0.0061
   0.0061
   0.0060
   0.0059
   0.0059
   0.0058
   0.0058
   0.0057
   0.0057
   0.0056
   0.0056
   0.0055
   0.0055
   0.0054
   0.0054
   0.0053
   0.0053
   0.0053
   0.0052
   0.0052
   0.0051
   0.0051
   0.0050
   0.0050
   0.0050
   0.0049
   0.0049
   0.0048
   0.0048
   0.0048
   0.0047
   0.0047
   0.0047
   0.0046
   0.0046
   0.0046
   0.0045
   0.0045
   0.0045
   0.0044
   0.0044
   0.0044
   0.0043
   0.0043
   0.0043
   0.0042
   0.0042
   0.0042
   0.0042
   0.0041
   0.0041
   0.0041
   0.0040
   0.0040
   0.0040
   0.0040
   0.0039
   0.0039
   0.0039
   0.0039
   0.0038
   0.0038
   0.0038
   0.0038
   0.0037
   0.0037
   0.0037
   0.0037
   0.0036
   0.0036
   0.0036
   0.0036
   0.0036
   0.0035
   0.0035
   0.0035
   0.0035
   0.0035
   0.0034
   0.0034
   0.0034
   0.0034
   0.0034
   0.0033
   0.0033
   0.0033
   0.0033
   0.0033
   0.0032
   0.0032
   0.0032
   0.0032
   0.0032
   0.0032
   0.0031
   0.0031
   0.0031
   0.0031
   0.0031
   0.0031
   0.0030
   0.0030
   0.0030
   0.0030
   0.0030
   0.0030
   0.0029
   0.0029
   0.0029
   0.0029
   0.0029
   0.0029
   0.0029
   0.0028
   0.0028
   0.0028
   0.0028
   0.0028
   0.0028
   0.0028
   0.0027
   0.0027
   0.0027
   0.0027
   0.0027
   0.0027
   0.0027
   0.0027
   0.0026
   0.0026
   0.0026
   0.0026
   0.0026
   0.0026
   0.0026
   0.0026
   0.0025
   0.0025
   0.0025
   0.0025
   0.0025
   0.0025
   0.0025
   0.0025
   0.0025
   0.0024
   0.0024
   0.0024
   0.0024
   0.0024
   0.0024
   0.0024
   0.0024
   0.0024
   0.0023
   0.0023
   0.0023
   0.0023
   0.0023
   0.0023
   0.0023
   0.0023
   0.0023
   0.0023
   0.0022
   0.0022
   0.0022
   0.0022
   0.0022
   0.0022
   0.0022
   0.0022
   0.0022
   0.0022
   0.0022
   0.0021
   0.0021
   0.0021
   0.0021
   0.0021
   0.0021
   0.0021
   0.0021
   0.0021
   0.0021
   0.0021
   0.0021
   0.0020
   0.0020
   0.0020
   0.0020
   0.0020
   0.0020
   0.0020
   0.0020
   0.0020
   0.0020
   0.0020
   0.0020
   0.0020
   0.0020
   0.0019
   0.0019
   0.0019
   0.0019
   0.0019
   0.0019
   0.0019
   0.0019
   0.0019
   0.0019
   0.0019
   0.0019
   0.0019
   0.0019
   0.0018
   0.0018
   0.0018
   0.0018
   0.0018
   0.0018
   0.0018
   0.0018
   0.0018
   0.0018
   0.0018
   0.0018
   0.0018
   0.0018
   0.0018
   0.0018
   0.0017
   0.0017
   0.0017
   0.0017
   0.0017
   0.0017
   0.0017
   0.0017
   0.0017
   0.0017
   0.0017
   0.0017
   0.0017
   0.0017
   0.0017
   0.0017
   0.0017
   0.0017
   0.0016
   0.0016
   0.0016
   0.0016
   0.0016
   0.0016
   0.0016
   0.0016
   0.0016
   0.0016
   0.0016
   0.0016
   0.0016
   0.0016
   0.0016
   0.0016
   0.0016
   0.0016
   0.0016
   0.0016
   0.0015
   0.0015
   0.0015
   0.0015
   0.0015
   0.0015
   0.0015
   0.0015
   0.0015
   0.0015
   0.0015
   0.0015
   0.0015
   0.0015
   0.0015
   0.0015
   0.0015
   0.0015
   0.0015
   0.0015
   0.0015
   0.0015
   0.0015
   0.0014
   0.0014
   0.0014
   0.0014
   0.0014
   0.0014
   0.0014
   0.0014
   0.0014
   0.0014
   0.0014
   0.0014
   0.0014
   0.0014
   0.0014
   0.0014
   0.0014
   0.0014
   0.0014
   0.0014
   0.0014
   0.0014
   0.0014
   0.0014
   0.0014
   0.0013
   0.0013
   0.0013
   0.0013
   0.0013
   0.0013
   0.0013
   0.0013
   0.0013
   0.0013
   0.0013
