0.273905130734380886 0.263020102927437160 2386.000000000000000000
0.251736962828289612 0.382481730260370079 3078.000000000000000000
0.190771364016974226 2.115235417832073139 3548.000000000000000000
0.168553844042668238 2.210170946687584514 4063.000000000000000000
0.157736947097075669 3.970590822400382081 4240.000000000000000000
0.128972802449725754 1.241453762397630944 4262.000000000000000000
0.120378252379036738 0.854712741957788902 4492.000000000000000000
0.108338896983803223 0.400210143625571557 5673.000000000000000000
0.099794360105125768 0.769763318819322140 5675.000000000000000000
0.093620986810658419 0.378666406887905371 6072.000000000000000000
0.089028555323267464 0.522994914543577494 6074.000000000000000000
0.087315504218709566 0.270719768051029375 6166.000000000000000000
0.083157239383899031 0.318246157096257143 6248.000000000000000000
0.082236336042092517 0.295597330221750276 6340.000000000000000000
0.082040537852388781 0.158394546869718100 6432.000000000000000000
0.081665493173538689 0.094640416120602130 6521.000000000000000000
0.081541147297048339 0.069106373038685651 6670.000000000000000000
0.081455294706768711 0.056127101623296170 6762.000000000000000000
0.081413378380687976 0.053771256739622596 6849.000000000000000000
0.080766114467168582 0.019838874702407510 6946.000000000000000000
0.080607987075807339 0.008955772108848006 7034.000000000000000000
0.080572915540826878 0.006076448227018890 7121.000000000000000000
0.080545442992818433 0.005373182701928192 7215.000000000000000000
0.080373450593863513 0.001917077478435138 7309.000000000000000000
0.080279160379743975 0.000999956642692862 7411.000000000000000000
0.080156760425635201 0.000456495752299936 7505.000000000000000000
0.080023550874516444 0.000222058550347222 7599.000000000000000000
0.079860747000612561 0.000105344863980681 7702.000000000000000000
0.079665330284564365 0.000051294045070256 7899.000000000000000000
0.079509477677232501 0.000025142458445760 7995.000000000000000000
0.079416779744139535 0.000012670958257345 8088.000000000000000000
0.079390123135621868 0.000006324702823112 8264.000000000000000000
0.079365823228254473 0.000006332082010075 8397.000000000000000000
0.079341523321632162 0.000006339634571675 8547.000000000000000000
0.079317223415757504 0.000006347361703592 8665.000000000000000000
0.079292923510632912 0.000006355264609596 9008.000000000000000000
0.079268623606261010 0.000006363344501484 9090.000000000000000000
0.079244323702644268 0.000006371602599003 9171.000000000000000000
0.079220155703184775 0.000006380040129793 9254.000000000000000000
0.079196026659782315 0.000006388827426164 9333.000000000000000000
0.079171915886449382 0.000006394749362313 9448.000000000000000000
0.079147786844576545 0.000006403930260148 9542.000000000000000000
0.079123676072827678 0.000006410318026294 9641.000000000000000000
0.079099547032495207 0.000006419897885797 9738.000000000000000000
0.079075436262341342 0.000006426756766209 9906.000000000000000000
0.079051307223560158 0.000006436740992324 10074.000000000000000000
0.079027196455012272 0.000006444076295630 10154.000000000000000000
0.079003067417793574 0.000006454470336288 10236.000000000000000000
0.078978956650862922 0.000006462287393503 10307.000000000000000000
0.078954870866285984 0.000006473096737908 10402.000000000000000000