0.272934646546876880 2.097878167618115963 211.000000000000000000
0.220050759927585965 3.561910443006954807 263.000000000000000000
0.139896218839139330 2.112572541446720464 293.000000000000000000
0.131903214409333808 1.385118174268010094 294.000000000000000000
0.126877885435527415 1.202650590577636791 324.000000000000000000
0.111806373634633485 0.765040828033613063 393.000000000000000000
0.100668064840845700 0.623131988399804104 432.000000000000000000
0.092370418817215652 1.131595477487994383 433.000000000000000000
0.085371828924932419 0.652583850545030209 463.000000000000000000
0.084196625513986656 0.512497744577387393 499.000000000000000000
0.084078207986520936 0.512195372611545130 530.000000000000000000
0.083696970300771653 0.495070274741037208 530.000000000000000000
0.073455226555650052 3.122717613666618153 565.000000000000000000
0.073361114355064594 3.124850337761623464 595.000000000000000000
0.071460726208262021 2.253727512201160188 630.000000000000000000
0.071365051374647340 2.256346418821094435 671.000000000000000000
0.071269724338621471 2.258963163297331267 990.000000000000000000
0.071174744710944482 2.261577672250335791 1026.000000000000000000
0.071080112102474863 2.264189872164491302 1061.000000000000000000
0.070985826124165360 2.266799689391597372 1097.000000000000000000
0.070891886387059524 2.269407050155221928 1111.000000000000000000
0.070798292502287238 2.272011880553928886 1136.000000000000000000
0.070701810136067467 2.268997276478611713 1176.000000000000000000
0.070608831348195539 2.271601316296032458 1220.000000000000000000
0.070516197377867643 2.274202625341973594 1259.000000000000000000
0.070423907837040958 2.276801129295802362 1289.000000000000000000
0.070331962337740805 2.279396753732036096 1319.000000000000000000
0.070240360492057063 2.281989424124569510 1349.000000000000000000
0.070149101912140702 2.284579065850952162 1379.000000000000000000
0.070058186210200157 2.287165604196671698 1409.000000000000000000
0.069967612998497991 2.289748964359471728 1444.000000000000000000
0.069877381889347320 2.292329071453707900 1485.000000000000000000
0.069787492495108516 2.294905850514718626 1523.000000000000000000
0.069697944428185776 2.297479226503218452 1559.000000000000000000
0.069608737301023862 2.300049124309696325 1595.000000000000000000
0.069519870726104618 2.302615468758880013 1632.000000000000000000
0.069431344315943860 2.305178184614210313 1674.000000000000000000
0.069343157683087978 2.307737196582293038 1709.000000000000000000
0.069255310440110920 2.310292429317440721 1743.000000000000000000
0.069167802199610814 2.312843807426204545 1779.000000000000000000
0.069080632574206810 2.315391255471892951 1815.000000000000000000
0.068993801176536071 2.317934697979186609 1850.000000000000000000
0.068907307619250596 2.320474059438713876 1924.000000000000000000
0.068821151515014140 2.323009264311650668 1962.000000000000000000
0.068735332476499170 2.325540237034365187 1993.000000000000000000
0.068649850116383887 2.328066902023075979 2024.000000000000000000
0.068564704047349143 2.330589183678495324 2058.000000000000000000
0.068479893882075676 2.333107006390509941 2095.000000000000000000
0.068395419233240787 2.335620294542906983 2133.000000000000000000
0.068311279713515957 2.338128972518078719 2171.000000000000000000

