0.1642502455699024 1.9950131566956946 59.0000000000000000
0.1264354373675722 0.3375593030266688 114.0000000000000000
0.1015557974908615 1.2610570712348457 121.0000000000000000
0.0905512075965838 0.8498225445363240 174.0000000000000000
0.0727655454929007 0.7489395195110611 177.0000000000000000
0.0614041680074452 0.7492817753312464 178.0000000000000000
0.0477908218683377 0.7247035816735460 239.0000000000000000
0.0319616365541716 0.5835586757135018 292.0000000000000000
0.0161584059764582 0.8686300652557226 348.0000000000000000
0.0147023753017965 0.7169557783780366 405.0000000000000000
0.0070527825085903 0.3895489511196287 473.0000000000000000
0.0042291798341928 0.4324164876713792 529.0000000000000000
0.0004805724091494 0.0928352980177378 587.0000000000000000
0.0001619937957484 0.0269788612893563 671.0000000000000000
0.0000777334294019 0.0122007759274430 756.0000000000000000
0.0000323803845963 0.0046834204347406 829.0000000000000000
0.0000155279920298 0.0020083675625066 897.0000000000000000
0.0000075107403378 0.0008494776559442 966.0000000000000000
0.0000036629878842 0.0003698701952329 1038.0000000000000000
0.0000017707752549 0.0001651214685251 1108.0000000000000000
0.0000008585775552 0.0000752336881614 1190.0000000000000000
0.0000004168811870 0.0000345768652755 1260.0000000000000000
0.0000002027147584 0.0000159897953508 1320.0000000000000000
0.0000000986113245 0.0000074388907709 1399.0000000000000000
0.0000000479771871 0.0000034948617272 1479.0000000000000000
0.0000000233471124 0.0000016698265764 1551.0000000000000000
0.0000000113694255 0.0000008186497518 1617.0000000000000000
0.0000000055440944 0.0000004145586720 1683.0000000000000000
0.0000000027086543 0.0000002169234573 1744.0000000000000000
0.0000000013262490 0.0000001166281786 1814.0000000000000000
0.0000000006507666 0.0000000639373777 1889.0000000000000000
0.0000000003199218 0.0000000355221944 1992.0000000000000000
0.0000000001575253 0.0000000199255956 2070.0000000000000000
0.0000000000776693 0.0000000112605581 2147.0000000000000000
0.0000000000383443 0.0000000064011882 2209.0000000000000000
0.0000000000189542 0.0000000036539674 2266.0000000000000000
0.0000000000093818 0.0000000020899875 2343.0000000000000000
0.0000000000046502 0.0000000011948728 2436.0000000000000000
0.0000000000023082 0.0000000006810551 2505.0000000000000000
0.0000000000011475 0.0000000003860855 2569.0000000000000000
0.0000000000005713 0.0000000002172390 2636.0000000000000000
0.0000000000002849 0.0000000001211272 2712.0000000000000000
0.0000000000001423 0.0000000000668454 2774.0000000000000000
0.0000000000000711 0.0000000000364822 2836.0000000000000000
0.0000000000000356 0.0000000000196850 2974.0000000000000000
0.0000000000000178 0.0000000000105047 3030.0000000000000000
0.0000000000000089 0.0000000000055501 3089.0000000000000000
0.0000000000000044 0.0000000000029080 3141.0000000000000000
0.0000000000000022 0.0000000000015138 3203.0000000000000000
0.0000000000000011 0.0000000000007842 3267.0000000000000000
