0.2093099291592813 2.7368894951610563 80.0000000000000000
0.1606872962827521 1.4220059644819230 82.0000000000000000
0.1436627764804895 0.5915801215460696 159.0000000000000000
0.1345174645548494 1.1461704950600462 257.0000000000000000
0.1334529890461457 1.0933607927507225 258.0000000000000000
0.1280339429956532 0.5952122518237198 336.0000000000000000
0.1278275920260087 0.5848795032450882 337.0000000000000000
0.1254657419963525 0.4177566420723380 427.0000000000000000
0.1252849806482760 0.4196630262313206 537.0000000000000000
0.1251048979677157 0.4215755107475916 625.0000000000000000
0.1249254923690558 0.4234940986750408 764.0000000000000000
0.1247467622708449 0.4254187929325098 841.0000000000000000
0.1245687060957834 0.4273495963031712 929.0000000000000000
0.1243913222707103 0.4292865114339126 1092.0000000000000000
0.1242146092265908 0.4312295408347220 1882.0000000000000000
0.1240385653985025 0.4331786868780838 2710.0000000000000000
0.1350791886680142 0.3693386276165470 2815.0000000000000000
0.1348593565706739 0.3712211020916166 2912.0000000000000000
0.1346403126176489 0.3731094753593894 3021.0000000000000000
0.1344220549182284 0.3750037468379034 3147.0000000000000000
0.1342045815865027 0.3769039158076058 3246.0000000000000000
0.1339878907413483 0.3788099814110023 3346.0000000000000000
0.1337719805064112 0.3807219426523187 3628.0000000000000000
0.1335568490100920 0.3826397983971732 3709.0000000000000000
0.1333424943855301 0.3845635473722481 3790.0000000000000000
0.1331289147705886 0.3864931881649782 3875.0000000000000000
0.1329161083078386 0.3884287192232440 3952.0000000000000000
0.1327040731445440 0.3903701388550706 4047.0000000000000000
0.1324928074326467 0.3923174452283394 4125.0000000000000000
0.1322823093287507 0.3942706363705020 4227.0000000000000000
0.1320725769941079 0.3962297101683069 4298.0000000000000000
0.1318636085946024 0.3981946643675323 4380.0000000000000000
0.1316554023007359 0.4001654965727240 4514.0000000000000000
0.1314479562876126 0.4021422042469492 4648.0000000000000000
0.1325471186099419 0.3794490429679628 4743.0000000000000000
0.1312770511233763 0.3283274244062727 4808.0000000000000000
0.1292593477585080 0.2454599645128695 4894.0000000000000000
0.1290418566906080 0.2472012147619731 4896.0000000000000000
0.1274258290974916 0.3492096677700524 5047.0000000000000000
0.1272005114417684 0.3507929120397283 5140.0000000000000000
0.1222197200582838 0.1157233778057667 5219.0000000000000000
0.1219896524689782 0.1166890131299493 5297.0000000000000000
0.1217603857656209 0.1176596437873304 5393.0000000000000000
0.1215319184257954 0.1186352666955532 5480.0000000000000000
0.1213042489306349 0.1196158784965703 5556.0000000000000000
0.1210773757647761 0.1206014755564845 5632.0000000000000000
0.1208512974163127 0.1215920539654375 5703.0000000000000000
0.1206260123767501 0.1225876095375461 5787.0000000000000000
0.1204015191409587 0.1235881378108871 5879.0000000000000000
0.1201778162071289 0.1245936340475284 5943.0000000000000000
