0.178313447325343655 2.933762393991196316 72.000000000000000000
0.143645329726769133 2.522154778304518175 74.000000000000000000
0.108425863774090858 2.144140243245417299 254.000000000000000000
0.096855963039069418 1.708395653398282255 257.000000000000000000
0.074674164417525779 0.493668398631329830 708.000000000000000000
0.067648604713721819 0.497290498559595728 927.000000000000000000
0.064129571769043617 0.623577115588643704 1011.000000000000000000
0.056060559187306985 0.426315432455577070 1117.000000000000000000
0.046781096898505306 0.766713651867124257 1204.000000000000000000
0.038289322585384450 1.150678711995461345 1299.000000000000000000
0.025910472299047093 1.915187458367241913 1668.000000000000000000
0.020952977369599987 0.698061633054092967 1951.000000000000000000
0.016405608600025823 1.493911362184901614 2260.000000000000000000
0.004945263185711901 1.148461747613431339 2263.000000000000000000
0.002023714175862022 0.496065197733843444 2683.000000000000000000
0.001240875796779528 0.351137592551310773 2813.000000000000000000
0.000707328989801848 0.111169909544072812 2919.000000000000000000
0.000390747783463912 0.063986388769358873 3031.000000000000000000
0.000174478710514594 0.030718916132134615 3093.000000000000000000
0.000078729725819533 0.015629881637564770 3184.000000000000000000
0.000036180273316307 0.007866887255745336 3285.000000000000000000
0.000016769217212719 0.003973403761397327 3367.000000000000000000
0.000007871908716031 0.002019634032065856 3469.000000000000000000
0.000003724230343286 0.001032313180050678 3563.000000000000000000
0.000001773991306052 0.000531334708220938 3770.000000000000000000
0.000000849384341023 0.000275320352209985 3891.000000000000000000
0.000000408471573880 0.000143602651169872 3969.000000000000000000
0.000000197165581572 0.000075331367673880 4072.000000000000000000
0.000000095483771232 0.000039693683729121 4220.000000000000000000
0.000000046378191065 0.000020974234863212 4348.000000000000000000
0.000000022587498263 0.000011095577851900 4484.000000000000000000
0.000000011026983070 0.000005868109534332 4616.000000000000000000
0.000000005393538875 0.000003099420413289 4748.000000000000000000
0.000000002641408520 0.000001633761923706 4885.000000000000000000
0.000000001294433003 0.000000859013877958 5013.000000000000000000
0.000000000634590300 0.000000450316576888 5123.000000000000000000
0.000000000311260097 0.000000235250857175 5221.000000000000000000
0.000000000152790874 0.000000122406941093 5334.000000000000000000
0.000000000075088933 0.000000063401832213 5449.000000000000000000
0.000000000036959360 0.000000032675388532 5534.000000000000000000
0.000000000018224146 0.000000016754680478 5620.000000000000000000
0.000000000009000623 0.000000008554122824 5703.000000000000000000
0.000000000004449317 0.000000004355573254 5782.000000000000000000
0.000000000002199453 0.000000002215613252 5926.000000000000000000
0.000000000001086718 0.000000001126905064 6003.000000000000000000
0.000000000000536682 0.000000000573031133 6105.000000000000000000
0.000000000000264992 0.000000000291192873 6202.000000000000000000
0.000000000000130853 0.000000000147828564 6303.000000000000000000
0.000000000000064634 0.000000000074961842 6387.000000000000000000
0.000000000000031940 0.000000000037965058 6484.000000000000000000
