0.1665
   0.1090
   0.0755
   0.0654
   0.0592
   0.0517
   0.0450
   0.0353
   0.0238
   0.0174
   0.0041
   0.0027
   0.0007
   0.0003
   0.0002
   7.5178e-05
   3.6156e-05
   1.7283e-05
   8.3501e-06
   4.0489e-06
   1.9740e-06
   9.6536e-07
   4.7360e-07
   2.3286e-07
   1.1475e-07
   5.6647e-08
   2.8008e-08
   1.3864e-08
   6.8697e-09
   3.4065e-09
   1.6903e-09
   8.3921e-10
   4.1683e-10
   2.0710e-10
   1.0292e-10
   5.1160e-11
   2.5432e-11
   1.2643e-11
   6.2852e-12
   3.1244e-12
   1.5531e-12
   7.7193e-13
   3.8364e-13
   1.9065e-13
   9.4736e-14
   4.7074e-14
   2.3391e-14
   1.1623e-14
   5.7760e-15
   2.8706e-15
   1.4269e-15
   7.0934e-16
   3.5268e-16
   1.7537e-16
   8.7210e-17
   4.3371e-17
   2.1569e-17
   1.0726e-17
   5.3339e-18
   2.6522e-18
   1.3187e-18
   6.5559e-19
   3.2592e-19
   1.6202e-19
   8.0548e-20
   4.0047e-20
   1.9914e-20
   9.9046e-21
   4.9277e-21
   2.4525e-21
   1.2210e-21
   6.0815e-22
   3.0299e-22
   1.5099e-22
   7.5255e-23
   3.7508e-23
   1.8694e-23
   9.3168e-24
   4.6433e-24
   2.3141e-24
   1.1534e-24
   5.7489e-25
   2.8659e-25
   1.4288e-25
   7.1255e-26
   3.5532e-26
   1.7722e-26
   8.8414e-27
   4.4108e-27
   2.2019e-27
   1.0981e-27
   5.4805e-28
   2.7380e-28
   1.3658e-28
   6.8226e-29
   3.4066e-29
   1.6984e-29
   8.5266e-30
   4.2372e-30
   2.0994e-30
   1.0823e-30
   5.1999e-31
   2.6672e-31
   1.3092e-31
   6.5135e-32
   3.1975e-32
   1.5873e-32
   8.9109e-33
   3.5331e-33
   2.5313e-33
   1.6231e-34
   1.3949e-34
   5.6893e-35
   3.1314e-35
   1.5307e-35
   7.8107e-36
   3.9107e-36
   1.9691e-36
   9.8806e-37
   4.9597e-37
   2.4873e-37
   1.2471e-37
   6.2502e-38
   3.1317e-38
   1.5688e-38
   7.8576e-39
   3.9349e-39
   1.9703e-39
   9.8642e-40
   4.9380e-40
   4.1106e-40
   3.8718e-40
   3.8679e-40
   3.8659e-40
   3.8658e-40
   3.8658e-40
