0.273905130734380886 0.263020102927437160 2534.000000000000000000
0.251736962828289612 0.382481730260370079 3198.000000000000000000
0.190771364016974226 2.115235417832073139 3969.000000000000000000
0.168553844042668238 2.210170946687584514 6780.000000000000000000
0.157736947097075669 3.970590822400382081 8880.000000000000000000
0.128972802449725754 1.241453762397630944 8905.000000000000000000
0.120378252379036738 0.854712741957788902 9030.000000000000000000
0.108338896983803223 0.400210143625571557 9769.000000000000000000
0.099794360105125768 0.769763318819322140 9877.000000000000000000
0.093620986810658419 0.378666406887905371 10711.000000000000000000
0.089028555323267464 0.522994914543577494 10714.000000000000000000
0.087315504218709566 0.270719768051029375 11474.000000000000000000
0.083157239383899031 0.318246157096257143 11827.000000000000000000
0.082236336042092517 0.295597330221750276 14125.000000000000000000
0.082040537852388781 0.158394546869718100 14510.000000000000000000
0.081665493173538689 0.094640416120602130 14776.000000000000000000
0.081541147297048339 0.069106373038685651 15035.000000000000000000
0.081455294706768711 0.056127101623296170 15146.000000000000000000
0.081413378380687976 0.053771256739622596 15399.000000000000000000
0.080766114467168582 0.019838874702407510 16305.000000000000000000
0.080607987075807339 0.008955772108848006 16582.000000000000000000
0.080572915540826878 0.006076448227018890 16698.000000000000000000
0.080545442992818433 0.005373182701928192 16983.000000000000000000
0.080373450593863513 0.001917077478435138 17124.000000000000000000
0.080279160379743975 0.000999956642692862 17724.000000000000000000
0.080156760425635201 0.000456495752299936 17916.000000000000000000
0.080023550874516444 0.000222058550347222 18224.000000000000000000
0.079860747000612561 0.000105344863980681 18345.000000000000000000
0.079665330284564365 0.000051294045070256 18555.000000000000000000
0.079509477677232501 0.000025142458445760 18677.000000000000000000
0.079416779744139535 0.000012670958257345 19298.000000000000000000
0.079390123135621868 0.000006324702823112 19427.000000000000000000