0.1893440465136942 2.6948575653963704 61.0000000000000000
0.1591045096519591 2.6234369928380792 132.0000000000000000
0.1317183768640985 1.6895472042556550 226.0000000000000000
0.1267445180391582 2.4541993739354222 286.0000000000000000
0.1175315594046478 2.1043711116470876 348.0000000000000000
0.1119051183200510 1.7665068343451908 407.0000000000000000
0.1067917006821661 1.5039594777074154 473.0000000000000000
0.1018706506649308 1.2681934354403124 543.0000000000000000
0.0976785713740176 1.0908276921735258 545.0000000000000000
0.0889487052137209 0.5052556290683546 546.0000000000000000
0.0838331795985802 0.4563801492517373 558.0000000000000000
0.0770778247679542 0.4501893887539835 641.0000000000000000
0.0763820881361843 0.4731474643826178 706.0000000000000000
0.0740242725138600 0.9671287153221787 779.0000000000000000
0.0733445170965507 1.3480814941035271 844.0000000000000000
0.0731885781453496 1.3616472732389371 911.0000000000000000
0.0715793418720003 1.2854572777477280 974.0000000000000000
0.0715336910555596 1.2856178967879188 1041.0000000000000000
0.0712367614432323 1.1402015033592361 1102.0000000000000000
0.0704865763701654 1.0537139706699115 1161.0000000000000000
0.0689478708555757 0.9596618736987836 1220.0000000000000000
0.0652882091704914 0.1137806185349867 1316.0000000000000000
0.0658282586432601 0.1031640504468666 1387.0000000000000000
0.0657575688882675 0.1035255770262693 1457.0000000000000000
0.0656869965735451 0.1038884829928473 1551.0000000000000000
0.0656166153365677 0.1042521979265582 1633.0000000000000000
0.0655462776410356 0.1046178751906991 1707.0000000000000000
0.0654760572613818 0.1049849460144995 1804.0000000000000000
0.0654059541564796 0.1053534151469997 1875.0000000000000000
0.0653359682853747 0.1057232873488679 1958.0000000000000000
0.0652660996072838 0.1060945673923373 2056.0000000000000000
0.0651963480815938 0.1064672600611430 2124.0000000000000000
0.0651267136678601 0.1068413701504578 2241.0000000000000000
0.0650571963258063 0.1072169024668261 2323.0000000000000000
0.0649877960153225 0.1075938618280991 2397.0000000000000000
0.0649185126964645 0.1079722530633632 2473.0000000000000000
0.0648493463294522 0.1083520810128741 2550.0000000000000000
0.0647802968746690 0.1087333505279840 2619.0000000000000000
0.0647113642926604 0.1091160664710711 2690.0000000000000000
0.0646425485441332 0.1095002337154655 2806.0000000000000000
0.0645738495899536 0.1098858571453754 2878.0000000000000000
0.0645052673911469 0.1102729416558113 2944.0000000000000000
0.0644368019088958 0.1106614921525089 3048.0000000000000000
0.0643684531045395 0.1110515135518503 3154.0000000000000000
0.0643002209395724 0.1114430107807864 3270.0000000000000000
0.0642329915335358 0.1118283538314850 3339.0000000000000000
0.0641649908319383 0.1122227961186509 3407.0000000000000000
0.0640971066554947 0.1126187290234100 3482.0000000000000000
0.0640293389663072 0.1130161575140482 3549.0000000000000000
0.0639616877266279 0.1134150865690028 3623.0000000000000000
