0.186935817205448662 2.938345782516298854 1365.000000000000000000
0.141102418800509333 1.303522103502122942 1428.000000000000000000
0.113896585739798009 0.680062195793966540 1475.000000000000000000
0.104209817201960445 0.567046629282564996 1585.000000000000000000
0.097624107753443864 0.541405803558754339 1638.000000000000000000
0.095950750989386685 0.919904507668588445 1676.000000000000000000
0.093209395950574245 0.512369095470841529 1679.000000000000000000
0.091017394875027940 0.494298199939255556 1731.000000000000000000
0.087103477163648371 0.394404599829871028 1733.000000000000000000
0.085554848822766261 0.425463415098502828 1763.000000000000000000
0.082839079956681314 0.398181849983082647 1796.000000000000000000
0.082759548704694832 0.397635565170156746 1827.000000000000000000
0.080083451790299479 0.670145517256628187 1939.000000000000000000
0.076462469573233119 0.306554068366448607 1985.000000000000000000
0.076339557671928598 0.278559529944458650 2024.000000000000000000
0.076256632588254269 0.278834084667086923 2068.000000000000000000
0.058497664493986128 0.061273137006537928 2108.000000000000000000
0.058430946040862367 0.061445385520842069 2150.000000000000000000
0.058364322723201634 0.061618299803511016 2202.000000000000000000
0.058297794490027824 0.061791883942117716 2245.000000000000000000
0.058231361290646787 0.061966142042713827 2299.000000000000000000
0.058165023074646452 0.062141078229731861 2339.000000000000000000
0.058098779791896621 0.062316696645888049 2373.000000000000000000
0.058032631392549230 0.062493001452080824 2423.000000000000000000
0.057966577827038304 0.062669996827288105 2481.000000000000000000
0.057900619046079849 0.062847686968460006 2560.000000000000000000
0.057834755000672096 0.063026076090411692 2637.000000000000000000
0.057768985642095351 0.063205168425712430 2679.000000000000000000
0.057703310921912138 0.063384968224571986 2745.000000000000000000
0.057637730791967018 0.063565479754725263 2787.000000000000000000
0.057572245204386877 0.063746707301313793 2836.000000000000000000
0.057506854111580664 0.063928655166765019 2877.000000000000000000
0.057441557466239648 0.064111327670669349 2925.000000000000000000
0.057376355221337105 0.064294729149654395 2987.000000000000000000
0.057311247330128684 0.064478863957257937 3024.000000000000000000
0.057246233746152127 0.064663736463795460 3084.000000000000000000
0.057181314423227374 0.064849351056228965 3121.000000000000000000
0.057116489315456549 0.065035712138030943 3165.000000000000000000
0.057051758377223961 0.065222824129046536 3203.000000000000000000
0.056987121563196033 0.065410691465353679 3252.000000000000000000
0.058675504637289259 0.041163124478528546 3297.000000000000000000
0.058608153843415250 0.041322773297618187 3335.000000000000000000
0.058540897977738787 0.041483225616093508 3383.000000000000000000
0.058473736988128314 0.041644485977231631 3459.000000000000000000
0.058406670822737566 0.041806558937245025 3507.000000000000000000
0.058339699430005498 0.041969449065135549 3542.000000000000000000
0.058272822758656417 0.042133160942547057 3598.000000000000000000
0.058206040757700001 0.042297699163615352 3636.000000000000000000
0.058139353376431384 0.042463068334818228 3675.000000000000000000
0.058072760564431114 0.042629273074823490 3727.000000000000000000
0.058006262271565294 0.042796318014333840 3769.000000000000000000
0.057939858447985541 0.042964207795933740 3817.000000000000000000
0.057873549044129155 0.043132947073930665 3854.000000000000000000
0.057807334010718928 0.043302540514198955 3897.000000000000000000
0.057741213298763361 0.043472992794019123 3939.000000000000000000
0.057675186859556700 0.043644308601917751 3994.000000000000000000
0.062280620836736252 0.023727044421681599 4049.000000000000000000
0.062207875498293680 0.023841281326681486 4090.000000000000000000
0.062135227592456099 0.023956192388519079 4140.000000000000000000
0.062062677051824860 0.024071781769164406 4181.000000000000000000
0.061990223809286968 0.024188053645428857 4248.000000000000000000
0.062512118260143745 0.022800379208238603 4290.000000000000000000
0.062439029388760128 0.022912083015201583 4332.000000000000000000
0.062366038115963286 0.023024454339626112 4380.000000000000000000
0.062293144373397329 0.023137497326170334 4432.000000000000000000
0.062220348092992067 0.023251216134408677 4484.000000000000000000
0.062147649206963383 0.023365614938737556 4519.000000000000000000
0.062075047647813256 0.023480697928280361 4552.000000000000000000
0.062002543348329935 0.023596469306791167 4638.000000000000000000
0.061930136241588163 0.023712933292557109 4720.000000000000000000
0.061857826260949385 0.023830094118299616 4793.000000000000000000
0.061785613340061898 0.023947956031073518 4835.000000000000000000
0.061713497412860890 0.024066523292166082 4907.000000000000000000
0.061641478413568894 0.024185800176993930 4979.000000000000000000
0.061569556276695657 0.024305790974999228 5023.000000000000000000
0.061497730937038482 0.024426499989543892 5064.000000000000000000
0.061426002329682351 0.024547931537803033 5112.000000000000000000
0.061354370390000107 0.024670089950657913 5152.000000000000000000
0.061282835053652569 0.024792979572585992 5187.000000000000000000
0.061211396256588779 0.024916604761551189 5250.000000000000000000
0.061140053935045943 0.025040969888892296 5286.000000000000000000
0.061068808025549974 0.025166079339209904 5335.000000000000000000
0.060997658464915214 0.025291937510253579 5370.000000000000000000
0.060926605190244933 0.025418548812805905 5405.000000000000000000
0.060855648138931219 0.025545917670567009 5459.000000000000000000
0.060784787248655360 0.025674048520036515 5492.000000000000000000
0.060714022457387766 0.025802945810396112 5527.000000000000000000
0.060643353703388303 0.025932614003389042 5584.000000000000000000
0.060572780925206328 0.026063057573200085 5624.000000000000000000
0.060502304061680889 0.026194281006333458 5672.000000000000000000
0.060431923051940770 0.026326288801489985 5710.000000000000000000
0.060361637835404741 0.026459085469443370 5747.000000000000000000
0.060291448351781629 0.026592675532914865 5809.000000000000000000
0.060221354541070519 0.026727063526447443 5843.000000000000000000
0.060151356343560711 0.026862253996278750 5887.000000000000000000
0.060081453699832095 0.026998251500212997 5926.000000000000000000
0.060011646550755110 0.027135060607491591 5976.000000000000000000
0.059941934837490843 0.027272685898662764 6009.000000000000000000
0.059872318501491349 0.027411131965451061 6046.000000000000000000
0.059802797484499584 0.027550403410625195 6089.000000000000000000
0.059733371728549534 0.027690504847864172 6132.000000000000000000
0.059664041175966465 0.027831440901623955 6174.000000000000000000
0.059594805769366863 0.027973216207002480 6232.000000000000000000
0.059525665451658723 0.028115835409603107 6269.000000000000000000
0.059456620166041557 0.028259303165398788 6322.000000000000000000
0.059387669856006388 0.028403624140593258 6359.000000000000000000
0.059318814465336149 0.028548803011482916 6399.000000000000000000
0.059250053938105535 0.028694844464317495 7109.000000000000000000
0.059181388218681151 0.028841753195159629 7164.000000000000000000
0.059112817251721753 0.028989533909742994 7205.000000000000000000
0.059044340982178117 0.029138191323330932 7244.000000000000000000
0.058975959355293303 0.029287730160573525 7291.000000000000000000
0.058907672316602738 0.029438155155363601 7327.000000000000000000
0.058839479811934103 0.029589471050691932 7360.000000000000000000
0.058771381787407803 0.029741682598502801 7400.000000000000000000
0.058703378189436578 0.029894794559547209 7441.000000000000000000
0.058635468964725997 0.030048811703236269 7480.000000000000000000
0.058567654060274282 0.030203738807493597 7514.000000000000000000
0.058499933423372487 0.030359580658607041 7549.000000000000000000
0.058432307001604615 0.030516342051079615 7587.000000000000000000
0.058364774742847479 0.030674027787479855 7626.000000000000000000
0.058297336595271060 0.030832642678291017 7664.000000000000000000
0.058229992507338339 0.030992191541760302 7705.000000000000000000
0.058162742427805489 0.031152679203747115 7745.000000000000000000
0.058095586305721862 0.031314110497570283 7783.000000000000000000
0.058028524090430106 0.031476490263855156 7824.000000000000000000
0.057961555731566181 0.031639823350379986 7864.000000000000000000
0.057894681179059396 0.031804114611921570 7902.000000000000000000
0.057827900383132534 0.031969368910100118 7942.000000000000000000
0.057761213294301846 0.032135591113224005 8048.000000000000000000
0.057694619863377046 0.032302786096133476 8109.000000000000000000
0.057628120041461457 0.032470958740044423 8156.000000000000000000
0.057561713779951951 0.032640113932390136 8191.000000000000000000
0.057495401030539066 0.032810256566665461 8233.000000000000000000
0.057429181745207031 0.032981391542266668 8274.000000000000000000
0.057363055876233644 0.033153523764333864 8307.000000000000000000
0.056925227165893350 0.034912545058722391 8347.000000000000000000
0.056859855702378663 0.035092549564506609 8387.000000000000000000
0.056794577307982402 0.035273587796859039 8421.000000000000000000
0.056729391937853237 0.035455664702061324 8455.000000000000000000
0.056664299547433045 0.035638785230597651 8500.000000000000000000
0.056599300092456679 0.035822954336989857 8541.000000000000000000
0.056534393528952370 0.036008176979632774 8581.000000000000000000
0.056469579813241397 0.036194458120628922 8622.000000000000000000
0.056404858901938054 0.036381802725623393 8662.000000000000000000
0.056340230751949896 0.036570215763637830 8706.000000000000000000
0.056275695320477527 0.036759702206904568 8742.000000000000000000
0.056211252565014552 0.036950267030700326 8777.000000000000000000
0.056146902443347656 0.037141915213179881 8811.000000000000000000
0.056082644913556620 0.037334651735209327 8847.000000000000000000
0.056018479934014029 0.037528481580198947 8914.000000000000000000
0.055954407463385487 0.037723409733936987 8958.000000000000000000
0.055890427460629534 0.037919441184421900 9004.000000000000000000
0.055826539884997535 0.038116580921694315 9045.000000000000000000
0.055762744696033657 0.038314833937671364 9080.000000000000000000
0.055699041853574827 0.038514205225976900 9122.000000000000000000
0.055635431317750762 0.038714699781775670 9162.000000000000000000
0.055571913048983672 0.038916322601604436 9213.000000000000000000
0.055508487007988556 0.039119078683204314 9251.000000000000000000
0.055445153155772788 0.039322973025353487 9291.000000000000000000
0.055381911453636364 0.039528010627698167 9328.000000000000000000
0.055318761863171528 0.039734196490585273 9368.000000000000000000
0.055255704346263000 0.039941535614894906 9406.000000000000000000
0.055192738865087645 0.040150033001871061 9446.000000000000000000
0.055129865382114611 0.040359693652955324 9481.000000000000000000
0.055067083860105025 0.040570522569617441 9524.000000000000000000
0.055004394262112156 0.040782524753188540 9605.000000000000000000
0.054941796551481147 0.040995705204692930 9654.000000000000000000
0.060993204823571616 0.017953325060275544 9695.000000000000000000
0.060921639954981226 0.018075756316332171 9737.000000000000000000
0.060850170377837978 0.018199024878566381 9777.000000000000000000
0.060778796028516650 0.018323135405202091 9824.000000000000000000
0.060707516843690551 0.018448092565761635 9876.000000000000000000
0.060636332760331604 0.018573901040959746 9932.000000000000000000
0.060565243715710641 0.018700565522596142 9974.000000000000000000
0.060494249647397476 0.018828090713447224 10009.000000000000000000
0.060423350493261196 0.018956481327155987 10045.000000000000000000
0.060352546191470201 0.019085742088121464 10080.000000000000000000
0.060281836680492480 0.019215877731386395 10129.000000000000000000
0.060211221899095738 0.019346893002524023 10167.000000000000000000
0.060140701786347617 0.019478792657523746 10205.000000000000000000
0.060070276281615792 0.019611581462675443 10242.000000000000000000
0.059999945324568149 0.019745264194452508 10281.000000000000000000
0.059929708855173000 0.019879845639393923 10318.000000000000000000
0.059859566813699111 0.020015330593985213 10362.000000000000000000
0.059789519140716049 0.020151723864538049 10401.000000000000000000
0.059719565777094162 0.020289030267068842 10440.000000000000000000
0.059649706664004827 0.020427254627175984 10474.000000000000000000
0.059579941742920611 0.020566401779915922 10513.000000000000000000
0.059510270955615271 0.020706476569678525 10561.000000000000000000
0.059440694244164108 0.020847483850060942 10604.000000000000000000
0.059371211550943916 0.020989428483739837 10653.000000000000000000
0.059301822818633297 0.021132315342343989 10694.000000000000000000
0.059232527990212634 0.021276149306323783 10741.000000000000000000
0.059163327008964380 0.021420935264821230 10787.000000000000000000
0.059094219818472980 0.021566678115538002 10821.000000000000000000
0.059025206362625260 0.021713382764602641 10855.000000000000000000
0.058956286585610265 0.021861054126436550 10893.000000000000000000
0.058887460431919655 0.022009697123618790 10934.000000000000000000
0.058818727846347674 0.022159316686750211 10983.000000000000000000
0.058750088773991252 0.022309917754316216 11028.000000000000000000
0.058681543160250219 0.022461505272548133 11069.000000000000000000
0.058613090950827333 0.022614084195284181 11141.000000000000000000
0.058544732091728363 0.022767659483828716 11181.000000000000000000
0.058476466529262278 0.022922236106811111 11217.000000000000000000
0.058408294210041414 0.023077819040043059 11265.000000000000000000
0.058340215080981320 0.023234413266374900 11305.000000000000000000
0.058272229089301089 0.023392023775551305 11343.000000000000000000
0.058204336182523360 0.023550655564065371 11384.000000000000000000
0.058136536308474450 0.023710313635012435 11427.000000000000000000
0.058068829415284386 0.023871002997941995 11462.000000000000000000
0.058001215451387061 0.024032728668709692 11497.000000000000000000
0.057933694365520219 0.024195495669327275 11537.000000000000000000
0.057866266106725642 0.024359309027812526 11572.000000000000000000
0.057798930624349092 0.024524173778037540 11613.000000000000000000
0.057731687868040601 0.024690094959576508 11658.000000000000000000
0.057664537787754301 0.024857077617552334 11705.000000000000000000
0.057597480333748674 0.025025126802482468 11746.000000000000000000
0.057530515456586412 0.025194247570123937 11791.000000000000000000
0.057463643107134789 0.025364444981317024 11838.000000000000000000
0.057396863236565426 0.025535724101828951 11884.000000000000000000
0.057330175796354500 0.025708090002195535 11948.000000000000000000
0.057263580738282700 0.025881547757563145 11994.000000000000000000
0.057197078014435319 0.026056102447529213 12036.000000000000000000
0.057130667577202449 0.026231759155981939 12078.000000000000000000
0.057064349379278713 0.026408522970939340 12130.000000000000000000
0.056998123373663612 0.026586398984387524 12174.000000000000000000
0.056931989513661310 0.026765392292118127 12215.000000000000000000
0.056865947752880890 0.026945507993565088 12265.000000000000000000
0.056799998045236180 0.027126751191640805 12308.000000000000000000
0.056734140344945908 0.027309126992570883 12344.000000000000000000
0.056668374606533747 0.027492640505729259 12378.000000000000000000
0.056602700784828180 0.027677296843471946 12423.000000000000000000
0.056537118834962700 0.027863101120970086 12464.000000000000000000
0.056471628712375675 0.028050058456042550 12505.000000000000000000
0.056406230372810458 0.028238173968988242 12546.000000000000000000
0.056340923772315393 0.028427452782417137 12588.000000000000000000
0.056275708867243701 0.028617900021080975 12661.000000000000000000
0.056210585614253586 0.028809520811703817 12704.000000000000000000
0.056145553970308265 0.029002320282811283 12743.000000000000000000
0.056080613892675837 0.029196303564559798 12785.000000000000000000
0.056015765338929324 0.029391475788565505 12827.000000000000000000
0.055951008266946788 0.029587842087731707 12864.000000000000000000
0.055886342634911032 0.029785407596077184 12897.000000000000000000
0.055821768401309903 0.029984177448562757 12938.000000000000000000
0.055757285524935980 0.030184156780918750 12972.000000000000000000
0.055692893964886761 0.030385350729470594 13009.000000000000000000
0.055628593680564532 0.030587764430965558 13048.000000000000000000
0.055564384631676275 0.030791403022397554 13096.000000000000000000
0.055500266778233845 0.030996271640833094 13136.000000000000000000
0.055436240080553638 0.031202375423235732 13179.000000000000000000
0.055372304499256814 0.031409719506291463 13223.000000000000000000
0.055308459995269038 0.031618309026232028 13267.000000000000000000
0.055244706529820595 0.031828149118660047 13303.000000000000000000
0.055181044064446183 0.032039244918372338 13345.000000000000000000
0.055117472560985009 0.032251601559183878 13387.000000000000000000
0.055053991981580598 0.032465224173751590 13430.000000000000000000
0.054990602288680766 0.032680117893397240 13473.000000000000000000
0.054927303445037622 0.032896287847931104 13520.000000000000000000
0.054864095413707355 0.033113739165475019 13554.000000000000000000
0.054800978158050323 0.033332476972285578 13590.000000000000000000
0.054737951641730787 0.033552506392576981 13625.000000000000000000
0.054675015828717005 0.033773832548344672 13672.000000000000000000
0.054612170683281017 0.033996460559187446 13711.000000000000000000
0.054549416169998657 0.034220395542131514 13753.000000000000000000
0.054486752253749306 0.034445642611453157 13796.000000000000000000
0.054424178899716041 0.034672206878501817 13840.000000000000000000
0.054361696073385167 0.034900093451523881 13886.000000000000000000
0.054299303740546562 0.035129307435486160 13926.000000000000000000
0.054237001867293140 0.035359853931898902 13970.000000000000000000
0.054174790420021074 0.035591738038640679 14009.000000000000000000
0.054112669365429467 0.035824964849781656 14049.000000000000000000
0.054050638670520249 0.036059539455408296 14092.000000000000000000
0.053988698302598184 0.036295466941447876 14135.000000000000000000
0.053926848229270671 0.036532752389493751 14213.000000000000000000
0.053865088418447518 0.036771400876630139 14254.000000000000000000
0.053803418838341041 0.037011417475258393 14297.000000000000000000
0.053741839457465530 0.037252807252922376 14338.000000000000000000
0.053680350244637631 0.037495575272135533 14381.000000000000000000
0.053618951168975755 0.037739726590207669 14428.000000000000000000
0.053557642199900148 0.037985266259072274 14469.000000000000000000
0.053496423307132654 0.038232199325114749 14513.000000000000000000
0.053435294460696614 0.038480530829000728 14555.000000000000000000
0.053374255630916724 0.038730265805505225 14608.000000000000000000
0.053313306788418759 0.038981409283342511 14652.000000000000000000
0.053252447904129419 0.039233966284996133 14693.000000000000000000
0.053191678949276407 0.039487941826550590 14736.000000000000000000
0.053130999895387859 0.039743340917522414 14773.000000000000000000
0.053070410714292499 0.040000168560693099 14816.000000000000000000
0.053009911378119182 0.040258429751942222 14865.000000000000000000
0.052949501859296977 0.040518129480081364 14920.000000000000000000
0.052889182130554803 0.040779272726689540 14964.000000000000000000
0.052828952164921276 0.041041864465948152 15004.000000000000000000
0.052768811935724455 0.041305909664478467 15050.000000000000000000
0.052708761416591768 0.041571413281178728 15092.000000000000000000
0.052648800581449780 0.041838380267062852 15135.000000000000000000
0.052588929404523754 0.042106815565100070 15180.000000000000000000
0.052529147860337827 0.042376724110055448 15222.000000000000000000
0.052469455923714506 0.042648110828331358 15269.000000000000000000
0.052409853569774498 0.042920980637810656 15313.000000000000000000
0.052350340773936611 0.043195338447699974 15354.000000000000000000
0.052290917511917320 0.043471189158375362 15408.000000000000000000
0.052231583759730776 0.043748537661228104 15454.000000000000000000
0.052172339493688380 0.044027388838512212 15498.000000000000000000
0.052113184690398599 0.044307747563193098 15544.000000000000000000
0.052054119326766790 0.044589618698797941 15587.000000000000000000
0.051995143379994876 0.044873007099266296 15633.000000000000000000
0.051936256827581073 0.045157917608803486 15710.000000000000000000
0.051877459647319810 0.045444355061734339 15759.000000000000000000
0.051818751817301195 0.045732324282358426 15798.000000000000000000
0.051760133315911047 0.046021830084807418 15837.000000000000000000
0.051701604121830384 0.046312877272903556 15874.000000000000000000
0.051643164214035350 0.046605470640018881 15924.000000000000000000
0.051584813571796770 0.046899614968937575 15964.000000000000000000
0.051526552174680065 0.047195315031718872 16005.000000000000000000
0.051468380002544771 0.047492575589561235 16047.000000000000000000
0.051410297035544422 0.047791401392669283 16089.000000000000000000
0.051352303254126153 0.048091797180121798 16136.000000000000000000
0.051294398639030479 0.048393767679741080 16181.000000000000000000
0.051236583171291011 0.048697317607964870 16236.000000000000000000
0.057367220853722402 0.023191076810322106 16280.000000000000000000
0.057300194004521729 0.023367146741141386 16324.000000000000000000
0.057233258759870634 0.023544379041849660 16375.000000000000000000
0.057400047657525259 0.023093144429157338 16426.000000000000000000
0.057332970142949177 0.023268857999342654 16467.000000000000000000
0.057265984245958274 0.023445733484759781 16510.000000000000000000
0.057199089917739719 0.023623776282853740 16552.000000000000000000
0.057132287109793914 0.023802991794128710 16587.000000000000000000
0.057065575773934583 0.023983385421951102 16639.000000000000000000
0.056998955862288654 0.024164962572351942 16679.000000000000000000
0.056932427327296461 0.024347728653828581 16727.000000000000000000
0.056865990121711785 0.024531689077145875 16776.000000000000000000
0.056799644198601888 0.024716849255136869 16829.000000000000000000
0.056733389511347453 0.024903214602502461 16879.000000000000000000
0.056667226013642776 0.025090790535610828 16917.000000000000000000
0.056601153659495751 0.025279582472296433 16968.000000000000000000
0.056535172403227765 0.025469595831658455 17011.000000000000000000
0.056469282199474016 0.025660836033858520 17046.000000000000000000
0.056403483003183277 0.025853308499918164 17087.000000000000000000
0.056337774769618022 0.026047018651516023 17128.000000000000000000
0.056272157454354474 0.026241971910784537 17173.000000000000000000
0.056206631013282493 0.026438173700106173 17242.000000000000000000
0.056141195402605773 0.026635629441909822 17280.000000000000000000
0.056075850578841707 0.026834344558465752 17323.000000000000000000
0.056010596498821417 0.027034324471682091 17358.000000000000000000
0.055945433119689796 0.027235574602899604 17396.000000000000000000
0.055880360398905496 0.027438100372686715 17431.000000000000000000
0.055815378294240867 0.027641907200634735 17475.000000000000000000
0.055750486763781963 0.027847000505152271 17510.000000000000000000
0.055685685765928632 0.028053385703260460 17546.000000000000000000
0.055620975259394356 0.028261068210387548 17618.000000000000000000
0.055556355203206217 0.028470053440163044 17694.000000000000000000
0.055491825556705114 0.028680346804213018 17734.000000000000000000
0.055427386279545347 0.028891953711954445 17773.000000000000000000
0.055363037331695002 0.029104879570390239 17813.000000000000000000
0.055298778673435502 0.029319129783903844 17916.000000000000000000
0.055234610265361930 0.029534709754054787 18146.000000000000000000
0.055170532068382759 0.029751624879373256 18179.000000000000000000
0.055106544043719820 0.029969880555156429 18213.000000000000000000
0.055042646152908381 0.030189482173263244 18248.000000000000000000
0.054978838357796975 0.030410435121911415 18280.000000000000000000
0.054915120620547313 0.030632744785472801 18319.000000000000000000
0.054851492903634343 0.030856416544271032 18366.000000000000000000
0.054787955169846081 0.031081455774377958 18409.000000000000000000
0.054724507382283676 0.031307867847411588 18454.000000000000000000
0.054661149504361045 0.031535658130334099 18492.000000000000000000
0.054597881499805115 0.031764831985250354 18541.000000000000000000
0.054534703332655608 0.031995394769207028 18612.000000000000000000
0.062126924141771692 0.013015763934533952 18661.000000000000000000
0.062053385442087675 0.013128158174629269 18701.000000000000000000
0.061979941923496339 0.013241420614786063 18780.000000000000000000
0.061906593515684206 0.013355556423586995 18816.000000000000000000
0.061833340148645069 0.013470570783242677 18851.000000000000000000
0.061760181752680138 0.013586468889445594 18892.000000000000000000
0.061687118258398496 0.013703255951221998 18930.000000000000000000
0.061614149596717155 0.013820937190782041 18978.000000000000000000
0.061541275698861517 0.013939517843368051 19019.000000000000000000
0.061468496496365592 0.014059003157100987 19061.000000000000000000
0.061395811921072109 0.014179398392824805 19102.000000000000000000
0.061323221905133056 0.014300708823949407 19137.000000000000000000
0.061250726381009660 0.014422939736291543 19170.000000000000000000
0.061178325281472844 0.014546096427914025 19204.000000000000000000
0.061106018539603395 0.014670184208962872 19247.000000000000000000
0.061033806088792227 0.014795208401502955 19290.000000000000000000
0.060961687862740629 0.014921174339351769 19335.000000000000000000
0.060889663795460493 0.015048087367911567 19373.000000000000000000
0.060817733821274637 0.015175952843999285 19413.000000000000000000
0.060745897874816920 0.015304776135675428 19464.000000000000000000
0.060674155891032547 0.015434562622070587 19509.000000000000000000
0.060602507805178410 0.015565317693210611 19553.000000000000000000
0.060530953552823091 0.015697046749839804 19595.000000000000000000
0.060459493069847256 0.015829755203243007 19636.000000000000000000
0.060388126292443896 0.015963448475064965 19681.000000000000000000
0.060316853157118391 0.016098131997129207 19723.000000000000000000
0.060245673600688936 0.016233811211254438 19767.000000000000000000
0.060174587560286610 0.016370491569069574 19808.000000000000000000
0.060103594973355649 0.016508178531827289 19844.000000000000000000
0.060032695777653695 0.016646877570215650 19883.000000000000000000
0.059961889911251842 0.016786594164168677 19992.000000000000000000
0.059891177312535113 0.016927333802674659 20094.000000000000000000
0.059820557920202355 0.017069101983583409 20209.000000000000000000
0.059750031673266729 0.017211904213411972 20324.000000000000000000
0.059679598511055670 0.017355746007148558 20385.000000000000000000
0.059609258373211335 0.017500632888055000 20433.000000000000000000
0.059539011199690399 0.017646570387468169 20478.000000000000000000
0.059468856930764730 0.017793564044599346 20515.000000000000000000
0.059398795507021138 0.017941619406332775 20557.000000000000000000
0.059328826869361896 0.018090742027021760 20598.000000000000000000
0.059258950959004672 0.018240937468285038 20637.000000000000000000
0.059189167717482852 0.018392211298799904 20676.000000000000000000
0.059119477086645597 0.018544569094095614 20718.000000000000000000
0.059049879008658178 0.018698016436344042 20763.000000000000000000
0.059128447187120584 0.018528675315649609 20808.000000000000000000
0.065462300009199934 0.008320487245582615 20852.000000000000000000
0.065384372545433347 0.008399385571200558 20891.000000000000000000
0.065306543273299961 0.008478967794299729 20931.000000000000000000
0.065228812108403228 0.008559238756727927 20971.000000000000000000
0.065151178966645545 0.008640203321162507 21005.000000000000000000
0.065073643764228778 0.008721866371038348 21040.000000000000000000
0.064996206417654495 0.008804232810473869 21085.000000000000000000
0.064918866843724471 0.008887307564194785 21127.000000000000000000
0.064841624959541155 0.008971095577455585 21167.000000000000000000
0.064764480682507994 0.009055601815958917 21206.000000000000000000
0.064687433930329830 0.009140831265772385 21245.000000000000000000
0.064610484621013389 0.009226788933243675 21294.000000000000000000
0.064533632672867575 0.009313479844912754 21359.000000000000000000
0.064456878004509208 0.009400909047416625 21398.000000000000000000
0.064380220534842408 0.009489081607420716 21432.000000000000000000
0.064303660183090472 0.009578002611489255 21466.000000000000000000
0.064227196868775219 0.009667677166012410 21501.000000000000000000
0.064150830511722823 0.009758110397101553 21536.000000000000000000
0.064074561032063979 0.009849307450488069 21571.000000000000000000
0.063998388350234414 0.009941273491420115 21605.000000000000000000
0.063922312386975266 0.010034013704556775 21643.000000000000000000
0.063846333063333538 0.010127533293860016 21684.000000000000000000
0.063770450300662321 0.010221837482484532 21726.000000000000000000
0.063694664020621322 0.010316931512665040 21771.000000000000000000
0.063618974145177226 0.010412820645601121 21845.000000000000000000
0.063543380596603971 0.010509510161340234 21887.000000000000000000
0.063467883297483291 0.010607005358657853 21954.000000000000000000
0.063392482170704992 0.010705311554935898 21997.000000000000000000
0.063317177139467384 0.010804434086037934 22037.000000000000000000
0.063241968127277531 0.010904378306183002 22071.000000000000000000
0.063166855057951818 0.011005149587816530 22106.000000000000000000
0.063091837855616187 0.011106753321479035 22138.000000000000000000
0.063016916444706542 0.011209194915672667 22180.000000000000000000
0.062942090749969037 0.011312479796725065 22225.000000000000000000
0.062867360696460650 0.011416613408651296 22259.000000000000000000
0.062792726209549343 0.011521601213013153 22302.000000000000000000
0.062718187214914442 0.011627448688776122 22353.000000000000000000
0.062643743638547175 0.011734161332164355 22397.000000000000000000
0.062569395406750772 0.011841744656512825 22437.000000000000000000
0.062495142446140996 0.011950204192117649 22472.000000000000000000
0.062420984683646458 0.012059545486083671 22506.000000000000000000
0.062346922046508893 0.012169774102169894 22539.000000000000000000
0.062272954462283592 0.012280895620632757 22572.000000000000000000
0.062199081858839753 0.012392915638066809 22607.000000000000000000
0.062125304164360691 0.012505839767243279 22659.000000000000000000
0.065274426781701339 0.008543450070180619 22694.000000000000000000
0.065196720904645691 0.008625603742160348 22738.000000000000000000
0.069181175208901297 0.005327328366103060 22771.000000000000000000
0.069098578262384677 0.005381567520182857 22805.000000000000000000
0.069016083676363998 0.005436322760120731 22843.000000000000000000
0.068933691353104856 0.005491598234516977 22882.000000000000000000
0.068851401195154746 0.005547398115189082 22919.000000000000000000
0.068769213105343896 0.005603726597169648 22957.000000000000000000
0.068687126986785446 0.005660587898702828 22991.000000000000000000
0.068605142742875991 0.005717986261238576 23024.000000000000000000
0.068523260277296022 0.005775925949425109 23061.000000000000000000
0.068441479494010457 0.005834411251099151 23099.000000000000000000
0.068359800297268861 0.005893446477274513 23135.000000000000000000
0.068278222591606180 0.005953035962128386 23169.000000000000000000
0.068196746281842913 0.006013184062985579 23203.000000000000000000
0.068115371273085742 0.006073895160301174 23238.000000000000000000
0.068034097470727944 0.006135173657640351 23277.000000000000000000
0.067952924780449772 0.006197023981656849 23318.000000000000000000
0.067871853108218971 0.006259450582068941 23389.000000000000000000
0.067790882360291099 0.006322457931633232 23428.000000000000000000
0.067710012443210260 0.006386050526116733 23461.000000000000000000
0.067629243263809175 0.006450232884266212 23496.000000000000000000
0.067548574729209887 0.006515009547775997 23533.000000000000000000
0.067468006746824072 0.006580385081252881 23567.000000000000000000
0.067387539224353657 0.006646364072179611 23604.000000000000000000
0.067307172069790963 0.006712951130875514 23642.000000000000000000
0.067226905191419412 0.006780150890455161 23680.000000000000000000
0.067146738497813996 0.006847968006784854 23716.000000000000000000
0.067066671897841421 0.006916407158436589 23752.000000000000000000
0.066986705300660782 0.006985473046640081 23787.000000000000000000
0.066906838615724093 0.007055170395232104 23824.000000000000000000
0.066827071752776399 0.007125503950603905 23864.000000000000000000
0.066747404621856507 0.007196478481645882 23907.000000000000000000
0.066667837133297311 0.007268098779690440 23952.000000000000000000
0.066588369197726260 0.007340369658451777 23987.000000000000000000
0.066509000726065762 0.007413295953964126 24021.000000000000000000
0.066429731629533612 0.007486882524516963 24057.000000000000000000
0.066350561819643453 0.007561134250588066 24093.000000000000000000
0.066271491208205288 0.007636056034774211 24131.000000000000000000
0.066192519707325800 0.007711652801719291 24177.000000000000000000
0.066113647229408740 0.007787929498040196 24223.000000000000000000
0.066034873687155493 0.007864891092249894 24264.000000000000000000
