  0.1671
   0.1341
   0.1246
   0.0951
   0.0696
   0.0627
   0.0541
   0.0464
   0.0324
   0.0203
   0.0071
   0.0038
   0.0025
   0.0012
   0.0006
   0.0002
   9.0946e-05
   3.7352e-05
   1.9638e-05
   8.8283e-06
   4.2894e-06
   2.0450e-06
   9.8916e-07
   4.7757e-07
   2.3144e-07
   1.1197e-07
   5.4173e-08
   2.6058e-08
   1.2549e-08
   6.0536e-09
   2.9463e-09
   1.4334e-09
   7.0044e-10
   3.4201e-10
   1.6734e-10
   8.1882e-11
   4.0118e-11
   1.9668e-11
   9.6533e-12
   4.7431e-12
   2.3328e-12
   1.1487e-12
   5.6600e-13
   2.7921e-13
   1.3777e-13
   6.8055e-14
   3.3617e-14
   1.6622e-14
   8.2185e-15
   4.0674e-15
   2.0136e-15
   9.9782e-16
   4.9464e-16
   2.4531e-16
   1.2168e-16
   6.0370e-17
   2.9954e-17
   1.4864e-17
   7.3771e-18
   3.6617e-18
   1.8177e-18
   9.0250e-19
   4.4815e-19
   2.2256e-19
   1.1055e-19
   5.4915e-20
   2.7283e-20
   1.3556e-20
   6.7360e-21
   3.3474e-21
   1.6636e-21
   8.2681e-22
   4.1095e-22
   2.0427e-22
   1.0154e-22
   5.0480e-23
   2.5097e-23
   1.2478e-23
   6.2045e-24
   3.0853e-24
   1.5343e-24
   7.6310e-25
   3.7955e-25
   1.8878e-25
   9.3902e-26
   4.6711e-26
   2.3237e-26
   1.1560e-26
   5.7505e-27
   2.8605e-27
   1.4237e-27
   7.0780e-28
   3.5225e-28
   1.7524e-28
   8.7170e-29
   4.3414e-29
   2.1558e-29
   1.0721e-29
   5.3697e-30
   2.6275e-30
   1.3247e-30
   6.4350e-31
   3.1815e-31
   1.6282e-31
   8.2163e-32
   3.6630e-32
   2.0105e-32
   8.8333e-33
   4.4110e-33
   2.9102e-33
   3.1541e-34
   2.4992e-34
   1.0373e-34
   5.5855e-35
   2.7192e-35
   1.3747e-35
   6.8420e-36
   3.4230e-36
   1.7080e-36
   8.5272e-37
   4.2548e-37
   2.1229e-37
   1.0590e-37
   5.2826e-38
   2.6349e-38
   1.3142e-38
   6.5548e-39
   3.2693e-39
   1.6306e-39
   8.1333e-40
   4.0570e-40
   2.0238e-40
   1.0097e-40
   5.0379e-41
   2.5140e-41
   1.2548e-41
   6.2641e-42
