0.160862446106914775 2.938345782516298854 32.000000000000000000
0.113423606850115655 1.303696000985157699 32.000000000000000000
0.084509034040997175 0.680149929112685903 36.000000000000000000
0.073512540093384746 0.563372094811914081 38.000000000000000000
0.063596045500201634 0.539972300600671806 69.000000000000000000
0.057725968442178699 0.940001002405523645 97.000000000000000000
0.047130233536536122 0.515644287220900277 99.000000000000000000
0.041720806709486087 0.501068903358807494 100.000000000000000000
0.029211956743007098 0.946083445549059876 101.000000000000000000
0.020548576814379466 0.386830761657878275 124.000000000000000000
0.008238520207924826 0.647211551025020149 155.000000000000000000
0.003041204654922944 0.263960967272717340 182.000000000000000000
0.001655706914631624 0.136229845469476668 219.000000000000000000
0.000888997536755138 0.065755926732408945 283.000000000000000000
0.000378196377961956 0.027061851560252596 321.000000000000000000
0.000149297690475995 0.010857967141894135 352.000000000000000000
0.000063920959753763 0.005214013002665669 386.000000000000000000
0.000031038447606441 0.002582354578400928 417.000000000000000000
0.000015587351690140 0.001422093692100030 484.000000000000000000
0.000007659279048597 0.000683049065793860 587.000000000000000000
0.000003724821495158 0.000372747568840310 637.000000000000000000
0.000001783121614527 0.000161064352156979 702.000000000000000000
0.000000836697712602 0.000098054345946693 754.000000000000000000
0.000000390588443379 0.000038301687041928 796.000000000000000000
0.000000186758126490 0.000020646833695241 859.000000000000000000
0.000000089340306918 0.000009844934539077 945.000000000000000000

