0.293980221751 0.996868230506 29.000000000000
0.180574111863 1.591051873252 53.000000000000
0.167000591948 1.062669081580 76.000000000000
0.160277241743 1.678631351633 80.000000000000
0.151012837416 1.257480684096 106.000000000000
0.130679547540 0.618424230495 130.000000000000
0.129622427609 0.929866289302 155.000000000000
0.124418039763 0.676989220097 186.000000000000
0.121474398829 0.498839126695 219.000000000000
0.119074923869 0.477471931974 245.000000000000
0.118103083568 0.474306638285 246.000000000000
0.115810279469 0.440535873397 275.000000000000
0.113798239120 0.965605176512 277.000000000000
0.113460321300 0.944866287550 278.000000000000
0.112530175902 0.913039788337 307.000000000000
0.111642599647 0.765239173833 336.000000000000
0.110679284304 0.628620247655 362.000000000000
0.109502947858 0.451395122118 365.000000000000
0.109181528262 0.446273641631 402.000000000000
0.107769845891 0.322253926187 434.000000000000
0.107328595422 0.303782346974 463.000000000000
0.107078709176 0.305567999574 492.000000000000
0.106829803675 0.307371968190 522.000000000000
0.106581877542 0.309194317453 558.000000000000
0.106334929406 0.311035110832 590.000000000000
0.106088957899 0.312894410629 627.000000000000
0.105843961659 0.314772277969 663.000000000000
0.105599939325 0.316668772797 699.000000000000
0.105356889545 0.318583953875 735.000000000000
0.105114810968 0.320517878771 770.000000000000
0.104873702247 0.322470603858 869.000000000000
0.104633562041 0.324442184311 900.000000000000
0.104394389012 0.326432674101 931.000000000000
0.104156181824 0.328442125991 965.000000000000
0.103918939149 0.330470591535 1002.000000000000
0.103682659658 0.332518121075 1037.000000000000
0.103447342029 0.334584763739 1078.000000000000
0.103212984941 0.336670567437 1115.000000000000
0.102979587079 0.338775578859 1182.000000000000
0.102747147130 0.340899843480 1218.000000000000
0.102515663783 0.343043405550 1251.000000000000
0.102285135732 0.345206308100 1294.000000000000
0.102055561675 0.347388592940 1328.000000000000
0.101826940309 0.349590300657 1358.000000000000
0.101599270339 0.351811470618 1389.000000000000
0.101372550468 0.354052140968 1431.000000000000
0.101146779406 0.356312348634 1468.000000000000
0.100921955864 0.358592129323 1509.000000000000
0.100698078553 0.360891517527 1564.000000000000
0.100475146192 0.363210546519 1601.000000000000
