0.310661064435 2.097878167618 1.000000000000
0.257274827863 3.566776089079 28.000000000000
0.176817976742 2.092064377996 59.000000000000
0.168842295643 1.359494135972 59.000000000000
0.163372999662 1.201310523779 96.000000000000
0.145264095501 0.741690998239 100.000000000000
0.135500162638 0.624196493865 101.000000000000
0.129721117599 0.877885737623 102.000000000000
0.125012387842 0.805678897520 141.000000000000
0.124548392686 0.791405511951 171.000000000000
0.121073124594 0.584774350442 201.000000000000
0.120282945307 0.502234929575 240.000000000000
0.119943164662 0.502242857750 293.000000000000
0.119605162195 0.502250692872 348.000000000000
0.119268934138 0.502258421598 386.000000000000
0.118934476733 0.502266030162 426.000000000000
0.118601786229 0.502273504365 464.000000000000
0.118270858882 0.502280829572 500.000000000000
0.117941690954 0.502287990704 540.000000000000
0.117614278717 0.502294972233 594.000000000000
0.117288618443 0.502301758177 634.000000000000
0.116964706416 0.502308332095 674.000000000000
0.116642538923 0.502314677081 712.000000000000
0.116322112254 0.502320775760 752.000000000000
0.116003422708 0.502326610284 785.000000000000
0.115686466586 0.502332162331 826.000000000000
0.115371240194 0.502337413094 868.000000000000
0.109528579743 0.644642110719 914.000000000000
0.099973187619 0.991656621353 996.000000000000
0.099706215142 0.992929604375 1042.000000000000
0.099440860348 0.994188576791 1091.000000000000
0.099177120266 0.995433408373 1123.000000000000
0.098914991919 0.996663970325 1153.000000000000
0.098654472328 0.997880135311 1182.000000000000
0.098395558512 0.999081777475 1218.000000000000
0.098138247484 1.000268772469 1254.000000000000
0.097882536257 1.001440997473 1292.000000000000
0.097628421838 1.002598331218 1323.000000000000
0.097375901231 1.003740654013 1356.000000000000
0.097124971433 1.004867847764 1377.000000000000
0.096875629438 1.005979795997 1414.000000000000
0.096627872237 1.007076383878 1448.000000000000
0.096381696811 1.008157498239 1497.000000000000
0.096137100139 1.009223027594 1532.000000000000
0.095894079192 1.010272862165 1567.000000000000
0.095652630936 1.011306893895 1600.000000000000
0.095412752330 1.012325016476 1634.000000000000
0.095174440326 1.013327125362 1668.000000000000
0.094937691870 1.014313117793 1708.000000000000
0.094702503898 1.015282892810 1754.000000000000

