0.1738
   0.1290
   0.0922
   0.0740
   0.0698
   0.0630
   0.0571
   0.0455
   0.0349
   0.0264
   0.0214
   0.0159
   0.0092
   0.0014
   0.0002
   0.0001
   6.0585e-05
   3.0161e-05
   1.4056e-05
   6.6577e-06
   3.1301e-06
   1.4782e-06
   6.9964e-07
   3.3315e-07
   1.5965e-07
   7.6960e-08
   3.7254e-08
   1.8084e-08
   8.7956e-09
   4.2850e-09
   2.0905e-09
   1.0212e-09
   4.9942e-10
   2.4453e-10
   1.1986e-10
   5.8818e-11
   2.8897e-11
   1.4213e-11
   6.9989e-12
   3.4504e-12
   1.7028e-12
   8.4122e-13
   4.1595e-13
   2.0582e-13
   1.0191e-13
   5.0477e-14
   2.5004e-14
   1.2384e-14
   6.1318e-15
   3.0352e-15
   1.5021e-15
   7.4325e-16
   3.6774e-16
   1.8194e-16
   9.0016e-17
   4.4537e-17
   2.2037e-17
   1.0904e-17
   5.3958e-18
   2.6702e-18
   1.3215e-18
   6.5407e-19
   3.2375e-19
   1.6026e-19
   7.9334e-20
   3.9276e-20
   1.9445e-20
   9.6280e-21
   4.7674e-21
   2.3607e-21
   1.1690e-21
   5.7893e-22
   2.8671e-22
   1.4200e-22
   7.0331e-23
   3.4836e-23
   1.7256e-23
   8.5486e-24
   4.2354e-24
   2.0986e-24
   1.0400e-24
   5.1552e-25
   2.5558e-25
   1.2675e-25
   6.2874e-26
   3.1202e-26
   1.5489e-26
   7.6948e-27
   3.8228e-27
   1.9006e-27
   9.4560e-28
   4.7011e-28
   2.3419e-28
   1.1638e-28
   5.7916e-29
   2.8766e-29
   1.4264e-29
   7.0384e-30
   3.5211e-30
   1.7304e-30
   8.6621e-31
   4.2381e-31
   2.1380e-31
   1.0541e-31
   5.4635e-32
   2.4459e-32
   1.3953e-32
   5.6890e-33
   3.2017e-33
   1.6567e-33
   4.6932e-34
   1.8849e-34
   1.3991e-34
   5.9602e-35
   3.1695e-35
   1.5453e-35
   7.7783e-36
   3.8620e-36
   1.9258e-36
   9.5799e-37
   4.7675e-37
   2.3713e-37
   1.1794e-37
   5.8650e-38
   2.9165e-38
   1.4503e-38
   7.2120e-39
   3.5869e-39
   1.7842e-39
   8.8765e-40
   4.4172e-40
   2.1986e-40
   1.0946e-40
   5.4506e-41
   2.7146e-41
   1.3520e-41
   6.7340e-42
