0.125003270537798361 0.021210916831697301 4.000000000000000000
0.124690557259799994 0.312101656969934249 8.000000000000000000
0.124208119884948287 0.420038993576290265 12.000000000000000000
0.123558962919900484 0.526845063962382731 16.000000000000000000
0.122747152272344978 0.625388161656515340 19.000000000000000000
0.121777778559122557 0.708682719022451391 23.000000000000000000
0.120656906392652280 0.809800248090449148 27.000000000000000000
0.119391512497180191 0.908103486817488204 50.000000000000000000
0.117989410558470564 0.977300646074627188 63.000000000000000000
0.116459164507161719 1.068980986467495509 69.000000000000000000
0.114809991120661745 1.156463357527518054 73.000000000000000000
0.113051655697967088 1.239241105497951967 79.000000000000000000
0.111194359817314334 1.316802430013001901 84.000000000000000000
0.109248628486361063 1.388637914607543156 99.000000000000000000
0.107225196325153802 1.454249746038160263 105.000000000000000000
0.105134899890343275 1.513162657969925551 111.000000000000000000
0.102988572462991299 1.564936077688812155 117.000000000000000000
0.100796949216221357 1.609177331142644274 123.000000000000000000
0.098570583354126592 1.663240040559260224 130.000000000000000000
0.096319771865831946 1.690245583731067258 136.000000000000000000
0.094054492079272078 1.708914384621212479 143.000000000000000000
0.091784351857729346 1.719193449143017860 150.000000000000000000
0.089518543756294797 1.727268408755652240 157.000000000000000000
0.087265812871847218 1.723086159579378718 165.000000000000000000
0.085034432687253261 1.710379264830875989 173.000000000000000000
0.082832181121130666 1.687619568242523682 180.000000000000000000
0.080666328085096439 1.658071661612512848 189.000000000000000000
0.078543621948102799 1.622451389502271413 197.000000000000000000
0.076470284242307729 1.581605096714495895 207.000000000000000000
0.074452003207738163 1.536506881094588328 216.000000000000000000
0.072493930153919722 1.488254371292971889 225.000000000000000000
0.070600680892288270 1.438062262566815130 235.000000000000000000
0.068776339579068813 1.387251630381765466 244.000000000000000000
0.067024461068659669 1.337232078994847750 254.000000000000000000
0.065348080833472114 1.289473962461273882 274.000000000000000000
0.063749725320043749 1.245465328635645630 285.000000000000000000
0.062231425585411483 1.206650352564947237 296.000000000000000000
0.060794734381123303 1.174348298000599922 307.000000000000000000
0.059440744809591571 1.149657913457213132 318.000000000000000000
0.058170112784657453 1.133360536623108317 330.000000000000000000
0.056983081204591619 1.125841728304533218 342.000000000000000000
0.055879506259189755 1.127052583683822551 355.000000000000000000
0.054858885416633321 1.136523745412961972 367.000000000000000000
0.053920386564424452 1.153430364685550380 379.000000000000000000
0.053062878173193086 1.176691792869228426 392.000000000000000000
0.052284959710824280 1.205082807393318856 405.000000000000000000
0.051584992214553226 1.237335533424111622 418.000000000000000000
0.050961128460367482 1.272219458853169227 432.000000000000000000
0.050411342923257510 1.308595765172433145 446.000000000000000000
0.049933459460900137 1.345448672808989610 460.000000000000000000
0.049525179218067393 1.381898771621739463 486.000000000000000000
0.049184107013776089 1.417204242419045412 501.000000000000000000
0.048907774592787195 1.450754811034536518 517.000000000000000000
0.048693663909538866 1.482061465941582945 532.000000000000000000
0.048539227631106553 1.510744595146019442 547.000000000000000000
0.048441908248241974 1.536521686410646126 563.000000000000000000
0.048399154930299587 1.559195446123879503 579.000000000000000000
0.048408438786741677 1.578642656426957114 596.000000000000000000
0.048467266418750099 1.594803965445842575 614.000000000000000000
0.048573191040920907 1.607674530189109552 632.000000000000000000
0.048723823045016094 1.617295671634049192 644.000000000000000000
0.048916838136843319 1.623747225014146256 655.000000000000000000
0.049149984596686735 1.627140836405288615 667.000000000000000000
0.049421088751740699 1.627613750417959526 678.000000000000000000
0.049728059534761865 1.625323439331981312 699.000000000000000000
0.050068890654462114 1.620442183123046220 711.000000000000000000
0.050441666304724603 1.613154422874898852 733.000000000000000000
0.050844557616211407 1.603650239852263848 745.000000000000000000
0.051275826595846105 1.592124197252922535 758.000000000000000000
0.051733815876221750 1.578767262925513837 770.000000000000000000
0.051519369979344004 1.235496667929128600 783.000000000000000000
0.050881063763915560 0.865866635498272474 796.000000000000000000
0.049129345025971147 0.380691730968601261 809.000000000000000000
0.048065829933481609 1.045980534426923958 822.000000000000000000
0.049032790275295925 1.318213042503135757 836.000000000000000000
0.050116501878024564 1.438510765340350606 850.000000000000000000
0.050954158074933684 1.464814813039587271 865.000000000000000000
0.051596735600443006 1.444029957538549125 879.000000000000000000
0.052132072048578615 1.400751318147842817 893.000000000000000000
0.052619117444606414 1.347021935258760683 910.000000000000000000
0.053090647394478260 1.288753361678946607 926.000000000000000000
0.053563540021043382 1.228847526306368065 946.000000000000000000
0.054046091574944374 1.168722456575079560 961.000000000000000000
0.054542274001661825 1.109121691998132597 985.000000000000000000
0.055053847635360045 1.050401010882152653 1000.000000000000000000
0.055581499474085971 0.992748657974779958 1015.000000000000000000
0.056125397127662936 0.936267949080595963 1030.000000000000000000
0.056685461885573996 0.881022071569372733 1049.000000000000000000
0.057261500205001717 0.827055378155619914 1068.000000000000000000
0.057853275703799105 0.774411518475812355 1084.000000000000000000
0.058460536614868407 0.723136148375973620 1099.000000000000000000
0.059083038448427987 0.673289305389065951 1124.000000000000000000
0.059720520381822365 0.624925721362706965 1142.000000000000000000
0.060372740983746065 0.578132910593690319 1158.000000000000000000
0.061039484126388391 0.533031844556301704 1174.000000000000000000
0.061720527949684939 0.489766270287833649 1194.000000000000000000
0.062415681067560395 0.448536682782385066 1211.000000000000000000
0.063016571633152177 0.375500151109083358 1228.000000000000000000
0.063081241816290351 0.252620747852322136 1244.000000000000000000
0.062829763885602047 0.418115677078351011 1261.000000000000000000
0.062137426375509279 0.773302142519302738 1278.000000000000000000
0.062429782016713703 0.909339906861415970 1295.000000000000000000
0.066248889798188854 1.205948981683746313 1313.000000000000000000
0.104055198864657458 0.207055574729266445 1333.000000000000000000
0.132009102976706871 2.562311796344468373 1354.000000000000000000
0.108966248162427962 10.093148255515052014 1374.000000000000000000
0.101775825571183087 8.032418236358623176 1393.000000000000000000
0.100342062109474106 6.256956036953390310 1411.000000000000000000
0.100706185352444758 5.219915015055692109 1430.000000000000000000
0.102008915702935146 4.529909470199454447 1448.000000000000000000
0.104127673525778675 4.060935980829809999 1467.000000000000000000
0.106745787375967280 3.739086169560411843 1485.000000000000000000
0.109740182606056558 3.517264266617356139 1503.000000000000000000
0.113388074097151459 3.361120558378879242 1522.000000000000000000
0.117991935272662468 3.245413717724583424 1549.000000000000000000
0.120646272285905978 3.397528518052128632 1580.000000000000000000
0.120491954163751483 3.409670269591425384 1600.000000000000000000
0.120738467931484267 3.047209843340123570 1620.000000000000000000
0.121211250864093262 2.663239845423511554 1640.000000000000000000
0.121890903155011610 2.376591627698845688 1669.000000000000000000
0.122484953911554700 2.285087410565708410 1689.000000000000000000
0.121137094305859214 2.433893802767855163 1709.000000000000000000
0.119913174332798106 2.222701083796726262 1730.000000000000000000
0.119562681629991563 1.984498072301957183 1761.000000000000000000
0.118965916503278202 1.604316539806771802 1794.000000000000000000
0.118037311306963155 1.112644996461882529 1816.000000000000000000
0.116351379006990913 0.895141370918514201 1837.000000000000000000
0.113236048074693368 0.762074251712473782 1860.000000000000000000
0.111950149261416360 0.763016429180016997 1883.000000000000000000
0.111606536612980090 0.740403851959642978 1906.000000000000000000
0.111456009992170618 0.682101600359286797 1928.000000000000000000
0.111221924242038625 0.589430691194269385 1953.000000000000000000
0.110967193021048752 0.481544118672017296 1978.000000000000000000
0.110297054374030853 0.290613312982846206 2008.000000000000000000
0.108323225968919523 0.445456597697207024 2032.000000000000000000
0.111424482513002937 1.185622424221710602 2056.000000000000000000
0.099793294743503194 1.195748347975879922 2080.000000000000000000
0.096467192462091095 0.122565513877258447 2104.000000000000000000
0.096767315510737195 0.152372507977202809 2129.000000000000000000
0.096369437325270868 0.360220597327019443 2153.000000000000000000
0.092826565201526184 0.153427476321613965 2177.000000000000000000
0.091186538057088928 0.354424147904961573 2203.000000000000000000
0.090033730680279922 0.623051362729301506 2229.000000000000000000
0.089032359458239924 0.954815355819560008 2254.000000000000000000
0.088616381036872249 1.035758302951594212 2280.000000000000000000
0.092588270609214401 0.030011818887824612 2307.000000000000000000
0.099166146206392330 0.207422225393246090 2333.000000000000000000
0.095239823742457097 0.524362615400430165 2359.000000000000000000
0.090758009424761560 1.189120371475116622 2385.000000000000000000
0.086162353489329685 0.290164122398265278 2416.000000000000000000
0.087352679001811984 0.190783964190155947 2451.000000000000000000
0.091860396869214572 0.392321412306194328 2478.000000000000000000
0.090744596813536735 0.481715996971068650 2506.000000000000000000
0.090088839291460387 0.608601729180424766 2533.000000000000000000
0.090455005738349664 0.443732303460896649 2562.000000000000000000
0.089213268873754026 1.227959403416916340 2594.000000000000000000
0.087795177127347954 0.944570626313662509 2629.000000000000000000
0.086486268022658949 0.714588952611651118 2665.000000000000000000
0.085572856267757902 0.837644781424269347 2694.000000000000000000
0.084846968018152724 0.955527781796437714 2725.000000000000000000
0.085737415072049197 0.640797508006092920 2755.000000000000000000
0.088841844945990567 0.153279409430111757 2785.000000000000000000
0.092998896935747768 0.522183159707909739 2815.000000000000000000
0.090122750866017842 0.569701518544413310 2849.000000000000000000
0.092200869690692328 1.221990336421770351 2883.000000000000000000
0.095701779451774868 0.904015914893360195 2914.000000000000000000
0.099742700409656548 1.200847932910451998 2947.000000000000000000
0.098798515588432542 1.085020354170928014 2980.000000000000000000
0.099510650774593035 1.046210614625318946 3011.000000000000000000
0.100537842639139632 1.026330246659171719 3043.000000000000000000
0.101619612119040081 1.043184970098962383 3080.000000000000000000
0.102712290725315181 1.103349982977908761 3114.000000000000000000
0.103452376301404109 1.174431257530968331 3147.000000000000000000
0.103031696947090662 0.772502851628057874 3181.000000000000000000
0.102965132861398467 0.636356287642548368 3215.000000000000000000
0.103163659510338984 0.600862275744972085 3249.000000000000000000
0.103293659744995991 0.638936049618586077 3290.000000000000000000
0.103080803005198382 0.569104460811348911 3329.000000000000000000
0.103104984942814878 0.573552304665879364 3366.000000000000000000
0.103260460705579052 0.584704232949000202 3402.000000000000000000
0.103496403507057300 0.598003888375733927 3438.000000000000000000
0.103787201393703107 0.610562549096875573 3475.000000000000000000
0.104120700442140154 0.620669025336785918 3514.000000000000000000
0.104490758351679397 0.627422514879057203 3554.000000000000000000
0.104894084182597463 0.630559584749589175 3592.000000000000000000
0.105328712504373714 0.630258264394854772 3668.000000000000000000
0.105614520919249860 0.642989030033905729 3761.000000000000000000
0.105711715706776663 0.632989069552598371 3835.000000000000000000
0.105921074720080041 0.619270864907644714 3908.000000000000000000
0.106192912636805525 0.607454566688862552 3984.000000000000000000
0.106503665950921880 0.595223759486230630 4058.000000000000000000
0.106843121659673745 0.581734694042755462 4131.000000000000000000
0.107209780653275993 0.564057844797990371 4207.000000000000000000
0.107603484117443721 0.543532511403266749 4284.000000000000000000
0.108015086808283464 0.520077813328215788 4358.000000000000000000
0.108452576204889906 0.496192362230680084 4435.000000000000000000
0.108917919925736073 0.472249060681848132 4512.000000000000000000
0.109027757244933091 0.458875933828680971 4587.000000000000000000
0.108796963975008210 0.414039901211209982 4664.000000000000000000
0.108908419718647981 0.396246527860786846 4741.000000000000000000
0.109177097411965338 0.386737416355310337 4816.000000000000000000
0.109525374571881939 0.382885918715383855 4894.000000000000000000
0.109902317593534402 0.367612099860408548 4971.000000000000000000
0.110295715385236567 0.350311134544740388 5047.000000000000000000
0.110660998736283045 0.331076018726083388 5125.000000000000000000
0.110722996132446544 0.307756079086461298 5202.000000000000000000
0.110756931399321606 0.292472760355096228 5278.000000000000000000
0.110968118114191439 0.282374366655538944 5357.000000000000000000
0.111266999593788440 0.277076895795556777 5435.000000000000000000
0.111611506387678611 0.274396063750672548 5514.000000000000000000
0.111984925788918901 0.268795251837746607 5598.000000000000000000
0.112378611823424207 0.262175251786518348 5674.000000000000000000
0.112788034857838171 0.256801563529187538 5767.000000000000000000
0.113184024379207257 0.253816582630418675 5847.000000000000000000
0.113413812616230972 0.239108158922538172 5924.000000000000000000
0.113748325135380302 0.231923889023591040 6003.000000000000000000
0.114142196828553727 0.227291441462152577 6087.000000000000000000
0.114438220804358129 0.198619887494582537 6166.000000000000000000
0.114552455610833409 0.151729496020324678 6246.000000000000000000
0.114582469680849688 0.108725680023595797 6335.000000000000000000
0.114480240548493026 0.053179153440170275 6412.000000000000000000
0.114515361323109632 0.149177336234909530 6495.000000000000000000
0.114276003744859134 0.498850192205460286 6590.000000000000000000
0.115282584832431950 1.363063629116421094 6681.000000000000000000
0.115491910903923092 0.298011776847585952 6771.000000000000000000
0.117581760728805496 0.199501050687215742 6866.000000000000000000
0.116708974648106256 0.400382656448642626 6956.000000000000000000
0.115997295403638540 0.433064500074974823 7048.000000000000000000
0.114587554091611907 0.826765374727318925 7140.000000000000000000
0.113591378929238929 1.286939237828328197 7232.000000000000000000
0.112178299517571634 0.942623951745805710 7327.000000000000000000
0.111138941964926491 0.159890592550331972 7421.000000000000000000
0.111016569110935256 0.089503171785504321 7513.000000000000000000
0.110254792499934126 0.166919478208024358 7606.000000000000000000
0.108697949591925219 0.025381203729152375 7693.000000000000000000
0.108295638929113633 0.007324675045614954 7774.000000000000000000
0.108289500858514909 0.005786333621584224 7851.000000000000000000
0.108295443516735812 0.010984997031725544 7939.000000000000000000
0.108315350516743097 0.008617182598705668 8018.000000000000000000
0.108338915687114665 0.004404774255278034 8097.000000000000000000
0.108363545259783894 0.005658921499967442 8186.000000000000000000
0.108385694568883126 0.004021286519939466 8266.000000000000000000
0.108408498619244453 0.006314917862642074 8347.000000000000000000
0.108429534939716979 0.003819340934922228 8435.000000000000000000
0.108449656072189038 0.003571031391007488 8516.000000000000000000
0.108469339083913444 0.003146909373379068 8598.000000000000000000
0.108488713810553541 0.003437480533884412 8682.000000000000000000
0.108507511530534381 0.003433191174692369 8766.000000000000000000
0.108525404669426825 0.002810752870758669 8849.000000000000000000
0.108542861273979538 0.002666068505110395 8933.000000000000000000
0.108559986385244764 0.002693698013879655 9016.000000000000000000
0.108576763132886139 0.002755221009872687 9099.000000000000000000
0.108593110606751836 0.002647097540801927 9183.000000000000000000
0.108609077724472897 0.002533314563305636 9266.000000000000000000
0.108624728654740765 0.002495056425421455 9350.000000000000000000
0.108640084576787477 0.002485623686102985 9434.000000000000000000
0.108655147542509947 0.002456603179164385 9516.000000000000000000
0.108669928428605428 0.002414128942578512 9599.000000000000000000
0.108684446187803485 0.002379781896213977 9684.000000000000000000
0.108698716314349755 0.002354695953837182 9767.000000000000000000
0.108712749773877376 0.002330733531744648 9850.000000000000000000
0.108726556517117906 0.002305276618156407 9937.000000000000000000
0.108740146791109216 0.002280358488598136 10022.000000000000000000
0.108753530347661692 0.002257046285797129 10107.000000000000000000
0.108766715978860951 0.002234678425598967 10194.000000000000000000
0.108779711745057725 0.002212610494817364 10279.000000000000000000
0.108792525227570283 0.002190791113378986 10364.000000000000000000
0.108805163566293883 0.002169306690019816 10451.000000000000000000
0.108817633448412360 0.002148111050125024 10536.000000000000000000
0.108829941139788791 0.002127110099257942 10622.000000000000000000
0.108842092534503762 0.002106254542863760 10710.000000000000000000
0.108854093185462561 0.002085529350282517 10798.000000000000000000
0.108865948335899271 0.002064922964175494 10885.000000000000000000
0.108877662941715567 0.002044422730769368 10975.000000000000000000
0.108889241686314961 0.002024020799777004 11066.000000000000000000
0.108900689010396456 0.002003715063261514 11153.000000000000000000
0.108912009124630754 0.001983506670287775 11241.000000000000000000
0.108923206029784003 0.001963398434058558 11331.000000000000000000
0.108934283521231495 0.001943394406065176 11416.000000000000000000
0.108945245219549472 0.001923499769638408 11505.000000000000000000
0.108956094564862313 0.001903720365014349 11593.000000000000000000
0.108966834843337343 0.001884062285593444 11683.000000000000000000
0.108977469189306467 0.001864531703268471 11772.000000000000000000
0.108988000596048545 0.001845134681090273 11862.000000000000000000
0.108998431921425942 0.001825877051386916 11950.000000000000000000
0.109008765905151558 0.001806764331840963 12041.000000000000000000
0.109019005164914293 0.001787801654634958 12131.000000000000000000
0.109029152212785363 0.001768993724570879 12219.000000000000000000
0.109039209455545849 0.001750344811898064 12308.000000000000000000
0.109049179205034846 0.001731858728633602 12399.000000000000000000
0.109059063674978723 0.001713538839325991 12490.000000000000000000
0.109068864996714601 0.001695388079507282 12582.000000000000000000
0.109078585219163998 0.001677408969027190 12674.000000000000000000
0.109088226310413719 0.001659603635906155 12767.000000000000000000
0.109097790168515230 0.001641973817248451 12859.000000000000000000
0.109107278617561296 0.001624520928965591 12952.000000000000000000
0.109116693417702165 0.001607246048132369 13043.000000000000000000
0.109126036264926826 0.001590149970030745 13138.000000000000000000
0.109135308795068803 0.001573233218590465 13232.000000000000000000
0.109144512586650921 0.001556496075845389 13325.000000000000000000
0.109153649163753530 0.001539938606919857 13420.000000000000000000
0.109162719998452382 0.001523560682192276 13513.000000000000000000
0.109171726513273087 0.001507361998324165 13607.000000000000000000
0.109180670083430256 0.001491342099015416 13704.000000000000000000
0.109189552039303805 0.001475500392749475 13798.000000000000000000
0.109198373667731954 0.001459836172658248 13895.000000000000000000
0.109207136213313794 0.001444348632424984 13994.000000000000000000
0.109215840882778331 0.001429036873482012 14090.000000000000000000
0.109224488846085391 0.001413899925000242 14185.000000000000000000
0.109233081231834728 0.001398936768843939 14282.000000000000000000
0.109241619138990609 0.001384146311857614 14377.000000000000000000
0.109250103631538309 0.001369527439616567 14474.000000000000000000
0.109258535741454596 0.001355078997378526 14570.000000000000000000
0.109266916470029007 0.001340799805406756 14669.000000000000000000
0.109275246789066569 0.001326688667570978 14767.000000000000000000
0.109283527642026215 0.001312744375384039 14866.000000000000000000
0.109291759946292616 0.001298965709564929 14964.000000000000000000
0.109299944590084616 0.001285351457751025 15062.000000000000000000
0.109308082438375545 0.001271900397012191 15166.000000000000000000
0.109316174332040036 0.001258611313691409 15263.000000000000000000
0.109324221088519580 0.001245482999142107 15363.000000000000000000
0.109332223501882236 0.001232514254349573 15463.000000000000000000
0.109340182344894524 0.001219703887329158 15562.000000000000000000
0.109348098369343602 0.001207050718769605 15660.000000000000000000
0.109355972306745181 0.001194553580490591 15760.000000000000000000
0.109363804869446871 0.001182211314940780 15859.000000000000000000
0.109371596750504285 0.001170022777238299 15958.000000000000000000
0.109379348623749872 0.001157986839035676 16067.000000000000000000
0.109387061147213999 0.001146102373832658 16167.000000000000000000
0.109394734961076004 0.001134368274135058 16272.000000000000000000
0.109402370689225120 0.001122783438708183 16377.000000000000000000
0.109409968939582575 0.001111346776284660 16484.000000000000000000
0.109417530304635899 0.001100057204336886 16586.000000000000000000
0.109425055361836804 0.001088913647164951 16690.000000000000000000
0.109432544674281276 0.001077915035085937 16792.000000000000000000
0.109439998791100668 0.001067060303736060 16901.000000000000000000
0.109447418247972231 0.001056348391838932 17005.000000000000000000
0.109454803567233944 0.001045778240918385 17114.000000000000000000
0.109462155258620644 0.001035348793152513 17217.000000000000000000
0.109469473819548788 0.001025058990928493 17320.000000000000000000
0.109476759735469775 0.001014907775222595 17423.000000000000000000
0.109484013480237313 0.001004894084421482 17529.000000000000000000
0.109491235516457008 0.000995016853291535 17633.000000000000000000
0.109498426295820239 0.000985275011883350 17740.000000000000000000
0.109505586259426524 0.000975667484487030 17849.000000000000000000
0.109512715837967969 0.000966193189291135 17960.000000000000000000
0.109519815452387342 0.000956851035152385 18068.000000000000000000
0.109526885513834910 0.000947639924211678 18179.000000000000000000
0.109533926424049674 0.000938558749067121 18286.000000000000000000
0.109540938575613006 0.000929606392337513 18396.000000000000000000
0.109547922352225033 0.000920781726369522 18506.000000000000000000
0.109554878128947791 0.000912083612777022 18618.000000000000000000
0.109561806272541459 0.000903510901901236 18724.000000000000000000
0.109568707141719429 0.000895062432195123 18832.000000000000000000
0.109575581086647569 0.000886737032286586 18939.000000000000000000
0.109582428450304845 0.000878533516600691 19047.000000000000000000
0.109589249568416522 0.000870450688444377 19154.000000000000000000
0.109596044768351122 0.000862487341453981 19263.000000000000000000
0.109602814371427049 0.000854642253722789 19370.000000000000000000
0.109609558691626335 0.000846914195018659 19480.000000000000000000
0.109616278036433493 0.000839301921752957 19590.000000000000000000
0.109622972706675106 0.000831804180246270 19705.000000000000000000
0.109629642996833171 0.000824419706086262 19815.000000000000000000
0.109636289195221406 0.000817147224615115 19927.000000000000000000
0.109642911584058783 0.000809985451687851 20053.000000000000000000
0.109649510439691109 0.000802933093638332 20178.000000000000000000
0.109656086032820746 0.000795988848620342 20290.000000000000000000
0.109662638628610851 0.000789151407209120 20403.000000000000000000
0.109669168486860980 0.000782419451810436 20515.000000000000000000
0.109675675861779343 0.000775791657436830 20629.000000000000000000
0.109682161003284998 0.000769266694848543 20744.000000000000000000
0.109688624154226505 0.000762843232419019 20858.000000000000000000
0.109695065554895971 0.000756519927704534 20971.000000000000000000
0.109701485439727076 0.000750295440175085 21093.000000000000000000
0.109707884038794168 0.000744168423864463 21207.000000000000000000
0.109714261577509964 0.000738137531681160 21323.000000000000000000
0.109720618277015403 0.000732201415250414 21442.000000000000000000
0.109726954354104234 0.000726358726121822 21561.000000000000000000
0.109733270021360185 0.000720608116028163 21681.000000000000000000
0.109739565487331422 0.000714948238161798 21796.000000000000000000
0.109745840957289509 0.000709377746578754 21915.000000000000000000
0.109752096630506751 0.000703895302681212 22045.000000000000000000
0.109758332704583031 0.000698499565128945 22160.000000000000000000
0.109764549372750375 0.000693189201711521 22278.000000000000000000
0.109770746824618931 0.000687962883500067 22400.000000000000000000
0.109776925246329815 0.000682819287490126 22528.000000000000000000
0.109783084820581453 0.000677757097608472 22649.000000000000000000
0.109789225726722742 0.000672775004958811 22779.000000000000000000
0.109795348141972199 0.000667871706997236 22899.000000000000000000
0.109801452237049832 0.000663045915079124 23029.000000000000000000
0.109807538182877154 0.000658296341801361 23153.000000000000000000
0.109813606146279344 0.000653621715915588 23281.000000000000000000
0.109819656291079884 0.000649020773459175 23407.000000000000000000
0.109825688778282304 0.000644492261482054 23539.000000000000000000
0.109831703766050309 0.000640034938848257 23664.000000000000000000
0.109837701409801897 0.000635647576032010 23793.000000000000000000
0.109843681862275500 0.000631328955636388 23920.000000000000000000
0.109849645273592658 0.000627077872883938 24051.000000000000000000
0.109855591791320317 0.000622893135993321 24178.000000000000000000
0.109861521560530515 0.000618773566524347 24312.000000000000000000

