Residual Convergence speed Computational time
0.1259514860930358 0.0514211226586185 13.0000000000000000
0.1260929894503130 0.2601121855612086 17.0000000000000000
0.1267893666809454 0.3330496377964065 25.0000000000000000
0.1264559526406315 0.6193163954930667 30.0000000000000000
0.1255444018906775 0.6545575927491872 44.0000000000000000
0.1245696379356898 0.7589715782034060 50.0000000000000000
0.1235168867018716 0.8598688214995679 64.0000000000000000
0.1223683134638930 0.9566652355875235 91.0000000000000000
0.1211088827236792 1.0487079697151498 127.0000000000000000
0.1197272556384360 1.1353271265776810 136.0000000000000000
0.1182228634018719 1.2158665245554203 144.0000000000000000
0.1166028611162663 1.2897019242867884 151.0000000000000000
0.1148754598582625 1.3562537746918231 165.0000000000000000
0.1130511736043807 1.4149982114310946 175.0000000000000000
0.1111427775845744 1.4654782414641065 182.0000000000000000
0.1091645254360252 1.5453429673983976 192.0000000000000000
0.1071305946105039 1.5755380391438796 213.0000000000000000
0.1050557617010670 1.5965102891936980 233.0000000000000000
0.1029543898258976 1.6082264512547204 246.0000000000000000
0.1008401719077913 1.6107892723283441 311.0000000000000000
0.0987271600159624 1.6044491413229112 328.0000000000000000
0.0966279926535115 1.5896145845250684 343.0000000000000000
0.0945543487250126 1.5668611007046749 359.0000000000000000
0.0925175353950902 1.5442133032517005 369.0000000000000000
0.0905280154688139 1.5068377012885485 379.0000000000000000
0.0885953735300268 1.4668623700890258 391.0000000000000000
0.0867282826718775 1.4222264621753440 402.0000000000000000
0.0849344933509008 1.3731901847516153 430.0000000000000000
0.0832208238214830 1.3237151720862186 446.0000000000000000
0.0815933083282202 1.2755150152953865 519.0000000000000000
0.0800569309031935 1.2303414252053555 536.0000000000000000
0.0786155707296505 1.1899027124055097 549.0000000000000000
0.0772723868951151 1.1557573642948098 564.0000000000000000
0.0760298415293302 1.1291901467370276 578.0000000000000000
0.0748892701127319 1.1110887913365157 598.0000000000000000
0.0738513740686678 1.1018487615000803 615.0000000000000000
0.0729161061370374 1.1013338589001263 629.0000000000000000
0.0720826379172293 1.1089079738158152 664.0000000000000000
0.0713495827556889 1.1235314912614811 681.0000000000000000
0.0707149813426174 1.1438969390738933 735.0000000000000000
0.0701763652216552 1.1685714480577565 752.0000000000000000
0.0697308215746449 1.1961198769024817 775.0000000000000000
0.0693750583226030 1.2251952381955620 794.0000000000000000
0.0691054693086800 1.2545949031142254 813.0000000000000000
0.0689181963658045 1.2832882483370591 832.0000000000000000
0.0688091902941226 1.3104237023970851 856.0000000000000000
0.0687742675642158 1.3353227236704883 877.0000000000000000
0.0688091631650720 1.3574664341136395 900.0000000000000000
0.0689095789800482 1.3764788391830387 935.0000000000000000
0.0690712278815795 1.3921090716436439 961.0000000000000000
0.0692898711538238 1.4042139027597669 981.0000000000000000
0.0695613526953813 1.4127414600207091 1009.0000000000000000
0.0698816279240037 1.4177163630535090 1028.0000000000000000
0.0702467864682594 1.4192260330286608 1103.0000000000000000
0.0706530720286059 1.4174088545408972 1132.0000000000000000
0.0710968965093289 1.4124432228428017 1148.0000000000000000
0.0715748529969135 1.4045388714125391 1168.0000000000000000
0.0720837201544536 1.3939272576865729 1187.0000000000000000
0.0726204688096083 1.3808556866873614 1204.0000000000000000
0.0731822621739698 1.3655799876700718 1224.0000000000000000
0.0737664559792274 1.3483599978267538 1241.0000000000000000
0.0737131221774945 1.1154205313609977 1260.0000000000000000
0.0731035073660578 0.7999508724204279 1277.0000000000000000
0.0718341280240775 0.3626458098318625 1295.0000000000000000
0.0714376159279320 1.6422785946037948 1315.0000000000000000
0.0740689853837471 2.2385945158439493 1361.0000000000000000
0.0765345415931358 2.5547310744408116 1394.0000000000000000
0.0782486322871711 2.6930405286883516 1420.0000000000000000
0.0794107536446408 2.7432982812802136 1444.0000000000000000
0.0802588546026592 2.7515609209299643 1464.0000000000000000
0.0809456333682957 2.7396815141345594 1535.0000000000000000
0.0815544344744390 2.7181282983448849 1563.0000000000000000
0.0821291180086168 2.6919976874405198 1584.0000000000000000
0.0826917617297795 2.6638127870404449 1642.0000000000000000
0.0832531742683460 2.6348194002930079 1667.0000000000000000
0.0838185044615438 2.6056366289999326 1692.0000000000000000
0.0843899275667644 2.5765681254832331 1716.0000000000000000
0.0849682682986901 2.5477575632211265 1736.0000000000000000
0.0855536573045327 2.5192689849684498 1765.0000000000000000
0.0861459355296820 2.4911400387108111 1788.0000000000000000
0.0867446816761785 2.4633481633828782 1816.0000000000000000
0.0873495496215372 2.4359167139976048 1844.0000000000000000
0.0879601196787168 2.4088324160670980 1865.0000000000000000
0.0885759805726503 2.3820873284326991 1886.0000000000000000
0.0891967382643448 2.3556735812770806 1908.0000000000000000
0.0898220211610614 2.3295844008291304 1932.0000000000000000
0.0904514821909086 2.3038144709455639 1953.0000000000000000
0.0910847753821392 2.2783529869258441 1993.0000000000000000
0.0917216024014909 2.2531997817400091 2033.0000000000000000
0.0923616855602493 2.2283532546164992 2065.0000000000000000
0.0929381842349186 2.1841334070493530 2089.0000000000000000
0.0932226285864971 2.0604742884867400 2112.0000000000000000
0.0934186180368979 1.9416204932190222 2143.0000000000000000
0.0936385029350991 1.8396649071769240 2167.0000000000000000
0.0936804328766564 1.6841656593372893 2204.0000000000000000
0.0935691810475993 1.5027203162078355 2229.0000000000000000
0.0933452629638987 1.3053256896729131 2265.0000000000000000
0.0928710325106675 1.0516135395956898 2299.0000000000000000
0.0920868900890958 0.7410503620849259 2325.0000000000000000
0.0908877989380569 0.3610788956090940 2360.0000000000000000
0.0895664221713865 0.1812951108607359 2393.0000000000000000
0.0891512509358823 0.4679996948082756 2423.0000000000000000
0.0941468886571426 0.3393561646344665 2458.0000000000000000
0.0951669325976247 0.3381921726180105 2486.0000000000000000
0.1059792413619128 2.2411039112617277 2516.0000000000000000
0.1190011169045535 2.9075688260807295 2543.0000000000000000
0.1184537152953477 3.2051043762898472 2571.0000000000000000
0.1177676640302041 2.3990547881535047 2600.0000000000000000
0.1184895375256474 1.9964937608414461 2644.0000000000000000
0.1192033017784979 1.9080325376800651 2676.0000000000000000
0.1165839078751025 2.4456842537897332 2705.0000000000000000
0.1150020283978073 2.1508534513879467 2735.0000000000000000
0.1145782397944764 1.9923111026689437 2764.0000000000000000
0.1143100437188711 2.0323036138564055 2795.0000000000000000
0.1133087753050036 1.3724337610534065 2826.0000000000000000
0.1133587795429714 1.1978355615761009 2860.0000000000000000
0.1120536731014543 0.9530263371317071 2897.0000000000000000
0.1104600707711458 1.0154526744573225 2932.0000000000000000
0.1027926592364887 0.1547068493857025 2965.0000000000000000
0.1036230268420779 0.1747627557811832 3001.0000000000000000
0.1008725154592589 0.6096884788133591 3032.0000000000000000
0.1036402008649292 0.1612603929342632 3075.0000000000000000
0.1123729113879620 0.4406394198539050 3109.0000000000000000
0.1211378931275339 0.9103064927290523 3145.0000000000000000
0.1253104298927850 1.1764974920763844 3180.0000000000000000
0.1273402141838397 1.3913134430010727 3212.0000000000000000
0.1276813836135483 1.3895745100176280 3245.0000000000000000
0.1287663740735375 1.4266075384286396 3286.0000000000000000
0.1302746857473289 1.4462105532770773 3319.0000000000000000
0.1296915055196394 1.4921928414116465 3350.0000000000000000
0.1275564950225689 1.7379780992217060 3385.0000000000000000
0.1268083730274455 1.5767827602336826 3419.0000000000000000
0.1266594483847314 1.4904146112824892 3449.0000000000000000
0.1267512413657274 1.4342349211430185 3535.0000000000000000
0.1269521374741579 1.3790351844126421 3580.0000000000000000
0.1272099132600024 1.3056697750606314 3617.0000000000000000
0.1274875258164285 1.2085026578265023 3658.0000000000000000
0.1277997910263204 1.0860333580694139 3695.0000000000000000
0.1281633208753663 0.9403537871086551 3733.0000000000000000
0.1285857508326034 0.7844925750843257 3775.0000000000000000
0.1290961991522752 0.6417254040034958 3815.0000000000000000
0.1290068460142552 0.4404124431442608 3853.0000000000000000
0.1284734379897811 0.3479408280637288 3893.0000000000000000
0.1268428793849779 0.1358553557298666 3937.0000000000000000
0.1239318487349308 0.2427804718883711 3977.0000000000000000
0.1234855816159761 0.2626896802723357 4019.0000000000000000
0.1228891681870528 0.3371148532888188 4059.0000000000000000
0.1232461620935686 0.5179028925658706 4132.0000000000000000
0.1267691157914146 0.5750609716896810 4193.0000000000000000
0.1368935978835490 1.3134271943290110 4231.0000000000000000
0.1241757882078746 1.0767811276883270 4281.0000000000000000
0.1209918750308635 0.2136909363713623 4461.0000000000000000
0.1213346600159202 0.0557363140664781 4618.0000000000000000
0.1203822171483038 0.0645027758876453 4829.0000000000000000
0.1183627096688097 0.8453159137997934 5035.0000000000000000
0.1181574938333070 0.2887729999178825 5267.0000000000000000
0.1163376381872700 0.0359358565108802 5499.0000000000000000
0.1148596246853232 0.5367482867655130 5732.0000000000000000
0.1119194749870393 1.0132902039553027 5925.0000000000000000
0.1100456478976157 0.3872459135619808 5981.0000000000000000
0.1102505313060516 0.4147258919867096 6021.0000000000000000
0.1091643201727473 0.2428373836622322 6107.0000000000000000
0.1110491234140429 0.4525782485447670 6192.0000000000000000
0.1095899272299943 0.0720434214796605 6277.0000000000000000
0.1100825116484963 0.0742365802026460 6353.0000000000000000
0.1097483909204449 0.0621316653684696 6430.0000000000000000
0.1090732912869329 0.0737784542247825 6511.0000000000000000
0.1090218973365033 0.0734897834572771 6588.0000000000000000
0.1090812560991884 0.0759805180492891 6668.0000000000000000
0.1091900046136973 0.0813401482750005 6745.0000000000000000
0.1093385261698442 0.0896712562297321 6822.0000000000000000
0.1095204061898992 0.1007730642563186 6901.0000000000000000
0.1097391744075595 0.1141137508450743 6979.0000000000000000
0.1099994818780329 0.1288407890805259 7060.0000000000000000
0.1102962423419977 0.1438546522475502 7144.0000000000000000
0.1106276946268441 0.1579649261015264 7226.0000000000000000
0.1109924254699791 0.1700996670212979 7311.0000000000000000
0.1111238539948596 0.1684192847099578 7395.0000000000000000
0.1110283066357434 0.1358374804122853 7492.0000000000000000
0.1110174514654662 0.1231337924969958 7575.0000000000000000
0.1110500265735159 0.1114191214275101 7659.0000000000000000
0.1111083661171674 0.0998100088645882 7746.0000000000000000
0.1111854056470802 0.0876711414630209 7991.0000000000000000
0.1112285904353265 0.0683858136156161 8083.0000000000000000
0.1112424330291582 0.0475355366813934 8165.0000000000000000
0.1112346282996601 0.0373779838263219 8250.0000000000000000
0.1112267731835919 0.0740708675380890 8336.0000000000000000
0.1113466547040025 0.1699099187331491 8425.0000000000000000
0.1114704728215896 0.1690212520655148 8511.0000000000000000
0.1126776981174418 0.4127672919491890 8605.0000000000000000
0.1128431282685051 0.2838216294236359 8694.0000000000000000
0.1129872092432171 0.2741801736758411 8811.0000000000000000
0.1131427230450654 0.3022458063861019 8897.0000000000000000
0.1133167396120130 0.3307315351254261 8987.0000000000000000
0.1135176285979338 0.3705461329568319 9074.0000000000000000
0.1137508176618945 0.4216386770102014 9165.0000000000000000
0.1140255807534537 0.4833761621914587 9251.0000000000000000
0.1143364814585257 0.5546005548628505 9345.0000000000000000
0.1146869546332724 0.6336483005336603 9444.0000000000000000
0.1150823100595054 0.7182864389415797 9530.0000000000000000
0.1155330423790998 0.8054825382263003 9617.0000000000000000
0.1160392148877042 0.8910311120536027 9705.0000000000000000
0.1162393866276911 0.9110019333683433 9813.0000000000000000
0.1160792854486660 0.7792122997425821 9909.0000000000000000
0.1160701564936384 0.7512915970146732 10010.0000000000000000
0.1161415507473845 0.7297782459199075 10102.0000000000000000
0.1162552632995441 0.7119310565072190 10193.0000000000000000
0.1163929440124441 0.6970579969206089 10282.0000000000000000
0.1165410196051067 0.6908968981043049 10378.0000000000000000
0.1166985961762830 0.6857633070732316 10467.0000000000000000
0.1168636082689749 0.6716946736703344 10558.0000000000000000
0.1170371143170657 0.6538503521208857 10649.0000000000000000
0.1171995600319519 0.6471435074867961 10740.0000000000000000
0.1173462068989030 0.6426152414050624 10832.0000000000000000
0.1174429126846871 0.6350095963531066 10928.0000000000000000
0.1175327411897732 0.6253344434582839 11026.0000000000000000
0.1176305661884939 0.6184842436656396 11119.0000000000000000
0.1177329578573084 0.6101772912873408 11242.0000000000000000
0.1178374436400030 0.6019418856650851 11335.0000000000000000
0.1179485252072056 0.5936993046693353 11436.0000000000000000
0.1180609397966472 0.5854133942508571 11534.0000000000000000
0.1181740096290699 0.5770705255248855 11632.0000000000000000
0.1182869480779700 0.5686685326712653 11730.0000000000000000
0.1183997199160849 0.5602107929651050 11870.0000000000000000
0.1185123315142338 0.5517031134099795 11965.0000000000000000
0.1186248100936896 0.5431521175692728 12065.0000000000000000
0.1187371931890219 0.5345644117180910 12245.0000000000000000
0.1188495233618549 0.5259461710309037 12359.0000000000000000
0.1189625931184786 0.5173029417463760 12461.0000000000000000
0.1190788064826312 0.5095420792139366 12560.0000000000000000
0.1191966941693490 0.5024894203191429 12660.0000000000000000
0.1193146400934304 0.4954703558772403 12766.0000000000000000
0.1194327341823657 0.4884661045444207 12866.0000000000000000
0.1195510432602019 0.4814687018449212 12966.0000000000000000
0.1196696083366412 0.4744750906120564 13071.0000000000000000
0.1197884578995055 0.4674846512260111 13180.0000000000000000
0.1199077227377847 0.4604977444459925 13285.0000000000000000
0.1200273795556930 0.4535151378252782 13415.0000000000000000
0.1201479992685986 0.4465377349840078 13555.0000000000000000
0.1202693468699577 0.4395664685031936 13673.0000000000000000
0.1203940235326259 0.4326022707616771 13784.0000000000000000
0.1205204383096736 0.4256460754844268 13895.0000000000000000
0.1206472741237385 0.4186988654302000 14012.0000000000000000
0.1207745518903526 0.4117616673200794 14126.0000000000000000
0.1209022940750484 0.4048355789103318 14236.0000000000000000
0.1210305247490230 0.3979218351803486 14352.0000000000000000
0.1211592699008525 0.3910217984022163 14470.0000000000000000
0.1212885577030644 0.3841369872244133 14587.0000000000000000
0.1214184187392185 0.3772691010669960 14704.0000000000000000
0.1215488862568667 0.3704200354760281 14814.0000000000000000
0.1216799964321786 0.3635918998623343 14933.0000000000000000
0.1218117886325570 0.3567870342897657 15045.0000000000000000
0.1219443056757182 0.3500080353467184 15160.0000000000000000
0.1220775940863988 0.3432577714699270 15272.0000000000000000
0.1222117043697400 0.3365394223170566 15395.0000000000000000
0.1223466912868850 0.3298564999620332 15513.0000000000000000
0.1224826141040250 0.3232129025522709 15628.0000000000000000
0.1226195368424941 0.3166129536699937 15745.0000000000000000
0.1227581632241621 0.3100615092449409 15864.0000000000000000
0.1228996936348403 0.3035639612309207 15979.0000000000000000
0.1230434722997325 0.2971263987667685 16108.0000000000000000
0.1231887841749464 0.2907556910557038 16227.0000000000000000
0.1233354955693208 0.2844596169449111 16346.0000000000000000
0.1234837035005555 0.2782470153381083 16486.0000000000000000
0.1236335109064982 0.2721279470441723 16601.0000000000000000
0.1237850266304103 0.2661138745443911 16719.0000000000000000
0.1239383648833815 0.2602177416270505 16839.0000000000000000
0.1240759461028966 0.2513235250511930 16960.0000000000000000
0.1241981726788941 0.2415935160483358 17079.0000000000000000
0.1243028721517873 0.2290262520456778 17197.0000000000000000
0.1243855297851491 0.2123242305978049 17334.0000000000000000
0.1244373573543235 0.1861822595770690 17454.0000000000000000
0.1244436610344248 0.1386575228801157 17614.0000000000000000
0.1243728850145651 0.0697513157027556 17738.0000000000000000
0.1241915130598488 0.0701460833961533 17855.0000000000000000
0.1241468860819193 0.1134900351413009 17977.0000000000000000
0.1242622775057425 0.1589129357618695 18119.0000000000000000
0.1246728200309830 0.3406051593948119 18233.0000000000000000
0.1247661481400534 0.2921478025192778 18356.0000000000000000
0.1248119748120893 0.2833934150428729 18472.0000000000000000
0.1248403441418974 0.2854899884188243 18592.0000000000000000
0.1248634632265127 0.2897719188072737 18716.0000000000000000
0.1248875149885710 0.2967860329273651 18832.0000000000000000
0.1249199786773577 0.3069388593477140 18950.0000000000000000
0.1249608800701649 0.3206206882194102 19077.0000000000000000
0.1250102460141718 0.3382396941585263 19200.0000000000000000
0.1250677832750902 0.3602128246350429 19326.0000000000000000
0.1251346087922530 0.3869284953579248 19448.0000000000000000
0.1252124129214577 0.4186871364338527 19599.0000000000000000
0.1251894516906627 0.3323518775839925 19720.0000000000000000
0.1251117979907677 0.2325762750854054 19845.0000000000000000
0.1250322699763834 0.1560939760965469 19966.0000000000000000
0.1248841070740862 0.0523855530298139 20109.0000000000000000
0.1247250188778293 0.0054324762578539 20229.0000000000000000
0.1246372456043532 0.0086122929097953 20354.0000000000000000
0.1246264023554366 0.0069511266570029 20475.0000000000000000
0.1246166399569913 0.0064607981634171 20600.0000000000000000
0.1246129260271797 0.0054046575522452 20718.0000000000000000
0.1246107260576809 0.0046904012271445 20838.0000000000000000
0.1246091430994617 0.0043156892728788 20968.0000000000000000
0.1246085419438680 0.0040453627669570 21127.0000000000000000
0.1246085382256189 0.0037498575942517 21251.0000000000000000
0.1246087644971965 0.0034477525435457 21383.0000000000000000
0.1246093440028076 0.0031979261920591 21501.0000000000000000
0.1246103744071997 0.0030041918742100 21623.0000000000000000
0.1246117361245673 0.0028349859551417 21745.0000000000000000
0.1246132918872658 0.0026740454934365 21885.0000000000000000
0.1246150047386633 0.0025269696249770 22020.0000000000000000
0.1246168921510010 0.0023990466086056 22158.0000000000000000
0.1246189456105641 0.0022864985903700 22306.0000000000000000
0.1246211303424023 0.0021838717556529 22434.0000000000000000
0.1246234204839313 0.0020895280262433 22559.0000000000000000
0.1246258072414540 0.0020038023338733 22695.0000000000000000
0.1246282849345393 0.0019261733029055 22822.0000000000000000
0.1246308435309993 0.0018552977778958 22960.0000000000000000
0.1246334723560781 0.0017901404211211 23093.0000000000000000
0.1246361638378219 0.0017302024844633 23228.0000000000000000
0.1246389126452153 0.0016751012299116 23362.0000000000000000
0.1246417137472106 0.0016243608547172 23501.0000000000000000
0.1246445621261891 0.0015775122435467 23632.0000000000000000
0.1246474533575132 0.0015341865310405 23768.0000000000000000
0.1246503837509114 0.0014940875945600 23927.0000000000000000
0.1246533500711225 0.0014569433948406 24063.0000000000000000
0.1246563493381202 0.0014224969979602 24202.0000000000000000
0.1246593788299526 0.0013905187939543 24331.0000000000000000
0.1246624361063832 0.0013608070306509 24465.0000000000000000
0.1246655189704866 0.0013331802874668 24600.0000000000000000
0.1246686254160692 0.0013074725093577 24735.0000000000000000
0.1246717535980952 0.0012835317440138 24867.0000000000000000
0.1246749018198206 0.0012612196776199 25012.0000000000000000
0.1246780685191464 0.0012404101116028 25147.0000000000000000
0.1246812522515114 0.0012209872336570 25283.0000000000000000
0.1246844516757113 0.0012028445613443 25427.0000000000000000
0.1246876655426616 0.0011858840259868 25561.0000000000000000
0.1246909282825786 0.0011700152581979 25728.0000000000000000
0.1246942159610812 0.0011551549682027 25882.0000000000000000
0.1246975145890114 0.0011412262473557 26016.0000000000000000
0.1247012199808601 0.0011281578817382 26153.0000000000000000
0.1247049851156777 0.0011158844638092 26312.0000000000000000
0.1247087539886799 0.0011043451516199 26458.0000000000000000
0.1247125258952130 0.0010934836605078 26600.0000000000000000
0.1247163001696539 0.0010832480724582 26750.0000000000000000
0.1247200761826133 0.0010735903975747 26888.0000000000000000
0.1247238533366680 0.0010644661096347 27025.0000000000000000
0.1247276310681927 0.0010558344372610 27159.0000000000000000
0.1247314088402072 0.0010476572487654 27309.0000000000000000
0.1247351861421655 0.0010398994242512 27449.0000000000000000
0.1247389624909374 0.0010325286793516 27585.0000000000000000
0.1247427374280357 0.0010255151643615 27729.0000000000000000
0.1247465105174551 0.0010188312880284 27892.0000000000000000
0.1247502813447664 0.0010124515991786 28036.0000000000000000
0.1247540495163381 0.0010063526471343 28179.0000000000000000
0.1247578146583827 0.0010005128291130 28333.0000000000000000
0.1247615764160427 0.0009949122514596 28480.0000000000000000
0.1247653344510866 0.0009895324776572 28629.0000000000000000
0.1247691761040718 0.0009843567521129 28795.0000000000000000
0.1247730207907994 0.0009793694982629 28944.0000000000000000
0.1247768609970493 0.0009745564049912 29084.0000000000000000
0.1247806964278493 0.0009699043666707 29234.0000000000000000
0.1247845268036036 0.0009654013340572 29377.0000000000000000
0.1247883518584271 0.0009610361681389 29527.0000000000000000
0.1247921713411501 0.0009567987370656 29684.0000000000000000
0.1247959850142087 0.0009526797447793 29844.0000000000000000
0.1247997926512133 0.0009486705069684 30020.0000000000000000
0.1248035940390102 0.0009447632216955 30174.0000000000000000
0.1248073889762973 0.0009409506862267 30344.0000000000000000
0.1248111772719825 0.0009372262272732 30501.0000000000000000
0.1248149587460370 0.0009335838028854 30661.0000000000000000
0.1248187332289628 0.0009300178643741 30832.0000000000000000
0.1248225005607888 0.0009265233093390 30984.0000000000000000
0.1248262605909013 0.0009230954706137 31151.0000000000000000
0.1248300131777008 0.0009197300759966 31306.0000000000000000
0.1248337581880581 0.0009164232039216 31459.0000000000000000
0.1248374954970545 0.0009131712673819 31618.0000000000000000
0.1248412249876555 0.0009099709827080 31776.0000000000000000
0.1248449465503086 0.0009068193404994 31944.0000000000000000
0.1248486600815994 0.0009037135137182 32100.0000000000000000
0.1248523654882102 0.0009006511745725 32259.0000000000000000
0.1248560626806529 0.0008976298779634 32411.0000000000000000
0.1248597515752377 0.0008946474782915 32569.0000000000000000
0.1248634320954117 0.0008917020684025 32718.0000000000000000
0.1248671041705318 0.0008887918840203 32903.0000000000000000
0.1248707677351548 0.0008859152871908 33065.0000000000000000
0.1248744227289726 0.0008830707777344 33227.0000000000000000
0.1248780690967368 0.0008802569850910 33418.0000000000000000
0.1248817067878625 0.0008774726389928 33582.0000000000000000
0.1248853357566749 0.0008747166090158 33742.0000000000000000
0.1248889559615801 0.0008719878151815 33904.0000000000000000
0.1248925673650197 0.0008692852748235 34065.0000000000000000
0.1248961699335312 0.0008666080908196 34231.0000000000000000
0.1248997636374324 0.0008639554334663 34397.0000000000000000
0.1249033484506875 0.0008613265416858 34564.0000000000000000
0.1249069243505321 0.0008587206993923 34723.0000000000000000
0.1249104913173523 0.0008561372371676 34890.0000000000000000
0.1249140493350912 0.0008535755860519 35063.0000000000000000
0.1249175983903906 0.0008510351619463 35228.0000000000000000
0.1249211384724924 0.0008485154344918 35401.0000000000000000
0.1249246695734184 0.0008460159142915 35569.0000000000000000
0.1249281916883956 0.0008435361924541 35746.0000000000000000
0.1249317048143500 0.0008410758101785 35924.0000000000000000