0.141599228322867393 0.778872454729148345 45.000000000000000000
0.147305211376536266 2.492436246159309032 49.000000000000000000
0.138317454326951056 0.586984749205638368 53.000000000000000000
0.161679354469085879 0.173583752092107718 58.000000000000000000
0.163473997520538955 1.818895976918762480 62.000000000000000000
0.183852958587400223 1.011447360062144085 67.000000000000000000
0.182688368217897551 0.495588450581424977 71.000000000000000000
0.199705820615679819 0.483731599220542263 76.000000000000000000
0.173606912119426582 2.676894642813170133 81.000000000000000000
0.146507727463273257 2.615598403185467991 106.000000000000000000
0.119483163835348460 3.572635587893493003 112.000000000000000000
0.104669407967188405 3.559558683524427281 117.000000000000000000
0.081528106946109735 0.071196764498717785 123.000000000000000000
0.079735625785034264 0.004806891486713177 129.000000000000000000
0.079776495353295784 0.000074797566034674 134.000000000000000000
0.079775943232156754 0.000366798660963320 140.000000000000000000
0.079775807444509350 0.000391906024367725 146.000000000000000000
0.079775671663416592 0.000391502572925319 151.000000000000000000
0.079775535888795546 0.000391099603107758 157.000000000000000000
0.079775400120696255 0.000390697059237770 163.000000000000000000
0.079775264356540282 0.000390294598881454 168.000000000000000000
0.079775128600562906 0.000389893018399540 174.000000000000000000
0.079774992852051183 0.000389491962386976 188.000000000000000000
0.079774857109191105 0.000389091051491002 201.000000000000000000
0.079774721373727153 0.000388690909541439 212.000000000000000000
0.079774585644736912 0.000388291116950870 222.000000000000000000
0.079774449922313556 0.000387891795663636 235.000000000000000000
0.079774314206411040 0.000387492919421146 245.000000000000000000
0.079774178497039328 0.000387094495550606 258.000000000000000000
0.079774042794178712 0.000386696524840732 268.000000000000000000
0.079773907097816066 0.000386299005220045 288.000000000000000000
0.079773771405722144 0.000385901563132478 295.000000000000000000
0.079773635722438285 0.000385505109919727 303.000000000000000000
0.079773500046174575 0.000385108912175243 311.000000000000000000
0.079773364374364719 0.000384712965645080 318.000000000000000000
0.079773228708324595 0.000384317448630378 325.000000000000000000
0.079773093052117494 0.000383922767953206 332.000000000000000000
0.079772957402413830 0.000383528374461745 339.000000000000000000
0.079772821758174212 0.000383134478490148 349.000000000000000000
0.079772686120445205 0.000382741004182571 356.000000000000000000
0.079772550489220509 0.000382347977104804 363.000000000000000000
0.079772414864505092 0.000381955396165998 370.000000000000000000
0.079772629012960061 0.000376479202504739 377.000000000000000000
0.079772843345007727 0.000373605911590244 385.000000000000000000
0.079773066047307689 0.000370586013292118 398.000000000000000000
0.079773286440533969 0.000367722685026428 414.000000000000000000
0.079773504389708774 0.000364907588157076 424.000000000000000000
0.079773720022280434 0.000362136198836835 435.000000000000000000
0.079773933374494788 0.000359408333860096 446.000000000000000000
0.079774144478793024 0.000356723008339731 458.000000000000000000
0.079774353367648959 0.000354079225221399 490.000000000000000000
0.079774560072914724 0.000351476024634436 499.000000000000000000
0.079774764625621067 0.000348912476970671 508.000000000000000000
0.079774967056172347 0.000346387680374368 517.000000000000000000
0.079775167394318031 0.000343900760641063 526.000000000000000000
0.079775365669172316 0.000341450869318985 535.000000000000000000
0.079775561909209869 0.000339037183581798 544.000000000000000000
0.079775756142317272 0.000336658904477567 553.000000000000000000
0.079775948395777160 0.000334315256829675 562.000000000000000000
0.079776138696317417 0.000332005487620080 572.000000000000000000
0.079776327070094910 0.000329728865921712 581.000000000000000000
0.079776513542740665 0.000327484681421935 591.000000000000000000
0.079776698139349206 0.000325272244281452 607.000000000000000000
0.079776880884519480 0.000323090883836221 618.000000000000000000
0.079777061802336097 0.000320939948602139 628.000000000000000000
0.079777240916419107 0.000318818804827284 639.000000000000000000
0.079777418249899534 0.000316726836693510 652.000000000000000000
0.079777593825471033 0.000314663444859852 662.000000000000000000
0.079777767665360627 0.000312628046777719 673.000000000000000000
0.079777939791383007 0.000310620075215280 686.000000000000000000
0.079778110224908980 0.000308638978658025 697.000000000000000000
0.079778278986921358 0.000306684219838788 708.000000000000000000
0.079778446097986538 0.000304755276270647 718.000000000000000000
0.079778611578177477 0.000302851640283426 729.000000000000000000
0.079778775447387984 0.000300972814116817 740.000000000000000000
0.079778937725049459 0.000299118315659672 751.000000000000000000
0.079779098430223322 0.000297287674717833 762.000000000000000000
0.079779257581625462 0.000295480433016083 774.000000000000000000
0.079779415197621106 0.000293696144109229 786.000000000000000000
0.079779571296247076 0.000291934372729337 798.000000000000000000
0.079779725895205433 0.000290194694718037 817.000000000000000000
0.079779879011886642 0.000288476696384019 829.000000000000000000
0.079780030663361701 0.000286779974476597 846.000000000000000000
0.079780180866405537 0.000285104135557945 860.000000000000000000
0.079780329637487990 0.000283448796011229 874.000000000000000000
0.079780476992797583 0.000281813581424702 887.000000000000000000
0.079780622948230975 0.000280198126636229 906.000000000000000000
0.079780767519417928 0.000278602075116556 920.000000000000000000
0.079780910721708176 0.000277025079066287 933.000000000000000000
0.079781052570198283 0.000275466798780294 946.000000000000000000
0.079781193079716275 0.000273926902799655 960.000000000000000000
0.079781332264849819 0.000272405067260111 973.000000000000000000
0.079781470139928728 0.000270900976093964 986.000000000000000000
0.079781606719054710 0.000269414320362700 999.000000000000000000
0.079781742016081625 0.000267944798507555 1012.000000000000000000
0.079781876044647135 0.000266492115658781 1026.000000000000000000
0.079782008818150299 0.000265055983950463 1040.000000000000000000
0.079782140349785272 0.000263636121778076 1058.000000000000000000
0.079782270652514670 0.000262232254212319 1073.000000000000000000
0.079782399739108917 0.000260844112170808 1093.000000000000000000
0.079782527622114352 0.000259471432926243 1108.000000000000000000
0.079782654313894294 0.000258113959252282 1123.000000000000000000
0.079782779826597025 0.000256771439944124 1138.000000000000000000
0.079782904172198049 0.000255443628960408 1153.000000000000000000
0.079783027362462067 0.000254130286031636 1168.000000000000000000
0.079783149408993309 0.000252831175683512 1184.000000000000000000
0.079783270323189964 0.000251546067981179 1200.000000000000000000
0.079783390117199218 0.000250274727113910 1215.000000000000000000
0.079783508801209740 0.000249016948128043 1227.000000000000000000
0.079783626385393908 0.000247772518382274 1239.000000000000000000
0.079783742881213787 0.000246541214165271 1251.000000000000000000
0.079783858299265209 0.000245322832643993 1263.000000000000000000
0.079783972649988461 0.000244117171230573 1386.000000000000000000
0.079784085943486280 0.000242924033585324 1398.000000000000000000
0.079784198189298994 0.000241743230950393 1411.000000000000000000
0.079784309397887526 0.000240574564393698 1424.000000000000000000
0.079784419579098154 0.000239417850114602 1436.000000000000000000
0.079784528742584349 0.000238272906007479 1454.000000000000000000
0.079784636897852812 0.000237139553464863 1471.000000000000000000
0.079784744054281931 0.000236017617338343 1487.000000000000000000
0.079784850221104847 0.000234906926159206 1505.000000000000000000
0.079784955407431385 0.000233807311724691 1521.000000000000000000
0.079785059622219462 0.000232718609371448 1533.000000000000000000
0.079785162874329962 0.000231640657470224 1544.000000000000000000
0.079785265172475736 0.000230573297808781 1555.000000000000000000
0.079785366525262885 0.000229516375007600 1567.000000000000000000
0.079785466941146271 0.000228469737136098 1578.000000000000000000
0.079785566428502652 0.000227433234620252 1589.000000000000000000
0.079785664995562222 0.000226406721308900 1601.000000000000000000
0.079785762650458947 0.000225390053499989 1613.000000000000000000
0.079785859401193565 0.000224383090567485 1625.000000000000000000
0.079785955255682217 0.000223385694174240 1645.000000000000000000
0.079786050221704249 0.000222397729041849 1657.000000000000000000
0.079786144306959170 0.000221419062014734 1671.000000000000000000
0.079786237519016590 0.000220449562842021 1691.000000000000000000
0.079786329865368655 0.000219489103312651 1704.000000000000000000
0.079786421353383041 0.000218537557975597 1717.000000000000000000
0.079786511990353290 0.000217594803324674 1730.000000000000000000
0.079786601783452843 0.000216660718491816 1743.000000000000000000
0.079786690739775554 0.000215735184542255 1755.000000000000000000
0.079786778866312219 0.000214818084895495 1768.000000000000000000
0.079786866169979334 0.000213909304858804 1780.000000000000000000
0.079786952657583204 0.000213008732104684 1793.000000000000000000
0.079787038335877095 0.000212116255877154 1805.000000000000000000
0.079787123211538719 0.000211231767482375 1818.000000000000000000
0.079787207291064033 0.000210355161098898 1831.000000000000000000
0.079787290580963108 0.000209486331440757 1845.000000000000000000
0.079787373087670754 0.000208625175456539 1858.000000000000000000
0.079787454817429868 0.000207771592976379 1873.000000000000000000
0.079787535776541602 0.000206925483789669 1890.000000000000000000
0.079787615971146308 0.000206086750837290 1904.000000000000000000
0.079787695407201098 0.000205255299315443 1924.000000000000000000
0.079787774090832250 0.000204431033383918 1939.000000000000000000
0.079787852027812911 0.000203613862444783 1955.000000000000000000
0.079787929224119564 0.000202803693737005 1968.000000000000000000
0.079788005685426544 0.000202000439350837 1981.000000000000000000
0.079788081417463338 0.000201204010752617 1994.000000000000000000
0.079788156425759302 0.000200414322588141 2007.000000000000000000
0.079788230716192871 0.000199631286754774 2020.000000000000000000
0.079788304293921752 0.000198854824079188 2034.000000000000000000
0.079788377164101323 0.000198084853353095 2047.000000000000000000
0.079788449332534817 0.000197321288850676 2061.000000000000000000
0.079788520804527946 0.000196564053053862 2076.000000000000000000
0.079788591585321630 0.000195813067871997 2119.000000000000000000
0.079788661680093229 0.000195068256507784 2150.000000000000000000
0.079788731093962006 0.000194329543381864 2166.000000000000000000
0.079788799831983920 0.000193596854191792 2181.000000000000000000
0.079788867899158636 0.000192870115797159 2195.000000000000000000
0.079788935300424552 0.000192149256282006 2209.000000000000000000
0.079789002040665385 0.000191434204846921 2223.000000000000000000
0.079789068124705681 0.000190724891867138 2237.000000000000000000
0.079789133557316927 0.000190021248789325 2251.000000000000000000
0.079789198343213130 0.000189323208192894 2269.000000000000000000
0.079789262487057033 0.000188630703681202 2294.000000000000000000
0.079789325993455548 0.000187943669947898 2315.000000000000000000
0.079789388866965974 0.000187262042672460 2330.000000000000000000
0.079789451112091403 0.000186585758579027 2347.000000000000000000
0.079789512733286716 0.000185914755342402 2362.000000000000000000
0.079789573734954378 0.000185248971639591 2377.000000000000000000
0.079789634121450070 0.000184588347062000 2392.000000000000000000
0.079789693897078573 0.000183932822167550 2407.000000000000000000
0.079789753066089514 0.000183282338389404 2422.000000000000000000
0.079789811632702226 0.000182636838092456 2437.000000000000000000
0.079789869601082725 0.000181996264486519 2452.000000000000000000
0.079789926975348882 0.000181360561673928 2467.000000000000000000
0.079789983759576050 0.000180729674570382 2482.000000000000000000
0.079790039957792741 0.000180103548952605 2503.000000000000000000
0.079790095573986322 0.000179482131380371 2525.000000000000000000
0.079790150612098459 0.000178865369242955 2541.000000000000000000
0.079790205076030976 0.000178253210681602 2559.000000000000000000
0.079790258969641426 0.000177645604637743 2577.000000000000000000
0.079790312297713523 0.000177042493589038 2592.000000000000000000
0.079790365062936283 0.000176443839718853 2607.000000000000000000
0.079790417269076486 0.000175849589864219 2622.000000000000000000
0.079790468919836002 0.000175259695954286 2637.000000000000000000
0.079790520018207245 0.000174674115439250 2652.000000000000000000
0.079790570569994085 0.000174092783195810 2667.000000000000000000
0.079790620575921928 0.000173515681910556 2690.000000000000000000
0.079790670040953804 0.000172942745438429 2707.000000000000000000
0.079790718968610563 0.000172373934097667 2729.000000000000000000
0.079790767362360404 0.000171809203851986 2751.000000000000000000
0.079790815225642964 0.000171248511170382 2768.000000000000000000
0.079790862561856746 0.000170691813214048 2789.000000000000000000
0.079790909374370417 0.000170139067688857 2805.000000000000000000
0.079790955666504737 0.000169590233014222 2821.000000000000000000
0.079791001441568934 0.000169045267985935 2836.000000000000000000
0.079791046702824331 0.000168504132160406 2852.000000000000000000
0.079791091454873939 0.000167966776057209 2868.000000000000000000
0.079791135698164289 0.000167433184210853 2883.000000000000000000
0.079791179438170379 0.000166903292168316 2903.000000000000000000
0.079791222677165957 0.000166377075638323 2926.000000000000000000
0.079791265417184953 0.000165854501161136 2948.000000000000000000
0.079791307662299901 0.000165335520922874 2965.000000000000000000
0.079791349415565954 0.000164820101533266 2983.000000000000000000
0.079791390679992580 0.000164308206809996 3001.000000000000000000
0.079791431458561587 0.000163799800991266 3017.000000000000000000
0.079791471754222826 0.000163294848823643 3034.000000000000000000
0.079791511569909393 0.000162793315438340 3050.000000000000000000
0.079791550908517722 0.000162295166532113 3066.000000000000000000
0.079791589772923818 0.000161800368182125 3082.000000000000000000
0.079791628165968506 0.000161308886992149 3101.000000000000000000
0.079791666090435989 0.000160820690177560 3123.000000000000000000
0.079791703549134646 0.000160335744958059 3142.000000000000000000
0.079791740544826587 0.000159854019279911 3161.000000000000000000
0.079791777080243903 0.000159375481473293 3181.000000000000000000
0.079791813158092972 0.000158900100269937 3200.000000000000000000
0.079791848781056746 0.000158427844796656 3218.000000000000000000
0.079791883951791376 0.000157958684598379 3234.000000000000000000
0.079791918672914436 0.000157492589698955 3251.000000000000000000
0.079791952947064371 0.000157029530176626 3274.000000000000000000
0.079791986776809667 0.000156569476930750 3334.000000000000000000
0.079792020164708613 0.000156112401001035 3355.000000000000000000
0.079792053113297540 0.000155658273832648 3373.000000000000000000
0.079792085625086648 0.000155207067258131 3398.000000000000000000
0.079792117702565390 0.000154758753443970 3417.000000000000000000
0.079792149348199365 0.000154313304924881 3435.000000000000000000
0.079792180564432200 0.000153870694576424 3452.000000000000000000
0.079792211353683931 0.000153430895625464 3470.000000000000000000
0.079792241718354445 0.000152993881620879 3487.000000000000000000
0.079792271660820008 0.000152559626460100 3504.000000000000000000
0.079792301183437109 0.000152128104349486 3522.000000000000000000
0.079792330288539298 0.000151699289835037 3547.000000000000000000
0.079792358978440781 0.000151273157759752 3567.000000000000000000
0.079792387255433528 0.000150849683295624 3590.000000000000000000
0.079792415121790417 0.000150428841907507 3613.000000000000000000
0.079792442579762868 0.000150010609373228 3631.000000000000000000
0.079792469631583346 0.000149594961756887 3650.000000000000000000
0.079792496279463013 0.000149181875428789 3668.000000000000000000
0.079792522525595322 0.000148771327033154 3686.000000000000000000
0.079792548372152661 0.000148363293510216 3704.000000000000000000
0.079792573821290180 0.000147957752067274 3722.000000000000000000
0.079792598875142409 0.000147554680201786 3740.000000000000000000
0.079792623535826793 0.000147154055666432 3766.000000000000000000
0.079792647805441069 0.000146755856494899 3787.000000000000000000
0.079792671686065991 0.000146360060973546 3810.000000000000000000
0.079792695179763048 0.000145966647656682 3834.000000000000000000
0.079792718288577175 0.000145575595343404 3854.000000000000000000
0.079792741014534457 0.000145186883098136 3873.000000000000000000
0.079792763359644941 0.000144800490217769 3891.000000000000000000
0.079792785325900298 0.000144416396257886 3910.000000000000000000
0.079792806915276265 0.000144034581000192 3928.000000000000000000
0.079792828129730792 0.000143655024477390 3947.000000000000000000
0.079792848971206393 0.000143277706943278 3969.000000000000000000
0.079792869441627945 0.000142902608892163 3989.000000000000000000
0.079792889542905227 0.000142529711036216 4013.000000000000000000
0.079792909276930973 0.000142158994320287 4151.000000000000000000
0.079792928645583044 0.000141790439898455 4181.000000000000000000
0.079792947650722562 0.000141424029154240 4205.000000000000000000
0.079792966294196299 0.000141059743672872 4229.000000000000000000
0.079792984577834597 0.000140697565261106 4249.000000000000000000
0.079793002503453642 0.000140337475924733 4268.000000000000000000
0.079793020072853660 0.000139979457881943 4288.000000000000000000
0.079793037287821111 0.000139623493545873 4307.000000000000000000
0.079793054150126635 0.000139269565537134 4327.000000000000000000
0.079793070661527424 0.000138917656662448 4346.000000000000000000
0.079793086823765416 0.000138567749932700 4366.000000000000000000
0.079793102638569258 0.000138219828540145 4388.000000000000000000
0.079793118107652647 0.000137873875872961 4414.000000000000000000
0.079793133232716307 0.000137529875497357 4442.000000000000000000
0.079793148015446402 0.000137187811170898 4466.000000000000000000
0.079793162457516276 0.000136847666823657 4487.000000000000000000
0.079793176560585044 0.000136509426569956 4507.000000000000000000
0.079793190326299390 0.000136173074693154 4527.000000000000000000
0.079793203756292022 0.000135838595657393 4547.000000000000000000
0.079793216852183463 0.000135505974089175 4567.000000000000000000
0.079793229615580441 0.000135175194790136 4587.000000000000000000
0.079793242048077917 0.000134846242722737 4609.000000000000000000
0.079793254151257390 0.000134519103019174 4633.000000000000000000
0.079793265926688700 0.000134193760964653 4657.000000000000000000
0.079793277375928534 0.000133870202012819 4685.000000000000000000
0.079793288500522183 0.000133548411767427 4706.000000000000000000
0.079793299302002102 0.000133228375992945 4727.000000000000000000
0.079793309781889504 0.000132910080600036 4747.000000000000000000
0.079793319941693142 0.000132593511658566 4768.000000000000000000
0.079793329782910677 0.000132278655379557 4789.000000000000000000
0.079793339307027616 0.000131965498125985 4820.000000000000000000
0.079793348515518989 0.000131654026400899 4845.000000000000000000
0.079793357409847360 0.000131344226857655 4872.000000000000000000
0.079793365991464874 0.000131036086281624 4895.000000000000000000
0.079793374261811670 0.000130729591608548 4918.000000000000000000
0.079793382222317688 0.000130424729901620 4939.000000000000000000
0.079793389874401377 0.000130121488365808 4962.000000000000000000
0.079793397219471013 0.000129819854335872 4985.000000000000000000
0.079793404258923534 0.000129519815284139 5007.000000000000000000
0.079793410994146080 0.000129221358805570 5032.000000000000000000
0.079793417426514621 0.000128924472631519 5058.000000000000000000
0.079793423557395410 0.000128629144614073 5085.000000000000000000
0.079793429388143836 0.000128335362737000 5108.000000000000000000
0.079793434920105905 0.000128043115100786 5131.000000000000000000
0.079793440154616729 0.000127752389935078 5153.000000000000000000
0.079793445093002319 0.000127463175584057 5175.000000000000000000
0.079793449736578065 0.000127175460516419 5197.000000000000000000
0.079793454086650326 0.000126889233313095 5218.000000000000000000
0.079793458144515189 0.000126604482676326 5242.000000000000000000
0.079793461911459848 0.000126321197418334 5266.000000000000000000
0.079793465388761281 0.000126039366468650 5317.000000000000000000
0.079793468577687904 0.000125758978863534 5341.000000000000000000
0.079793471479498057 0.000125480023755902 5363.000000000000000000
0.079793474095441769 0.000125202490400247 5386.000000000000000000
0.079793476426759061 0.000124926368166522 5409.000000000000000000
0.079793478474681823 0.000124651646524020 5432.000000000000000000
0.079793480240432257 0.000124378315051206 5457.000000000000000000
0.079793481725224435 0.000124106363427113 5486.000000000000000000
0.079793482930262949 0.000123835781437122 5511.000000000000000000
0.079793483856744590 0.000123566558961914 5537.000000000000000000
0.079793484505856660 0.000123298685988985 5559.000000000000000000
0.079793484878778798 0.000123032152596935 5582.000000000000000000
0.079793484976681567 0.000122766948969134 5605.000000000000000000
0.079793484800727704 0.000122503065378015 5628.000000000000000000
0.079793484352071203 0.000122240492196546 5651.000000000000000000
0.079793483631858481 0.000121979219887561 5677.000000000000000000
0.079793482641227154 0.000121719239011095 5702.000000000000000000
0.079793481381307582 0.000121460540213110 5731.000000000000000000
0.079793479853221355 0.000121203114234212 5757.000000000000000000
0.079793478058082984 0.000120946951902527 5781.000000000000000000
0.079793475996986080 0.000120692044123242 5804.000000000000000000
0.079793473671041892 0.000120438381917795 5828.000000000000000000
0.079793471081321676 0.000120185956373026 5852.000000000000000000
0.079793468228928549 0.000119934758660664 5876.000000000000000000
0.079793465114937928 0.000119684780043561 5902.000000000000000000
0.079793461740418611 0.000119436011861741 5937.000000000000000000
0.079793458106443088 0.000119188445492147 5967.000000000000000000
0.079793454214050763 0.000118942072527121 5992.000000000000000000
0.079793450064325422 0.000118696884362030 6017.000000000000000000
0.079793445658266113 0.000118452872915305 6041.000000000000000000
0.079793440996982948 0.000118210029512118 6065.000000000000000000
0.079793436081415481 0.000117968346507096 6089.000000000000000000
0.079793430912798613 0.000117727814694799 6115.000000000000000000
0.079793425491886033 0.000117488427603657 6143.000000000000000000
0.079793419819707029 0.000117250176627752 6171.000000000000000000
0.079793413897051274 0.000117013054816412 6198.000000000000000000
0.079793407725132104 0.000116777052986201 6223.000000000000000000
0.079793401306055417 0.000116542159193505 6248.000000000000000000
0.079793394638778284 0.000116308376559058 6273.000000000000000000
0.079793387725168863 0.000116075689526023 6298.000000000000000000
0.079793380566311828 0.000115844091943417 6325.000000000000000000
0.079793373163037917 0.000115613577139890 6352.000000000000000000
0.079793365517220244 0.000115384133677647 6381.000000000000000000
0.079793357628624800 0.000115155760995883 6444.000000000000000000
0.079793349497606192 0.000114928451796746 6505.000000000000000000
0.079793341125956485 0.000114702194174691 6566.000000000000000000
0.079793332514716070 0.000114476982311601 6627.000000000000000000
0.079793323664697463 0.000114252809825910 6688.000000000000000000
0.079793314576835028 0.000114029669423918 6749.000000000000000000
0.079793305252016861 0.000113807554301650 6809.000000000000000000
0.079793295691168803 0.000113586457457031 6872.000000000000000000
0.079793285895163962 0.000113366372228413 6933.000000000000000000
0.079793275864920465 0.000113147291714091 6994.000000000000000000
0.079793265601295418 0.000112929209397504 7055.000000000000000000
0.079793255105200883 0.000112712118468305 7118.000000000000000000
0.079793244377476813 0.000112496012559350 7179.000000000000000000
0.079793233419031689 0.000112280884936557 7240.000000000000000000
0.079793222230686037 0.000112066729396306 7302.000000000000000000
0.079793210813355803 0.000111853539230851 7364.000000000000000000
0.079793199167824402 0.000111641308485143 7426.000000000000000000
0.079793187295255752 0.000111430029507456 7487.000000000000000000
0.079793175196160609 0.000111219697975767 7549.000000000000000000
0.079793162871300810 0.000111010307363984 7612.000000000000000000
0.079793150321606082 0.000110801851019030 7674.000000000000000000
0.079793137548491100 0.000110594320798640 7735.000000000000000000
0.079793124552030303 0.000110387714704714 7798.000000000000000000
0.079793111332359487 0.000110182027935641 7860.000000000000000000
0.079793097892431136 0.000109977245072363 7923.000000000000000000
0.079793084230438877 0.000109773374339179 7987.000000000000000000
0.079793070348480308 0.000109570399978367 8059.000000000000000000
0.079793056247362715 0.000109368318658647 8123.000000000000000000
0.079793041927865460 0.000109167124735611 8186.000000000000000000
0.079793027390791804 0.000108966812460503 8249.000000000000000000
0.079793012636895616 0.000108767376351621 8319.000000000000000000
0.079792997666981488 0.000108568810687038 8384.000000000000000000
0.079792982481769803 0.000108371110191194 8447.000000000000000000
0.079792967082081362 0.000108174269092252 8509.000000000000000000
0.079792951468648593 0.000107978282176652 8579.000000000000000000
0.079792935642226587 0.000107783144016571 8643.000000000000000000
0.079792919603566437 0.000107588849277425 8706.000000000000000000
0.079792903353414213 0.000107395392675417 8769.000000000000000000
0.079792886892511780 0.000107202768964634 8839.000000000000000000
0.079792870221595980 0.000107010972947426 8903.000000000000000000
0.079792853341399766 0.000106819999468628 8967.000000000000000000
0.079792836252651017 0.000106629843415645 9060.000000000000000000
0.079792818956073708 0.000106440499717499 9125.000000000000000000
0.079792801452387013 0.000106251963348725 9188.000000000000000000
0.079792783742306111 0.000106064229319712 9252.000000000000000000
0.079792765826541476 0.000105877292689098 9321.000000000000000000
0.079792747705799777 0.000105691148549886 9385.000000000000000000
0.079792729380782856 0.000105505792039092 9449.000000000000000000
0.079792710852188975 0.000105321218332840 9512.000000000000000000
0.079792692120711564 0.000105137422647895 9584.000000000000000000
0.079792673187040489 0.000104954400237659 9649.000000000000000000
0.079792654051861034 0.000104772146396754 9713.000000000000000000
0.079792634715854863 0.000104590656456066 9778.000000000000000000
0.079792615179698961 0.000104409925786765 9848.000000000000000000
0.079792595444067069 0.000104229949794141 9913.000000000000000000
0.079792575509628205 0.000104050723925985 9978.000000000000000000
0.079792555377047963 0.000103872243661006 10042.000000000000000000
0.079792535046987662 0.000103694504518662 10110.000000000000000000
0.079792514520105023 0.000103517502052171 10175.000000000000000000
0.079792493797053582 0.000103341231852548 10240.000000000000000000
0.079792472878483428 0.000103165689543355 10305.000000000000000000
0.079792451765040379 0.000102990870785740 10374.000000000000000000
0.079792430457366975 0.000102816771273545 10438.000000000000000000
0.079792408956101513 0.000102643386737032 10503.000000000000000000
0.079792387261879094 0.000102470712938382 10568.000000000000000000
0.079792365375330576 0.000102298745674222 10641.000000000000000000
0.079792343297083748 0.000102127480774221 10708.000000000000000000
0.079792321027762111 0.000101956914103023 10774.000000000000000000
0.079792298567986253 0.000101787041554875 10839.000000000000000000
0.079792275918372485 0.000101617859058380 10907.000000000000000000
0.079792253079534248 0.000101449362571863 10972.000000000000000000
0.079792230052080831 0.000101281548088997 11038.000000000000000000
0.079792206836618695 0.000101114411631249 11104.000000000000000000
0.079792183433750177 0.000100947949253797 11171.000000000000000000
0.079792159844074673 0.000100782157040469 11237.000000000000000000
0.079792136068187774 0.000100617031108314 11303.000000000000000000
0.079792112106682106 0.000100452567599585 11369.000000000000000000
0.079792087960146418 0.000100288762693216 11437.000000000000000000
0.079792063629166687 0.000100125612592263 11504.000000000000000000
0.079792039114325031 0.000099963113531316 11570.000000000000000000
0.079792014416200721 0.000099801261773233 11636.000000000000000000
0.079791989535369395 0.000099640053611437 11704.000000000000000000
0.079791964472403859 0.000099479485364687 11771.000000000000000000
0.079791939227873226 0.000099319553382765 11838.000000000000000000
0.079791913802343850 0.000099160254041766 11904.000000000000000000
0.079791888196378544 0.000099001583746993 11974.000000000000000000
0.079791862410537429 0.000098843538929436 12041.000000000000000000
0.079791836445376921 0.000098686116047420 12108.000000000000000000
0.079791810301450938 0.000098529311587060 12181.000000000000000000
0.079791783979309749 0.000098373122061338 12249.000000000000000000
0.079791757479501124 0.000098217544007732 12316.000000000000000000
0.079791730802568905 0.000098062573994156 12383.000000000000000000
0.079791703949054674 0.000097908208609091 12456.000000000000000000
0.079791676919496693 0.000097754444469284 12523.000000000000000000
0.079791649714430729 0.000097601278217248 12591.000000000000000000
0.079791622334389078 0.000097448706519527 12658.000000000000000000
0.079791594779901637 0.000097296726066549 12730.000000000000000000
0.079791567051494872 0.000097145333576920 12798.000000000000000000
0.079791539149692947 0.000096994525790039 12866.000000000000000000
0.079791511075016558 0.000096844299472299 12940.000000000000000000
0.079791482827984150 0.000096694651412127 13015.000000000000000000
0.079791454409110868 0.000096545578422819 13084.000000000000000000
0.079791425818909398 0.000096397077340484 13156.000000000000000000
0.079791397057889346 0.000096249145025330 13225.000000000000000000
0.079791368126557918 0.000096101778359837 13295.000000000000000000
0.079791339025419183 0.000095954974251042 13363.000000000000000000
0.079791309754974962 0.000095808729626358 13433.000000000000000000
0.079791280315723828 0.000095663041438863 13501.000000000000000000
0.079791250708162106 0.000095517906658878 13571.000000000000000000
0.079791220932783180 0.000095373322285031 13640.000000000000000000
0.079791190990078115 0.000095229285333040 13708.000000000000000000
0.079791160880534853 0.000095085792842731 13782.000000000000000000
0.079791130604639299 0.000094942841874240 13851.000000000000000000
0.079791100162874246 0.000094800429510473 13919.000000000000000000
0.079791069555720490 0.000094658552852263 13995.000000000000000000
0.079791038783655607 0.000094517209026414 14064.000000000000000000
0.079791007847155260 0.000094376395174897 14133.000000000000000000
0.079790976746692055 0.000094236108466094 14206.000000000000000000
0.079790945482736644 0.000094096346081831 14276.000000000000000000
0.079790914055756626 0.000093957105230988 14345.000000000000000000
0.079790882466217641 0.000093818383137078 14415.000000000000000000
0.079790850714582501 0.000093680177047463 14485.000000000000000000
0.079790818801311947 0.000093542484226186 14555.000000000000000000
0.079790786726863822 0.000093405301958658 14626.000000000000000000
0.079790754491694121 0.000093268627547821 14698.000000000000000000
0.079790722096255984 0.000093132458317929 14767.000000000000000000
0.079790689541000631 0.000092996791610462 14838.000000000000000000
0.079790656826376469 0.000092861624786740 14907.000000000000000000
0.079790623952829987 0.000092726955225262 14977.000000000000000000
0.079790590920805066 0.000092592780324744 15049.000000000000000000
0.079790557730743450 0.000092459097500408 15119.000000000000000000
0.079790524383084482 0.000092325904187362 15189.000000000000000000
0.079790490878265508 0.000092193197838026 15260.000000000000000000
0.079790457216721219 0.000092060975921763 15331.000000000000000000
0.079790423398884411 0.000091929235927191 15402.000000000000000000
0.079790389425185362 0.000091797975359267 15473.000000000000000000
0.079790355296052468 0.000091667191739521 15544.000000000000000000
0.079790321011911580 0.000091536882609583 15615.000000000000000000
0.079790286573186708 0.000091407045524821 15690.000000000000000000
0.079790251980299390 0.000091277678060781 15761.000000000000000000
0.079790217233669289 0.000091148777805988 15833.000000000000000000
0.079790182333713683 0.000091020342369789 15907.000000000000000000
0.079790147280848003 0.000090892369373450 15978.000000000000000000
0.079790112075485281 0.000090764856457934 16049.000000000000000000
0.079790076718036729 0.000090637801279777 16123.000000000000000000
0.079790041208911200 0.000090511201511444 16195.000000000000000000
0.079790005548515799 0.000090385054840275 16266.000000000000000000
0.079789969737255273 0.000090259358970583 16341.000000000000000000
0.079789933775532618 0.000090134111621487 16412.000000000000000000
0.079789897663748527 0.000090009310528986 16484.000000000000000000
0.079789861402301904 0.000089884953443492 16557.000000000000000000
0.079789824991589473 0.000089761038129127 16628.000000000000000000
0.079789788432006181 0.000089637562368258 16699.000000000000000000
0.079789751723944841 0.000089514523956367 16776.000000000000000000
0.079789714867796346 0.000089391920703490 16848.000000000000000000
0.079789677863949679 0.000089269750436424 16920.000000000000000000
0.079789640712791807 0.000089148010993522 16994.000000000000000000
0.079789603414707921 0.000089026700231433 17067.000000000000000000
0.079789565970081147 0.000088905816017483 17139.000000000000000000
0.079789528379320615 0.000088785356159389 17213.000000000000000000
0.079789490643878400 0.000088665315739696 17288.000000000000000000
0.079789452762642044 0.000088545698055562 17360.000000000000000000
0.079789414735764744 0.000088426499660554 17434.000000000000000000
0.079789376564234155 0.000088307716552771 17507.000000000000000000
0.079789338248421743 0.000088189347501280 17580.000000000000000000
0.079789299788698823 0.000088071390469577 17654.000000000000000000
0.079789261185431823 0.000087953843444785 17728.000000000000000000
0.079789222438988949 0.000087836704411198 17800.000000000000000000
0.079789183549733328 0.000087719971382881 17876.000000000000000000
0.079789144518029709 0.000087603642372692 17949.000000000000000000
0.079789105344237582 0.000087487715418715 18023.000000000000000000
0.079789066028718270 0.000087372188559779 18099.000000000000000000
0.079789026571827584 0.000087257059861553 18172.000000000000000000
0.079788986973923323 0.000087142327388109 18247.000000000000000000
0.079788947235358038 0.000087027989228282 18322.000000000000000000
0.079788907356486041 0.000086914043472404 18396.000000000000000000
0.079788867337656499 0.000086800488234777 18470.000000000000000000
0.079788827179220284 0.000086687321629968 18546.000000000000000000
0.079788786881523105 0.000086574541796676 18621.000000000000000000
0.079788746444912614 0.000086462146873419 18697.000000000000000000
0.079788705869731164 0.000086350135023941 18776.000000000000000000
0.079788665156323185 0.000086238504409122 18855.000000000000000000
0.079788624305027478 0.000086127253217991 18934.000000000000000000
0.079788583316185477 0.000086016379633968 19012.000000000000000000
0.079788542190132539 0.000085905881870118 19089.000000000000000000
0.079788500927206935 0.000085795758132550 19164.000000000000000000
0.079788459527741107 0.000085686006655958 19245.000000000000000000
0.079788417992069927 0.000085576625671331 19320.000000000000000000
0.079788376320522367 0.000085467613435560 19397.000000000000000000
0.079788334513430190 0.000085358968201356 19473.000000000000000000
0.079788292571119995 0.000085250688246952 19549.000000000000000000
0.079788250493920465 0.000085142771847289 19623.000000000000000000
0.079788208282154605 0.000085035217304084 19700.000000000000000000
0.079788165936148070 0.000084928022913166 19774.000000000000000000
0.079788123456220689 0.000084821186998121 19849.000000000000000000
0.079788080842695119 0.000084714707875431 19926.000000000000000000
0.079788038095888247 0.000084608583890473 20001.000000000000000000
0.079787995216119872 0.000084502813381148 20076.000000000000000000
0.079787952203703549 0.000084397394712351 20154.000000000000000000
0.079787909058956247 0.000084292326242923 20230.000000000000000000
0.079787865782188688 0.000084187606359249 20305.000000000000000000
0.079787822373714873 0.000084083233440845 20381.000000000000000000
0.079787778833842554 0.000083979205893064 20458.000000000000000000
0.079787735162882858 0.000083875522115552 20590.000000000000000000
0.079787691361140917 0.000083772180533403 20669.000000000000000000
0.079787647428924705 0.000083669179567061 20749.000000000000000000
0.079787603366536453 0.000083566517661410 20830.000000000000000000
0.079787559174281625 0.000083464193255466 20910.000000000000000000
0.079787514852459329 0.000083362204813369 20988.000000000000000000
0.079787470401372407 0.000083260550792800 21068.000000000000000000
0.079787425821317176 0.000083159229677650 21150.000000000000000000
0.079787381112593786 0.000083058239944423 21230.000000000000000000
0.079787336275495946 0.000082957580095952 21309.000000000000000000
0.079787291310320974 0.000082857248626821 21388.000000000000000000
0.079787246217359470 0.000082757244058836 21468.000000000000000000
0.079787200996906421 0.000082657564903661 21549.000000000000000000
0.079787155649249458 0.000082558209703266 21626.000000000000000000
0.079787110174681444 0.000082459176984887 21704.000000000000000000
0.079787064573488137 0.000082360465307701 21783.000000000000000000
0.079787018845958929 0.000082262073219143 21862.000000000000000000
0.079786972992376790 0.000082163999295177 21939.000000000000000000
0.079786927013028364 0.000082066242101589 22016.000000000000000000
0.079786880908194191 0.000081968800230175 22094.000000000000000000
0.079786834678158641 0.000081871672264616 22173.000000000000000000
0.079786788323199354 0.000081774856813781 22255.000000000000000000
0.079786741843598144 0.000081678352479413 22336.000000000000000000
0.079786695239630168 0.000081582157885168 22416.000000000000000000
0.079786648511574965 0.000081486271649469 22496.000000000000000000
0.079786601659705275 0.000081390692414063 22578.000000000000000000
0.079786554684297822 0.000081295418813664 22658.000000000000000000
0.079786507585622807 0.000081200449505776 22780.000000000000000000
0.079786460363954814 0.000081105783140090 22864.000000000000000000
0.079786413019561436 0.000081011418392423 22947.000000000000000000
0.079786365552714983 0.000080917353927371 23027.000000000000000000
0.079786317963680534 0.000080823588436522 23107.000000000000000000
0.079786270252728039 0.000080730120599960 23185.000000000000000000
0.079786222420120248 0.000080636949125749 23263.000000000000000000
0.079786174466124529 0.000080544072709183 23349.000000000000000000
0.079786126391001494 0.000080451490071706 23427.000000000000000000
0.079786078195016291 0.000080359199926527 23517.000000000000000000
0.079786029878427006 0.000080267201009694 23597.000000000000000000
0.079785981441496484 0.000080175492047769 23676.000000000000000000
0.079785932884480576 0.000080084071793632 23758.000000000000000000
0.079785884207639296 0.000079992938989292 23847.000000000000000000
0.079785835411227107 0.000079902092399650 23958.000000000000000000
0.079785786495502400 0.000079811530780935 24052.000000000000000000
0.079785737460716238 0.000079721252915266 24132.000000000000000000
0.079785688307125013 0.000079631257571283 24212.000000000000000000
0.079785639034977568 0.000079541543547146 24293.000000000000000000
0.079785589644528004 0.000079452109625091 24376.000000000000000000
0.079785540136022792 0.000079362954616607 24458.000000000000000000
0.079785490509713980 0.000079274077318755 24540.000000000000000000
0.079785440765846163 0.000079185476556303 24622.000000000000000000
0.079785390904669046 0.000079097151140117 24710.000000000000000000
0.079785340926424933 0.000079009099908904 24792.000000000000000000
0.079785290831361433 0.000078921321687133 24875.000000000000000000
0.079785240619718756 0.000078833815327210 24961.000000000000000000
0.079785190291742358 0.000078746579666142 25046.000000000000000000
0.079785139847670383 0.000078659613570189 25128.000000000000000000
0.079785089287746566 0.000078572915889258 25211.000000000000000000
0.079785038612206538 0.000078486485503317 25295.000000000000000000
0.079784987821292008 0.000078400321274419 25376.000000000000000000
0.079784936915147098 0.000078314422283312 25457.000000000000000000
0.079784885894190402 0.000078228786936849 25539.000000000000000000
0.079784834758473977 0.000078143414702372 25622.000000000000000000
0.079784783508324533 0.000078058304095768 25706.000000000000000000
0.079784732143973219 0.000077973454123222 25789.000000000000000000
0.079784680665654320 0.000077888863690819 25870.000000000000000000
0.079784629073458568 0.000077804532008019 25954.000000000000000000
0.079784577367894585 0.000077720457282171 26038.000000000000000000
0.079784525548911828 0.000077636639304321 26123.000000000000000000
0.079784473616878654 0.000077553076436977 26210.000000000000000000
0.079784421572021785 0.000077469767766256 26321.000000000000000000
0.079784369414568332 0.000077386712239514 26405.000000000000000000
0.079784317144742628 0.000077303908814739 26487.000000000000000000
0.079784264762770035 0.000077221356447485 26569.000000000000000000
0.079784212268872973 0.000077139054108623 26652.000000000000000000
0.079784159663274928 0.000077057000765634 26738.000000000000000000
0.079784106946196337 0.000076975195401157 26821.000000000000000000
0.079784054117858938 0.000076893636993726 26906.000000000000000000
0.079784001178481334 0.000076812324536247 26990.000000000000000000
0.079783948128283239 0.000076731257021252 27075.000000000000000000
0.079783894967481547 0.000076650433450717 27167.000000000000000000
0.079783841696294100 0.000076569852828442 27250.000000000000000000
0.079783788314936543 0.000076489514167110 27334.000000000000000000
0.079783734823624386 0.000076409416483032 27416.000000000000000000
0.079783681222571914 0.000076329558797538 27501.000000000000000000
0.079783627511992361 0.000076249940139373 27584.000000000000000000
0.079783573692098125 0.000076170559541728 27667.000000000000000000
0.079783519763100802 0.000076091416042192 27895.000000000000000000
0.079783465725210959 0.000076012508684121 27996.000000000000000000
0.079783411578638441 0.000075933836517878 28089.000000000000000000
0.079783357323592013 0.000075855398596343 28181.000000000000000000
0.079783302960279912 0.000075777193979181 28265.000000000000000000
0.079783248488909053 0.000075699221730514 28353.000000000000000000
0.079783193909685968 0.000075621480920631 28439.000000000000000000
0.079783139222815935 0.000075543970622569 28528.000000000000000000
0.079783084428503848 0.000075466689917448 28613.000000000000000000
0.079783029526953292 0.000075389637889306 28699.000000000000000000
0.079782974518367369 0.000075312813627906 28786.000000000000000000
0.079782919402948155 0.000075236216226754 28872.000000000000000000
0.079782864180896917 0.000075159844786756 28959.000000000000000000
0.079782808852414108 0.000075083698410627 29074.000000000000000000
0.079782753417699387 0.000075007776209248 29167.000000000000000000
0.079782697876951525 0.000074932077294605 29252.000000000000000000
0.079782642230368545 0.000074856600787388 29336.000000000000000000
0.079782586478147566 0.000074781345809802 29423.000000000000000000
0.079782530620485015 0.000074706311489924 29509.000000000000000000
0.079782474657576347 0.000074631496961302 29594.000000000000000000
0.079782418589616599 0.000074556901360780 29682.000000000000000000
0.079782362416799368 0.000074482523831074 29773.000000000000000000
0.079782306139318193 0.000074408363518363 29860.000000000000000000
0.079782249757364657 0.000074334419574724 29945.000000000000000000
0.079782193271131410 0.000074260691154354 30030.000000000000000000
0.079782136680808274 0.000074187177419897 30116.000000000000000000
0.079782079986586207 0.000074113877533912 30205.000000000000000000
0.079782023188654350 0.000074040790665718 30305.000000000000000000
0.079781966287201495 0.000073967915988388 30416.000000000000000000
0.079781909282414118 0.000073895252683227 30504.000000000000000000
0.079781852174480500 0.000073822799928132 30594.000000000000000000
0.079781794963585867 0.000073750556913860 30680.000000000000000000
0.079781737649916640 0.000073678522827373 30769.000000000000000000
0.079781680233656782 0.000073606696867293 30857.000000000000000000
0.079781622714991368 0.000073535078229081 30952.000000000000000000
0.079781565094103418 0.000073463666119080 31050.000000000000000000
0.079781507371175606 0.000073392459743437 31137.000000000000000000
0.079781449546389271 0.000073321458316016 31228.000000000000000000
0.079781391619926201 0.000073250661049859 31314.000000000000000000
0.079781333591965792 0.000073180067169024 31408.000000000000000000
0.079781275462688706 0.000073109675893638 31497.000000000000000000
0.079781217232272883 0.000073039486455326 31587.000000000000000000
0.079781158900897625 0.000072969498083546 31674.000000000000000000
0.079781100468739513 0.000072899710017451 31763.000000000000000000
0.079781041935976169 0.000072830121493372 31850.000000000000000000
0.079780983302783048 0.000072760731760128 31938.000000000000000000
0.079780924569336303 0.000072691540061009 32026.000000000000000000
0.079780865735809947 0.000072622545652113 32115.000000000000000000
0.079780806802378673 0.000072553747785697 32204.000000000000000000
0.079780747769215454 0.000072485145724011 32295.000000000000000000
0.079780688636493277 0.000072416738729137 32384.000000000000000000
0.079780629404383602 0.000072348526068207 32474.000000000000000000
0.079780570073058416 0.000072280507013246 32563.000000000000000000
0.079780510642687402 0.000072212680838336 32653.000000000000000000
0.079780451113441425 0.000072145046821997 32741.000000000000000000
0.079780391485488933 0.000072077604247787 32833.000000000000000000
0.079780331758999359 0.000072010352399086 32921.000000000000000000
0.079780271934139863 0.000071943290567771 33011.000000000000000000
0.079780212011078488 0.000071876418044092 33102.000000000000000000
0.079780151989981118 0.000071809734128659 33193.000000000000000000
0.079780091871014688 0.000071743238118383 33288.000000000000000000
0.079780031654343622 0.000071676929318716 33381.000000000000000000
0.079779971340133482 0.000071610807035623 33471.000000000000000000
0.079779910928547498 0.000071544870582604 33563.000000000000000000
0.079779850419749915 0.000071479119271253 33655.000000000000000000
0.079779789813903684 0.000071413552419620 33747.000000000000000000
0.079779729111170594 0.000071348169350187 33837.000000000000000000
0.079779668311712432 0.000071282969387345 33932.000000000000000000
0.079779607415690013 0.000071217951858890 34022.000000000000000000
0.079779546423263001 0.000071153116097937 34119.000000000000000000
0.079779485334591588 0.000071088461437234 34212.000000000000000000
0.079779424149834452 0.000071023987215772 34306.000000000000000000
0.079779362869150272 0.000070959692775536 34399.000000000000000000
0.079779301492696880 0.000070895577461150 34501.000000000000000000
0.079779240020631553 0.000070831640619430 34595.000000000000000000
0.079779178453110861 0.000070767881603209 34690.000000000000000000
0.079779116790290677 0.000070704299767265 34788.000000000000000000
0.079779055032326782 0.000070640894467272 34884.000000000000000000
0.079778993179373509 0.000070577665066307 34977.000000000000000000
0.079778931231585942 0.000070514610927508 35072.000000000000000000
0.079778869189116780 0.000070451731418252 35179.000000000000000000
0.079778807052119552 0.000070389025909854 35282.000000000000000000
0.079778744820746206 0.000070326493775977 35376.000000000000000000
0.079778682495148717 0.000070264134391729 35471.000000000000000000
0.079778620075478257 0.000070201947138849 35566.000000000000000000
0.079778557561885385 0.000070139931400025 35661.000000000000000000
0.079778494954520274 0.000070078086559612 35755.000000000000000000
0.079778432253532761 0.000070016412007067 35853.000000000000000000
0.079778369459071408 0.000069954907135750 35946.000000000000000000
0.079778306571285013 0.000069893571338244 36040.000000000000000000
0.079778243590321027 0.000069832404014469 36135.000000000000000000
0.079778180516327027 0.000069771404564655 36232.000000000000000000
0.079778117349449368 0.000069710572391238 36325.000000000000000000
0.079778054089834544 0.000069649906902807 36421.000000000000000000
0.079777990737627827 0.000069589407508057 36515.000000000000000000
0.079777927292974643 0.000069529073618885 36611.000000000000000000
0.079777863756018946 0.000069468904651812 36706.000000000000000000
0.079777800126905635 0.000069408900023343 36803.000000000000000000
0.079777736405777233 0.000069349059155886 36900.000000000000000000
0.079777672592777321 0.000069289381472351 36998.000000000000000000
0.079777608688047480 0.000069229866400629 37095.000000000000000000
0.079777544691723601 0.000069170513378806 37194.000000000000000000
0.079777480603952761 0.000069111321825082 37292.000000000000000000
0.079777416424876207 0.000069052291178025 37390.000000000000000000
0.079777352154633552 0.000068993420876801 37486.000000000000000000
0.079777287793364904 0.000068934710360529 37586.000000000000000000
0.079777223341209069 0.000068876159072966 37684.000000000000000000
0.079777158798304881 0.000068817766458856 37781.000000000000000000
0.079777094164790147 0.000068759531967862 37880.000000000000000000
0.079777029440802755 0.000068701455049993 37978.000000000000000000
0.079776964626479457 0.000068643535159131 38077.000000000000000000
0.079776899721957048 0.000068585771751612 38177.000000000000000000
0.079776834727371335 0.000068528164287099 38274.000000000000000000
0.079776769642858070 0.000068470712224623 38373.000000000000000000
0.079776704468551979 0.000068413415030686 38473.000000000000000000
0.079776639204587940 0.000068356272170973 38572.000000000000000000
0.079776573851099680 0.000068299283114871 38669.000000000000000000
0.079776508408220939 0.000068242447332047 38769.000000000000000000
0.079776442876084458 0.000068185764299348 38867.000000000000000000
0.079776377254823116 0.000068129233491792 38966.000000000000000000
0.079776311544568629 0.000068072854389718 39071.000000000000000000
0.079776245745452889 0.000068016626472693 39172.000000000000000000
0.079776179857606516 0.000067960549227309 39271.000000000000000000
0.079776113881160599 0.000067904622137512 39374.000000000000000000
0.079776047816244727 0.000067848844694208 39472.000000000000000000
0.079775981662989007 0.000067793216387886 39572.000000000000000000
0.079775915421522015 0.000067737736711384 39673.000000000000000000
0.079775849091972939 0.000067682405160927 39773.000000000000000000
0.079775782674469456 0.000067627221236867 39875.000000000000000000
0.079775716169139477 0.000067572184438375 39976.000000000000000000
0.079775649576110053 0.000067517294269107 40075.000000000000000000
0.079775582895507943 0.000067462550234474 40179.000000000000000000
0.079775516127459492 0.000067407951841602 40287.000000000000000000
0.079775449272090293 0.000067353498602241 40389.000000000000000000
0.079775382329525912 0.000067299190026373 40489.000000000000000000
0.079775315299891070 0.000067245025631274 40590.000000000000000000
0.079775248183310374 0.000067191004931614 40691.000000000000000000
0.079775180980080698 0.000067137127192942 40794.000000000000000000
0.079775113689979679 0.000067083392571370 40895.000000000000000000
0.079775046313475484 0.000067029799832606 40996.000000000000000000
0.079774978850521205 0.000066976349000479 41101.000000000000000000
0.079774911301233375 0.000066923039490038 41200.000000000000000000
0.079774843665739253 0.000066869870817609 41300.000000000000000000
0.079774775944154525 0.000066816842529219 41402.000000000000000000
0.079774708136605366 0.000066763954147205 41502.000000000000000000
0.079774640243206990 0.000066711205218367 41603.000000000000000000
0.079774572264084770 0.000066658595270946 41707.000000000000000000
0.079774504199352725 0.000066606123857670 41809.000000000000000000
0.079774436049135422 0.000066553790509382 41917.000000000000000000
0.079774367813545979 0.000066501594783265 42019.000000000000000000
0.079774299492708284 0.000066449536214524 42122.000000000000000000
0.079774231086734496 0.000066397614364635 42225.000000000000000000
0.079774162595747877 0.000066345828771087 42332.000000000000000000
0.079774094019859618 0.000066294179002208 42434.000000000000000000
0.079774025359191730 0.000066242664598321 42542.000000000000000000
0.079773956613854891 0.000066191285131074 42645.000000000000000000
0.079773887783970140 0.000066140040147337 42751.000000000000000000
0.079773818869647323 0.000066088929220199 42859.000000000000000000
0.079773749871006702 0.000066037951901453 42964.000000000000000000
0.079773680788157025 0.000065987107768715 43068.000000000000000000
0.079773611621217974 0.000065936396376978 43178.000000000000000000
0.079773542370297379 0.000065885817308646 43285.000000000000000000
0.079773473035514270 0.000065835370121363 43391.000000000000000000
0.079773403616976379 0.000065785054399188 43494.000000000000000000
0.079773334114801420 0.000065734869708685 43599.000000000000000000
0.079773264529095431 0.000065684815637176 43703.000000000000000000
0.079773194859976110 0.000065634891750751 43810.000000000000000000
0.079773125107548803 0.000065585097643510 43914.000000000000000000
0.079773055271930016 0.000065535432886330 44024.000000000000000000
0.079772985353224274 0.000065485897074810 44131.000000000000000000
0.079772915351547347 0.000065436489784021 44239.000000000000000000
0.079772845267003123 0.000065387210614641 44343.000000000000000000
0.079772775099706428 0.000065338059144984 44450.000000000000000000
0.079772704849760290 0.000065289034977370 44556.000000000000000000
0.079772634517279284 0.000065240137696148 44662.000000000000000000
0.079772564102365440 0.000065191366906292 44768.000000000000000000
0.079772493605132083 0.000065142722195571 44874.000000000000000000
0.079772423025680550 0.000065094203174618 44979.000000000000000000
0.079772352364123625 0.000065045809431931 45087.000000000000000000
0.079772281620561977 0.000064997540582399 45193.000000000000000000
0.079772210795107643 0.000064949396218817 45300.000000000000000000
0.079772139887860249 0.000064901375960237 45407.000000000000000000
0.079772068898931361 0.000064853479400647 45515.000000000000000000
0.079771997828419705 0.000064805706164687 45620.000000000000000000
0.079771926676435956 0.000064758055848946 45728.000000000000000000
0.079771855443078549 0.000064710528080933 45833.000000000000000000
0.079771784128457299 0.000064663122462209 45942.000000000000000000
0.079771712732669378 0.000064615838622085 46049.000000000000000000
0.079771641255824033 0.000064568676167097 46159.000000000000000000
0.079771569698018283 0.000064521634729285 46267.000000000000000000
0.079771498059360069 0.000064474713917069 46376.000000000000000000
0.079771426339946064 0.000064427913366935 46482.000000000000000000
0.079771354539884085 0.000064381232690797 46603.000000000000000000
0.079771282659268888 0.000064334671528717 46721.000000000000000000
0.079771210698207584 0.000064288229495961 46831.000000000000000000
0.079771138656795026 0.000064241906234164 46937.000000000000000000
0.079771066535137311 0.000064195701363950 47044.000000000000000000
0.079770994333328099 0.000064149614529510 47150.000000000000000000
0.079770922051473195 0.000064103645354723 47257.000000000000000000
0.079770849689665940 0.000064057793485555 47364.000000000000000000
0.079770777248010905 0.000064012058550138 47472.000000000000000000
0.079770704726600916 0.000063966440199030 47579.000000000000000000
0.079770632125539753 0.000063920938061068 47686.000000000000000000
0.079770559444919148 0.000063875551791149 47792.000000000000000000
0.079770486684842989 0.000063830281021752 47901.000000000000000000
0.079770413845401969 0.000063785125409897 48008.000000000000000000
0.079770340926699074 0.000063740084590677 48119.000000000000000000
0.079770267928824704 0.000063695158225071 48227.000000000000000000
0.079770194851880832 0.000063650345952219 48336.000000000000000000
0.079770121695957111 0.000063605647433920 48444.000000000000000000
0.079770048461155291 0.000063561062313228 48556.000000000000000000
0.079769975147564148 0.000063516590255918 48664.000000000000000000
0.079769901755284603 0.000063472230906739 48787.000000000000000000
0.079769828284405098 0.000063427983934475 48904.000000000000000000
0.079769754735025789 0.000063383848987287 49017.000000000000000000
0.079769681107233786 0.000063339825737809 49143.000000000000000000
0.079769607401129289 0.000063295913835211 49257.000000000000000000
0.079769533616799518 0.000063252112955321 49369.000000000000000000
0.079769459754343075 0.000063208422750645 49482.000000000000000000
0.079769385813846821 0.000063164842899458 49596.000000000000000000
0.079769311795408526 0.000063121373058994 49710.000000000000000000
0.079769237699113954 0.000063078012909039 49819.000000000000000000
0.079769163525061221 0.000063034762108303 49931.000000000000000000
0.079769089273334925 0.000062991620341600 50043.000000000000000000
0.079769014944031991 0.000062948587269682 50154.000000000000000000
0.079768940537237112 0.000062905662579882 50264.000000000000000000
0.079768866053046145 0.000062862845935656 50376.000000000000000000
0.079768791491543270 0.000062820137027376 50487.000000000000000000
0.079768716852824578 0.000062777535520625 50600.000000000000000000
0.079768642136972573 0.000062735041109835 50711.000000000000000000
0.079768567344082900 0.000062692653462036 50824.000000000000000000
0.079768492474237521 0.000062650372274306 50936.000000000000000000
0.079768417527531110 0.000062608197218567 51051.000000000000000000
0.079768342504045991 0.000062566127990682 51163.000000000000000000
0.079768267403875520 0.000062524164267230 51284.000000000000000000
0.079768192227101714 0.000062482305747650 51397.000000000000000000
0.079768116973817610 0.000062440552111318 51509.000000000000000000
0.079768041644103088 0.000062398903059575 51622.000000000000000000
0.079767966238051852 0.000062357358272004 51735.000000000000000000
0.079767890755743559 0.000062315917455056 51847.000000000000000000
0.079767815197270442 0.000062274580290690 51961.000000000000000000
0.079767739562711992 0.000062233346487895 52073.000000000000000000
0.079767663852159831 0.000062192215731258 52186.000000000000000000
0.079767588065692202 0.000062151187731235 52299.000000000000000000
0.079767512203401086 0.000062110262176743 52414.000000000000000000
0.079767436265364089 0.000062069438778790 52527.000000000000000000
0.079767360251672179 0.000062028717229262 52639.000000000000000000
0.079767284162402891 0.000061988097242294 52752.000000000000000000
0.079767207997646139 0.000061947578512127 52868.000000000000000000
0.079767131757478654 0.000061907160755703 52981.000000000000000000
0.079767055441989948 0.000061866843668425 53097.000000000000000000
0.079766979051256209 0.000061826626971775 53210.000000000000000000
0.079766902585366672 0.000061786510361177 53325.000000000000000000
0.079766826044397124 0.000061746493561433 53440.000000000000000000
0.079766749428435674 0.000061706576270890 53556.000000000000000000
0.079766672737557318 0.000061666758215842 53671.000000000000000000
0.079766595971850346 0.000061627039098268 53786.000000000000000000
0.079766519131389130 0.000061587418645950 53902.000000000000000000
0.079766442216260669 0.000061547896564108 54019.000000000000000000
0.079766365226539515 0.000061508472580809 54152.000000000000000000
0.079766288162311738 0.000061469146404768 54266.000000000000000000
0.079766211023651112 0.000061429917766768 54384.000000000000000000
0.079766133810644069 0.000061390786377549 54499.000000000000000000
0.079766056523363202 0.000061351751971300 54614.000000000000000000
0.079765979161894152 0.000061312814259099 54731.000000000000000000
0.079765901726309263 0.000061273972977260 54846.000000000000000000
0.079765824216693634 0.000061235227840734 54963.000000000000000000
0.079765746633119416 0.000061196578587562 55078.000000000000000000
0.079765668975670515 0.000061158024934966 55194.000000000000000000
0.079765591244418621 0.000061119566622806 55311.000000000000000000
0.079765513439447600 0.000061081203370295 55428.000000000000000000
0.079765435560827935 0.000061042934920291 55545.000000000000000000
0.079765357608643866 0.000061004760994128 55661.000000000000000000
0.079765279582965018 0.000060966681335623 55777.000000000000000000
0.079765201483874976 0.000060928695668529 55895.000000000000000000
0.079765123311443142 0.000060890803740673 56011.000000000000000000
0.079765045065752244 0.000060853005276004 56129.000000000000000000
0.079764966746871141 0.000060815300024487 56247.000000000000000000
0.079764888354882185 0.000060777687714757 56366.000000000000000000
0.079764809889853766 0.000060740168096122 56483.000000000000000000
0.079764731351867166 0.000060702740899532 56603.000000000000000000
0.079764652740991232 0.000060665405877538 56720.000000000000000000
0.079764574057306081 0.000060628162763007 56839.000000000000000000
0.079764495300879840 0.000060591011310277 56956.000000000000000000
0.079764416471792526 0.000060553951253309 57076.000000000000000000
0.079764337570111435 0.000060516982349961 57197.000000000000000000
0.079764258595916321 0.000060480104336422 57318.000000000000000000
0.079764179549274228 0.000060443316971573 57436.000000000000000000
0.079764100430263968 0.000060406619993778 57555.000000000000000000
0.079764021238952210 0.000060370013163421 57674.000000000000000000
0.079763941975417807 0.000060333496221742 57796.000000000000000000
0.079763862639726318 0.000060297068931955 57914.000000000000000000
0.079763783231956209 0.000060260731034535 58045.000000000000000000
0.079763703752172149 0.000060224482297169 58164.000000000000000000
0.079763624200452854 0.000060188322462118 58284.000000000000000000
0.079763544576862327 0.000060152251297362 58406.000000000000000000
0.079763464881478105 0.000060116268549187 58527.000000000000000000
0.079763385114364593 0.000060080373985261 58647.000000000000000000
0.079763305275599022 0.000060044567354759 58766.000000000000000000
0.079763225365244564 0.000060008848428651 58887.000000000000000000
0.079763145383377865 0.000059973216956291 59013.000000000000000000
0.079763065330061972 0.000059937672711140 59131.000000000000000000
0.079762985205373269 0.000059902215444217 59244.000000000000000000
0.079762905009374580 0.000059866844930765 59358.000000000000000000
0.079762824742141733 0.000059831560924075 59474.000000000000000000
0.079762744403736555 0.000059796363201242 59589.000000000000000000
0.079762663994234220 0.000059761251516670 59704.000000000000000000
0.079762583513696653 0.000059726225650463 59818.000000000000000000
0.079762502962198861 0.000059691285357787 59933.000000000000000000
0.079762422339801547 0.000059656430421001 60045.000000000000000000
0.079762341646579679 0.000059621660598168 60172.000000000000000000
0.079762260882593319 0.000059586975671433 60292.000000000000000000
0.079762180047916631 0.000059552375401604 60408.000000000000000000
0.079762099142610052 0.000059517859572181 60521.000000000000000000
0.079762018166746620 0.000059483427948058 60636.000000000000000000
0.079761937120386261 0.000059449080311793 60751.000000000000000000
0.079761856003602347 0.000059414816430208 60866.000000000000000000
0.079761774816454217 0.000059380636089502 60978.000000000000000000
0.079761693559014135 0.000059346539056183 61091.000000000000000000
0.079761612231341011 0.000059312525118536 61205.000000000000000000
0.079761530833507358 0.000059278594045693 61321.000000000000000000
0.079761449365571377 0.000059244745628404 61435.000000000000000000
0.079761367827604748 0.000059210979636746 61551.000000000000000000
0.079761286219665051 0.000059177295861052 61666.000000000000000000
0.079761204541823727 0.000059143694075835 61782.000000000000000000
0.079761122794138717 0.000059110174072447 61896.000000000000000000
0.079761040976680991 0.000059076735626786 62011.000000000000000000
0.079760959089506978 0.000059043378531540 62141.000000000000000000
0.079760877132687424 0.000059010102564366 62255.000000000000000000
0.079760795106279064 0.000058976907521323 62369.000000000000000000
0.079760713010351897 0.000058943793179003 62484.000000000000000000
0.079760630844961738 0.000058910759335802 62600.000000000000000000
0.079760548610178644 0.000058877805771456 62719.000000000000000000
0.079760466306058514 0.000058844932285654 62834.000000000000000000
0.079760383932670098 0.000058812138658849 62951.000000000000000000
0.079760301490069435 0.000058779424691589 63068.000000000000000000
0.079760218978324693 0.000058746790167644 63190.000000000000000000
0.079760136397491604 0.000058714234888597 63309.000000000000000000
0.079760053747637838 0.000058681758638845 63428.000000000000000000
0.079759971028818238 0.000058649361223756 63545.000000000000000000
0.079759888241100321 0.000058617042427699 63665.000000000000000000
0.079759805384538598 0.000058584802057223 63781.000000000000000000
0.079759722459200044 0.000058552639899674 63899.000000000000000000
0.079759639465139184 0.000058520555762129 64015.000000000000000000
0.079759556402422466 0.000058488549434013 64140.000000000000000000
0.079759473271103554 0.000058456620723892 64257.000000000000000000
0.079759390071248881 0.000058424769421321 64376.000000000000000000
0.079759306802911531 0.000058392995338812 64493.000000000000000000
0.079759223466157492 0.000058361298266214 64612.000000000000000000
0.079759140061039860 0.000058329678016555 64729.000000000000000000
0.079759056587623861 0.000058298134383196 64846.000000000000000000
0.079758973045961759 0.000058266667179973 64964.000000000000000000
0.079758889436119293 0.000058235276200064 65083.000000000000000000
0.079758805758147810 0.000058203961260552 65201.000000000000000000
0.079758722012112745 0.000058172722157252 65323.000000000000000000
0.079758638198065057 0.000058141558705600 65442.000000000000000000
0.079758554316070041 0.000058110470703884 65564.000000000000000000
0.079758470366177683 0.000058079457971604 65682.000000000000000000
0.079758386348452975 0.000058048520305416 65867.000000000000000000
0.079758302262946210 0.000058017657526361 65988.000000000000000000
0.079758218109721141 0.000057986869434899 66112.000000000000000000
0.079758133888828492 0.000057956155851527 66231.000000000000000000
0.079758049600331088 0.000057925516578531 66351.000000000000000000
0.079757965244280055 0.000057894951437472 66472.000000000000000000
0.079757880820736121 0.000057864460233914 66594.000000000000000000
0.079757796329751801 0.000057834042787427 66713.000000000000000000
0.079757711771386908 0.000057803698908111 66833.000000000000000000
0.079757627145693094 0.000057773428416645 66953.000000000000000000
0.079757542452730534 0.000057743231121795 67075.000000000000000000
0.079757457692550049 0.000057713106848674 67196.000000000000000000
0.079757372865211437 0.000057683055406188 67319.000000000000000000
0.079757287970764978 0.000057653076620689 67440.000000000000000000
0.079757203009270389 0.000057623170302670 67563.000000000000000000
0.079757117980777614 0.000057593336279181 67682.000000000000000000
0.079757032885346080 0.000057563574364086 67805.000000000000000000
0.079756947723024885 0.000057533884383073 67926.000000000000000000
0.079756862493873260 0.000057504266152675 68049.000000000000000000
0.079756777197940276 0.000057474719500999 68169.000000000000000000
0.079756691835284624 0.000057445244243833 68290.000000000000000000
0.079756606405954777 0.000057415840212340 68414.000000000000000000
0.079756520910008538 0.000057386507222526 68538.000000000000000000
0.079756435347494992 0.000057357245107184 68661.000000000000000000
0.079756349718471356 0.000057328053683454 68787.000000000000000000
0.079756264022986537 0.000057298932785529 68910.000000000000000000
0.079756178261097502 0.000057269882232580 69038.000000000000000000
0.079756092432852699 0.000057240901857461 69162.000000000000000000
0.079756006538307833 0.000057211991484283 69289.000000000000000000
0.079755920577511075 0.000057183150945721 69412.000000000000000000
0.079755834550519322 0.000057154380065648 69538.000000000000000000
0.079755748457379150 0.000057125678681097 69664.000000000000000000
0.079755662298147650 0.000057097046612693 69789.000000000000000000
0.079755576072870926 0.000057068483702170 69912.000000000000000000
0.079755489781604988 0.000057039989772780 70038.000000000000000000
0.079755403424396187 0.000057011564662648 70162.000000000000000000
0.079755317001300188 0.000056983208200811 70290.000000000000000000
0.079755230512362996 0.000056954920224360 70414.000000000000000000
0.079755143957640232 0.000056926700561738 70538.000000000000000000
0.079755057337177165 0.000056898549055937 70661.000000000000000000
0.079754970651028628 0.000056870465534134 70787.000000000000000000
0.079754883899240306 0.000056842449839860 70912.000000000000000000
0.079754797081866807 0.000056814501801664 71039.000000000000000000
0.079754710198952888 0.000056786621264904 71164.000000000000000000
0.079754623250553075 0.000056758808060078 71293.000000000000000000
0.079754536236712220 0.000056731062031678 71418.000000000000000000
0.079754449157484031 0.000056703383012551 71544.000000000000000000
0.079754362012913166 0.000056675770848855 71668.000000000000000000
0.079754274803052944 0.000056648225374086 71795.000000000000000000
0.079754187527947773 0.000056620746434659 71921.000000000000000000
0.079754100187650279 0.000056593333867670 72048.000000000000000000
0.079754012782204287 0.000056565987519096 72173.000000000000000000
0.079753925311663018 0.000056538707225461 72301.000000000000000000
0.079753837776069869 0.000056511492837085 72430.000000000000000000
0.079753750175476867 0.000056484344190359 72557.000000000000000000
0.079753662509927117 0.000056457261136798 72683.000000000000000000
0.079753574779473591 0.000056430243513216 72811.000000000000000000
0.079753486984158822 0.000056403291172085 72937.000000000000000000
0.079753399124034646 0.000056376403952392 73063.000000000000000000
0.079753311199142959 0.000056349581707516 73191.000000000000000000
0.079753223209535470 0.000056322824278841 73321.000000000000000000
0.079753135155254298 0.000056296131518198 73448.000000000000000000
0.079753047036350971 0.000056269503269199 73573.000000000000000000
0.079752958852867789 0.000056242939384628 73701.000000000000000000
0.079752870604854878 0.000056216439709923 73828.000000000000000000
0.079752782292353663 0.000056190004098585 73955.000000000000000000
0.079752693915415951 0.000056163632395425 74084.000000000000000000
0.079752605474081334 0.000056137324459178 74212.000000000000000000
0.079752516968401355 0.000056111080132366 74340.000000000000000000
0.079752428398416425 0.000056084899273701 74467.000000000000000000
0.079752339764176866 0.000056058781729830 74594.000000000000000000
0.079752251065722507 0.000056032727361061 74721.000000000000000000
0.079752162303104002 0.000056006736011533 74850.000000000000000000
0.079752073476360485 0.000055980807543927 74977.000000000000000000
0.079751984585542765 0.000055954941805024 75104.000000000000000000
0.079751895630688824 0.000055929138658014 75232.000000000000000000
0.079751806611849163 0.000055903397950054 75360.000000000000000000
0.079751717529062766 0.000055877719543861 75488.000000000000000000
0.079751628382379355 0.000055852103290134 75617.000000000000000000
0.079751539171836916 0.000055826549052782 75747.000000000000000000
0.079751449897485491 0.000055801056681085 75874.000000000000000000
0.079751360559363230 0.000055775626041255 76004.000000000000000000
0.079751271157518622 0.000055750256985065 76132.000000000000000000
0.079751181691989859 0.000055724949377927 76260.000000000000000000
0.079751092162825110 0.000055699703073307 76390.000000000000000000
0.079751002570062499 0.000055674517936266 76519.000000000000000000
0.079750912913750194 0.000055649393822894 76648.000000000000000000
0.079750823193926595 0.000055624330598941 76778.000000000000000000
0.079750733410638652 0.000055599328120203 76909.000000000000000000
0.079750643563923210 0.000055574386255729 77038.000000000000000000
0.079750553653828701 0.000055549504860993 77168.000000000000000000
0.079750463680391820 0.000055524683805886 77300.000000000000000000
0.079750373643659750 0.000055499922946968 77430.000000000000000000
0.079750283543669115 0.000055475222154439 77561.000000000000000000
0.079750193380466877 0.000055450581287795 77690.000000000000000000
0.079750103154089730 0.000055426000216029 77821.000000000000000000
0.079750012864584469 0.000055401478800314 77952.000000000000000000
0.079749922511987065 0.000055377016911388 78084.000000000000000000
0.079749832096343801 0.000055352614410741 78215.000000000000000000
0.079749741617690884 0.000055328271170317 78347.000000000000000000
0.079749651076073250 0.000055303987052057 78478.000000000000000000
0.079749560471527398 0.000055279761928962 78609.000000000000000000
0.079749469804099998 0.000055255595663059 78740.000000000000000000
0.079749379073825066 0.000055231488130357 78871.000000000000000000
0.079749288280748065 0.000055207439193552 79001.000000000000000000
0.079749197424904675 0.000055183448727449 79137.000000000000000000
0.079749106506340289 0.000055159516596516 79267.000000000000000000
0.079749015525088951 0.000055135642677994 79399.000000000000000000
0.079748924481196276 0.000055111826835301 79532.000000000000000000
0.079748833374695627 0.000055088068947950 79664.000000000000000000
0.079748742205632384 0.000055064368880979 79796.000000000000000000
0.079748650974041019 0.000055040726511968 79929.000000000000000000
0.079748559679966274 0.000055017141707348 80059.000000000000000000
0.079748468323440735 0.000054993614348489 80192.000000000000000000
0.079748376904510310 0.000054970144300336 80327.000000000000000000
0.079748285423206805 0.000054946731446331 80459.000000000000000000
0.079748193879575352 0.000054923375651343 80590.000000000000000000
0.079748102273648258 0.000054900076799398 80724.000000000000000000
0.079748010605470404 0.000054876834758049 80856.000000000000000000
0.079747918875074431 0.000054853649409352 80989.000000000000000000
0.079747827082503137 0.000054830520624513 81121.000000000000000000
0.079747735227789801 0.000054807448285507 81254.000000000000000000
0.079747643310977806 0.000054784432263288 81388.000000000000000000
0.079747551332098848 0.000054761472442356 81523.000000000000000000
0.079747459291196754 0.000054738568693842 81655.000000000000000000
0.079747367188303261 0.000054715720901325 81790.000000000000000000
0.079747275023461975 0.000054692928939226 81923.000000000000000000
0.079747182796703578 0.000054670192692645 82056.000000000000000000
0.079747090508071189 0.000054647512033902 82189.000000000000000000
0.079746998157595617 0.000054624886851298 82328.000000000000000000
0.079746905745320368 0.000054602317017007 82463.000000000000000000
0.079746813271275085 0.000054579802419719 82600.000000000000000000
0.079746720735502902 0.000054557342933337 82735.000000000000000000
0.079746628138034903 0.000054534938446666 82871.000000000000000000
0.079746535478912028 0.000054512588835345 83009.000000000000000000
0.079746442758165670 0.000054490293987938 83148.000000000000000000
0.079746349975837169 0.000054468053781508 83287.000000000000000000
0.079746257131956655 0.000054445868106212 83425.000000000000000000
0.079746164226566663 0.000054423736837757 83560.000000000000000000
0.079746071259696585 0.000054401659867860 83699.000000000000000000
0.079745978231387044 0.000054379637074935 83835.000000000000000000
0.079745885141668582 0.000054357668348770 83974.000000000000000000
0.079745791990581877 0.000054335753570793 84110.000000000000000000
0.079745698778156474 0.000054313892630878 84249.000000000000000000
0.079745605504433159 0.000054292085410246 84385.000000000000000000
0.079745512169441202 0.000054270331801387 84521.000000000000000000
0.079745418773220916 0.000054248631683616 84659.000000000000000000
0.079745325315801197 0.000054226984952419 84798.000000000000000000
0.079745231797222482 0.000054205391488502 84933.000000000000000000
0.079745138217513001 0.000054183851185823 85072.000000000000000000
0.079745044576712665 0.000054162363927953 85211.000000000000000000
0.079744950874850409 0.000054140929607682 85349.000000000000000000
0.079744857111966855 0.000054119548108942 85485.000000000000000000
0.079744763288089396 0.000054098219328776 85626.000000000000000000
0.079744669403257501 0.000054076943149569 85764.000000000000000000
0.079744575457499717 0.000054055719467186 85904.000000000000000000
0.079744481450854582 0.000054034548168264 86044.000000000000000000
0.079744387383350712 0.000054013429148278 86185.000000000000000000
0.079744293255026050 0.000053992362294331 86323.000000000000000000
0.079744199065909516 0.000053971347502008 86464.000000000000000000
0.079744104816039149 0.000053950384659016 86602.000000000000000000
0.079744010505441193 0.000053929473664704 86742.000000000000000000
0.079743916134155712 0.000053908614403619 86882.000000000000000000
0.079743821702208284 0.000053887806777615 87023.000000000000000000
0.079743727209638668 0.000053867050671426 87161.000000000000000000
0.079743632656473093 0.000053846345988074 87305.000000000000000000
0.079743538042749890 0.000053825692614219 87443.000000000000000000
0.079743443368496481 0.000053805090450021 87584.000000000000000000
0.079743348633749420 0.000053784539386215 87723.000000000000000000
0.079743253838535907 0.000053764039322194 87864.000000000000000000
0.079743158982892720 0.000053743590150188 88004.000000000000000000
0.079743064066846364 0.000053723191771791 88148.000000000000000000
0.079742969090434462 0.000053702844075564 88287.000000000000000000
0.079742874053682133 0.000053682546966163 88431.000000000000000000
0.079742778956627569 0.000053662300334135 88573.000000000000000000
0.079742683799295833 0.000053642104082851 88713.000000000000000000
0.079742588581724852 0.000053621958104865 88851.000000000000000000
0.079742493303937678 0.000053601862304893 88995.000000000000000000
0.079742397965974571 0.000053581816572080 89139.000000000000000000
0.079742302567857415 0.000053561820816248 89289.000000000000000000
0.079742207109626248 0.000053541874926355 89431.000000000000000000
0.079742111591301290 0.000053521978811531 89574.000000000000000000
0.079742016012923550 0.000053502132362755 89714.000000000000000000
0.079741920374514386 0.000053482335489168 89856.000000000000000000
0.079741824676113571 0.000053462588081281 89996.000000000000000000
0.079741728917740368 0.000053442890051565 90139.000000000000000000
0.079741633099435799 0.000053423241289671 90281.000000000000000000
0.079741537221219710 0.000053403641707944 90424.000000000000000000
0.079741441283131931 0.000053384091198468 90565.000000000000000000
0.079741345285191806 0.000053364589673740 90709.000000000000000000
0.079741249227440372 0.000053345137023808 90850.000000000000000000
0.079741153109895921 0.000053325733165074 90993.000000000000000000
0.079741056932598378 0.000053306377989700 91139.000000000000000000
0.079740960695566993 0.000053287071410410 91292.000000000000000000
0.079740864398840428 0.000053267813322020 91436.000000000000000000
0.079740768042438792 0.000053248603637574 91582.000000000000000000
0.079740671626401083 0.000053229442252406 91726.000000000000000000
0.079740575150745674 0.000053210329080762 91876.000000000000000000
0.079740478615511562 0.000053191264018892 92025.000000000000000000
0.079740382020716524 0.000053172246982447 92175.000000000000000000
0.079740285366399294 0.000053153277866759 92324.000000000000000000
0.079740188652579327 0.000053134356587605 92473.000000000000000000
0.079740091879294817 0.000053115483040789 92616.000000000000000000
0.079739995046563525 0.000053096657143963 92762.000000000000000000
0.079739898154424574 0.000053077878793853 92906.000000000000000000
0.079739801202894270 0.000053059147908500 93051.000000000000000000
0.079739704192012317 0.000053040464384302 93194.000000000000000000
0.079739607121795036 0.000053021828140807 93342.000000000000000000
0.079739509992281327 0.000053003239075255 93491.000000000000000000
0.079739412803488757 0.000052984697106890 93638.000000000000000000
0.079739315555454465 0.000052966202133113 93787.000000000000000000
0.079739218248195826 0.000052947754075381 93940.000000000000000000
0.079739120881750641 0.000052929352830895 94096.000000000000000000
0.079739023456133762 0.000052910998322237 94247.000000000000000000
0.079738925971384975 0.000052892690446709 94397.000000000000000000
0.079738828427520003 0.000052874429127228 94546.000000000000000000
0.079738730824577136 0.000052856214260738 94695.000000000000000000
0.079738633162572251 0.000052838045771941 94850.000000000000000000
0.079738535441542899 0.000052819923559711 95004.000000000000000000
0.079738437661504430 0.000052801847547686 95155.000000000000000000
0.079738339822493134 0.000052783817636959 95308.000000000000000000
0.079738241924525916 0.000052765833749042 95459.000000000000000000
0.079738143967639993 0.000052747895786577 95606.000000000000000000
0.079738045951850758 0.000052730003672137 95759.000000000000000000
0.079737947877194348 0.000052712157310555 95918.000000000000000000
0.079737849743685918 0.000052694356622607 96077.000000000000000000
0.079737751551363034 0.000052676601513067 96231.000000000000000000
0.079737653300240074 0.000052658891906117 96383.000000000000000000
0.079737554990353801 0.000052641227705935 96533.000000000000000000
0.079737456621718411 0.000052623608836735 96686.000000000000000000
0.079737358194370778 0.000052606035202311 96840.000000000000000000
0.079737259708325153 0.000052588506729527 96989.000000000000000000
0.079737161163617648 0.000052571023322064 97138.000000000000000000
0.079737062560263111 0.000052553584906408 97289.000000000000000000
0.079736963898296653 0.000052536191387987 97439.000000000000000000
0.079736865177732652 0.000052518842694160 97593.000000000000000000
0.079736766398606829 0.000052501538729360 97748.000000000000000000
0.079736667560932992 0.000052484279421453 97905.000000000000000000
0.079736568664747653 0.000052467064677022 98059.000000000000000000
0.079736469710062888 0.000052449894424769 98214.000000000000000000
0.079736370696914693 0.000052432768569987 98368.000000000000000000
0.079736271625316657 0.000052415687042097 98523.000000000000000000
0.079736172495305166 0.000052398649747461 98675.000000000000000000
0.079736073306891683 0.000052381656615977 98827.000000000000000000
0.079735974060113013 0.000052364707555941 98977.000000000000000000
0.079735874754981007 0.000052347802495330 99129.000000000000000000
0.079735775391531538 0.000052330941343974 99286.000000000000000000
0.079735675969776876 0.000052314124030575 99445.000000000000000000
0.079735576489751159 0.000052297350466223 99603.000000000000000000
0.079735476951467127 0.000052280620580263 99764.000000000000000000
0.079735377354960141 0.000052263934282002 99927.000000000000000000
0.079735277700242219 0.000052247291502337 100084.000000000000000000
0.079735177987347597 0.000052230692152843 100240.000000000000000000
0.079735078216288363 0.000052214136163212 100398.000000000000000000
0.079734978387099267 0.000052197623445065 100555.000000000000000000
0.079734878499791148 0.000052181153930947 100711.000000000000000000
0.079734778554399588 0.000052164727531504 100865.000000000000000000
0.079734678550936328 0.000052148344178051 101022.000000000000000000
0.079734578489434355 0.000052132003783661 101179.000000000000000000
0.079734478369904938 0.000052115706281794 101347.000000000000000000
0.079734378192382660 0.000052099451583372 101526.000000000000000000
0.079734277956877680 0.000052083239623851 101684.000000000000000000
0.079734177663425859 0.000052067070313493 101845.000000000000000000
0.079734077312035523 0.000052050943587805 102001.000000000000000000
0.079733976902742532 0.000052034859359857 102157.000000000000000000
0.079733876435555878 0.000052018817564585 102311.000000000000000000
0.079733775910510840 0.000052002818114496 102471.000000000000000000
0.079733675327615855 0.000051986860945690 102631.000000000000000000
0.079733574686906880 0.000051970945971187 102796.000000000000000000
0.079733473988392062 0.000051955073128263 102952.000000000000000000
0.079733373232104915 0.000051939242330704 103112.000000000000000000
0.079733272418054960 0.000051923453514843 103269.000000000000000000
0.079733171546276863 0.000051907706595445 103424.000000000000000000
0.079733070616778812 0.000051892001509139 103577.000000000000000000
0.079732969629596029 0.000051876338171305 103726.000000000000000000
0.079732868584734384 0.000051860716520628 103882.000000000000000000
0.079732767482230182 0.000051845136470724 104046.000000000000000000
0.079732666322091139 0.000051829597960562 104202.000000000000000000
0.079732565104351463 0.000051814100905594 104355.000000000000000000
0.079732463829017691 0.000051798645246393 104510.000000000000000000
0.079732362496125614 0.000051783230896404 104662.000000000000000000
0.079732261105681879 0.000051767857797564 104817.000000000000000000
0.079732159657719848 0.000051752525864238 104968.000000000000000000
0.079732058152247196 0.000051737235038175 105121.000000000000000000
0.079731956589297437 0.000051721985235276 105273.000000000000000000
0.079731854968878413 0.000051706776396620 105433.000000000000000000
0.079731753291022153 0.000051691608438710 105591.000000000000000000
0.079731651555736333 0.000051676481303815 105747.000000000000000000
0.079731549763055132 0.000051661394907848 105902.000000000000000000
0.079731447912984935 0.000051646349194432 106062.000000000000000000
0.079731346005558507 0.000051631344080383 106219.000000000000000000
0.079731244040782107 0.000051616379507479 106376.000000000000000000
0.079731142018688861 0.000051601455396346 106537.000000000000000000
0.079731039939285431 0.000051586571687639 106691.000000000000000000
0.079730937802604721 0.000051571728299864 106845.000000000000000000
0.079730835608652934 0.000051556925177271 107000.000000000000000000
0.079730733357462322 0.000051542162239359 107153.000000000000000000
0.079730631049040573 0.000051527439427485 107310.000000000000000000
0.079730528683418456 0.000051512756663804 107464.000000000000000000
0.079730426260602824 0.000051498113891207 107618.000000000000000000
0.079730323780624668 0.000051483511031080 107773.000000000000000000
0.079730221243491398 0.000051468948026180 107930.000000000000000000
0.079730118649233989 0.000051454424798516 108091.000000000000000000
0.079730015997857479 0.000051439941292929 108250.000000000000000000
0.079729913289395438 0.000051425497429096 108406.000000000000000000
0.079729810523851807 0.000051411093153648 108566.000000000000000000
0.079729707701260158 0.000051396728386359 108727.000000000000000000
0.079729604821625139 0.000051382403074722 108888.000000000000000000
0.079729501884978848 0.000051368117140443 109052.000000000000000000
0.079729398891323577 0.000051353870529742 109216.000000000000000000
0.079729295840693243 0.000051339663164216 109374.000000000000000000
0.079729192733092258 0.000051325494990018 109532.000000000000000000
0.079729089568551764 0.000051311365931845 109698.000000000000000000
0.079728986347075897 0.000051297275935731 109864.000000000000000000
0.079728883068695772 0.000051283224925005 110020.000000000000000000
0.079728779733416549 0.000051269212846661 110181.000000000000000000
0.079728676341269802 0.000051255239624090 110337.000000000000000000
0.079728572892259791 0.000051241305205358 110501.000000000000000000
0.079728469386417505 0.000051227409515395 110675.000000000000000000
0.079728365823746719 0.000051213552500776 110843.000000000000000000
0.079728262204278075 0.000051199734087571 111010.000000000000000000
0.079728158528015708 0.000051185954223585 111175.000000000000000000
0.079728054794990622 0.000051172212834834 111346.000000000000000000
0.079727951005204370 0.000051158509869252 111507.000000000000000000
0.079727847158689330 0.000051144845251874 111672.000000000000000000
0.079727743255449526 0.000051131218932523 111832.000000000000000000
0.079727639295514796 0.000051117630837892 111994.000000000000000000
0.079727535278887984 0.000051104080916656 112156.000000000000000000
0.079727431205600816 0.000051090569094607 112315.000000000000000000
0.079727327075653887 0.000051077095323559 112479.000000000000000000
0.079727222889080032 0.000051063659528454 112645.000000000000000000
0.079727118645880057 0.000051050261660386 112805.000000000000000000
0.079727014346085506 0.000051036901647774 112969.000000000000000000
0.079726909989698419 0.000051023579439790 113132.000000000000000000
0.079726805576749576 0.000051010294964262 113293.000000000000000000
0.079726701107241393 0.000050997048172205 113460.000000000000000000
0.079726596581202513 0.000050983838991976 113627.000000000000000000
0.079726491998634963 0.000050970667376298 113792.000000000000000000
0.079726387359569828 0.000050957533251629 113961.000000000000000000
0.079726282664010106 0.000050944436570052 114129.000000000000000000
0.079726177911983720 0.000050931377261858 114309.000000000000000000
0.079726073103492195 0.000050918355278204 114482.000000000000000000
0.079725968238567077 0.000050905370547627 114648.000000000000000000
0.079725863317207574 0.000050892423024572 114811.000000000000000000
0.079725758339444591 0.000050879512637706 114980.000000000000000000
0.079725653305278754 0.000050866639340596 115170.000000000000000000
0.079725548214740982 0.000050853803061205 115346.000000000000000000
0.079725443067830470 0.000050841003755886 115515.000000000000000000
0.079725337864579651 0.000050828241352243 115684.000000000000000000
0.079725232604986679 0.000050815515805572 115851.000000000000000000
0.079725127289082182 0.000050802827046309 116022.000000000000000000
0.079725021916865701 0.000050790175029383 116193.000000000000000000
0.079724916488369116 0.000050777559682281 116363.000000000000000000
0.079724811003590232 0.000050764980964792 116531.000000000000000000
0.079724705462559109 0.000050752438805790 116699.000000000000000000
0.079724599865276233 0.000050739933158809 116866.000000000000000000
0.079724494211770636 0.000050727463958007 117037.000000000000000000
0.079724388502040139 0.000050715031158545 117207.000000000000000000
0.079724282736116675 0.000050702634690818 117377.000000000000000000
0.079724176913997677 0.000050690274512930 117547.000000000000000000
0.079724071035713301 0.000050677950554626 117718.000000000000000000
0.079723965101262978 0.000050665662774167 117889.000000000000000000
0.079723859110675782 0.000050653411103543 118061.000000000000000000
0.079723753063949715 0.000050641195498768 118232.000000000000000000
0.079723646961116668 0.000050629015892953 118401.000000000000000000
0.079723540802173809 0.000050616872243890 118570.000000000000000000
0.079723434587150671 0.000050604764484146 118738.000000000000000000
0.079723328316044229 0.000050592692571251 118905.000000000000000000
0.079723221988884985 0.000050580656439174 119079.000000000000000000
0.079723115605670469 0.000050568656045958 119247.000000000000000000
0.079723009166429465 0.000050556691324671 119418.000000000000000000
0.079722902671161527 0.000050544762233053 119593.000000000000000000
0.079722796119894190 0.000050532868707090 119766.000000000000000000
0.079722689512626357 0.000050521010703922 119938.000000000000000000
0.079722582849386908 0.000050509188158027 120121.000000000000000000
0.079722476130172887 0.000050497401029582 120294.000000000000000000
0.079722369355013367 0.000050485649251954 120462.000000000000000000
0.079722262523903409 0.000050473932786742 120632.000000000000000000
0.079722155636875638 0.000050462251566258 120802.000000000000000000
0.079722048693923811 0.000050450605552570 120972.000000000000000000
0.079721941695078319 0.000050438994679959 121142.000000000000000000
0.079721834640335942 0.000050427418907952 121316.000000000000000000
0.079721727529724812 0.000050415878173683 121486.000000000000000000
0.079721620363242818 0.000050404372437146 121656.000000000000000000
0.079721513140917633 0.000050392901633078 121829.000000000000000000
0.079721405862744676 0.000050381465724668 121999.000000000000000000
0.079721298528751539 0.000050370064647623 122172.000000000000000000
0.079721191138937386 0.000050358698361110 122345.000000000000000000
0.079721083693328060 0.000050347366805058 122518.000000000000000000
0.079720976191922088 0.000050336069937986 122690.000000000000000000
0.079720868634747005 0.000050324807698493 122864.000000000000000000
0.079720761021799036 0.000050313580047932 123037.000000000000000000
0.079720653353105464 0.000050302386923631 123208.000000000000000000
0.079720545628663236 0.000050291228288193 123381.000000000000000000
0.079720437848498527 0.000050280104078898 123553.000000000000000000
0.079720330012608462 0.000050269014258268 123727.000000000000000000
0.079720222121020395 0.000050257958764280 123900.000000000000000000
0.079720114173729012 0.000050246937560197 124074.000000000000000000
0.079720006170762803 0.000050235950583939 124247.000000000000000000
0.079719898112117604 0.000050224997798182 124424.000000000000000000
0.079719789997820589 0.000050214079142429 124603.000000000000000000
0.079719681827865818 0.000050203194580611 124781.000000000000000000
0.079719573602283406 0.000050192344050120 124961.000000000000000000
0.079719465321067273 0.000050181527514966 125142.000000000000000000
0.079719356984244372 0.000050170744914806 125324.000000000000000000
0.079719248591809025 0.000050159996214826 125500.000000000000000000
0.079719140143788114 0.000050149281353759 125676.000000000000000000
0.079719031640177629 0.000050138600294878 125852.000000000000000000
0.079718923081003437 0.000050127952980831 126030.000000000000000000
0.079718814466261556 0.000050117339373283 126213.000000000000000000
0.079718705795977812 0.000050106759414048 126392.000000000000000000
0.079718597070146946 0.000050096213067953 126572.000000000000000000
0.079718488288798545 0.000050085700274656 126750.000000000000000000
0.079718379451923962 0.000050075221001201 126926.000000000000000000
0.079718270559551135 0.000050064775186265 127103.000000000000000000
0.079718161611672417 0.000050054362798277 127287.000000000000000000
0.079718052608315715 0.000050043983776535 127468.000000000000000000
0.079717943549474007 0.000050033638086246 127651.000000000000000000
0.079717834435174537 0.000050023325670762 127833.000000000000000000
0.079717725265413361 0.000050013046494255 128016.000000000000000000
0.079717616040214170 0.000050002800500419 128207.000000000000000000
0.079717506759570997 0.000049992587655661 128395.000000000000000000
0.079717397423512054 0.000049982407899463 128582.000000000000000000
0.079717288032027017 0.000049972261201963 128763.000000000000000000
0.079717178585144474 0.000049962147503691 128948.000000000000000000
0.079717069082859068 0.000049952066771528 129127.000000000000000000
0.079716959525194336 0.000049942018950031 129315.000000000000000000
0.079716849912145629 0.000049932004004418 129497.000000000000000000
0.079716740243738080 0.000049922021878297 129678.000000000000000000

