0.144744977153418330 0.778872454729148345 87.000000000000000000
0.151656623118580081 2.492436246159309032 91.000000000000000000
0.143298038928689253 0.586984749205638368 96.000000000000000000
0.167001386204869040 0.173583752092107718 100.000000000000000000
0.168497583917368604 1.818895976918762480 105.000000000000000000
0.188727395080834970 1.011447360062144085 109.000000000000000000
0.187238529091057176 0.495588450581424977 114.000000000000000000
0.203542769587189254 0.483731599220542263 120.000000000000000000
0.176690784940160356 2.676894642813170133 125.000000000000000000
0.148626190929128293 2.615598403185467991 130.000000000000000000
0.119982148446222958 3.572635587893493003 135.000000000000000000
0.103413680181022510 3.559558683524427281 140.000000000000000000
0.078319604901088746 0.071196764498717785 146.000000000000000000
0.074440210472373883 0.004806891486713177 152.000000000000000000
0.074309647061080633 0.000074797566034674 157.000000000000000000
0.074305799121474586 0.000366798660963320 163.000000000000000000
0.074305737240818626 0.000391906024367725 169.000000000000000000
0.074305675359564727 0.000391502572925319 186.000000000000000000
0.074305613479876978 0.000391099603107758 199.000000000000000000
0.074305551599138958 0.000390697059237770 211.000000000000000000
0.074305489691367493 0.000390294598881454 219.000000000000000000
0.074305427800613860 0.000389893018399540 229.000000000000000000
0.074305365923478167 0.000389491962386976 237.000000000000000000
0.074305304031636099 0.000389091051491002 246.000000000000000000
0.074305242154765749 0.000388690909541439 259.000000000000000000
0.074305180278323099 0.000388291116950870 266.000000000000000000
0.074305118403617920 0.000387891795663636 273.000000000000000000
0.074305056529498037 0.000387492919421146 283.000000000000000000
0.074304994655936069 0.000387094495550606 290.000000000000000000
0.074304932782993632 0.000386696524840732 299.000000000000000000
0.074304870910592347 0.000386299005220045 307.000000000000000000
0.074304809011825818 0.000385901563132478 314.000000000000000000
0.074304747138904767 0.000385505109919727 322.000000000000000000
0.074304685265598164 0.000385108912175243 329.000000000000000000
0.074304623377331236 0.000384712965645080 336.000000000000000000
0.074304561480586034 0.000384317448630378 343.000000000000000000
0.074304499608730201 0.000383922767953206 350.000000000000000000
0.074304437737616247 0.000383528374461745 357.000000000000000000
0.074304375869928413 0.000383134478490148 364.000000000000000000
0.074304314002823890 0.000382741004182571 371.000000000000000000
0.074304252136324661 0.000382347977104804 378.000000000000000000
0.074304190270406162 0.000381955396165998 385.000000000000000000
0.074303993157356460 0.000376479202504739 396.000000000000000000
0.074303796077691636 0.000373605911590244 404.000000000000000000
0.074303590673936326 0.000370586013292118 419.000000000000000000
0.074303386835785121 0.000367722685026428 431.000000000000000000
0.074303184659258475 0.000364907588157076 443.000000000000000000
0.074302984049639850 0.000362136198836835 452.000000000000000000
0.074302784979811187 0.000359408333860096 463.000000000000000000
0.074302587425302352 0.000356723008339731 474.000000000000000000
0.074302391361718984 0.000354079225221399 486.000000000000000000
0.074302196765236195 0.000351476024634436 495.000000000000000000
0.074302003612577286 0.000348912476970671 504.000000000000000000
0.074301811881003127 0.000346387680374368 513.000000000000000000
0.074301621548344229 0.000343900760641063 522.000000000000000000
0.074301432592921476 0.000341450869318985 532.000000000000000000
0.074301244993562915 0.000339037183581798 541.000000000000000000
0.074301058729571309 0.000336658904477567 550.000000000000000000
0.074300873780726182 0.000334315256829675 559.000000000000000000
0.074300690127253696 0.000332005487620080 569.000000000000000000
0.074300507749828909 0.000329728865921712 578.000000000000000000
0.074300326629548330 0.000327484681421935 588.000000000000000000
0.074300146747929383 0.000325272244281452 606.000000000000000000
0.074299968086885410 0.000323090883836221 619.000000000000000000
0.074299790628730947 0.000320939948602139 630.000000000000000000
0.074299614356151317 0.000318818804827284 796.000000000000000000
0.074299439252211136 0.000316726836693510 852.000000000000000000
0.074299265300324019 0.000314663444859852 866.000000000000000000
0.074299092484263557 0.000312628046777719 877.000000000000000000
0.074298920788131384 0.000310620075215280 887.000000000000000000
0.074298750196370555 0.000308638978658025 898.000000000000000000
0.074298580693732547 0.000306684219838788 911.000000000000000000
0.074298412265309782 0.000304755276270647 928.000000000000000000
0.074298244896519067 0.000302851640283426 939.000000000000000000
0.074298078572972659 0.000300972814116817 950.000000000000000000
0.074297919323439598 0.000299118315659672 961.000000000000000000
0.074297771323620948 0.000297287674717833 972.000000000000000000
0.074297624228760545 0.000295480433016083 983.000000000000000000
0.074297478026902300 0.000293696144109229 994.000000000000000000
0.074297332706321106 0.000291934372729337 1006.000000000000000000
0.074297188255523311 0.000290194694718037 1017.000000000000000000
0.074297044663234141 0.000288476696384019 1029.000000000000000000
0.074296901918398911 0.000286779974476597 1041.000000000000000000
0.074296760010170285 0.000285104135557945 1058.000000000000000000
0.074296618927910535 0.000283448796011229 1072.000000000000000000
0.074296478661178361 0.000281813581424702 1086.000000000000000000
0.074296339199732248 0.000280198126636229 1119.000000000000000000
0.074296200533516946 0.000278602075116556 1132.000000000000000000
0.074296062652667832 0.000277025079066287 1147.000000000000000000
0.074295925547496741 0.000275466798780294 1162.000000000000000000
0.074295789208497887 0.000273926902799655 1175.000000000000000000
0.074295653626332420 0.000272405067260111 1188.000000000000000000
0.074295518791836004 0.000270900976093964 1201.000000000000000000
0.074295384696002692 0.000269414320362700 1214.000000000000000000
0.074295251329993539 0.000267944798507555 1227.000000000000000000
0.074295118685119579 0.000266492115658781 1240.000000000000000000
0.074294986752852704 0.000265055983950463 1254.000000000000000000
0.074294855524805414 0.000263636121778076 1268.000000000000000000
0.074294724992746003 0.000262232254212319 1287.000000000000000000
0.074294595148575171 0.000260844112170808 1302.000000000000000000
0.074294465984343500 0.000259471432926243 1323.000000000000000000
0.074294337492227330 0.000258113959252282 1337.000000000000000000
0.074294209664546806 0.000256771439944124 1355.000000000000000000
0.074294082493740546 0.000255443628960408 1370.000000000000000000
0.074293955972387166 0.000254130286031636 1385.000000000000000000
0.074293830093176014 0.000252831175683512 1399.000000000000000000
0.074293704848932191 0.000251546067981179 1414.000000000000000000
0.074293580232119127 0.000250274727113910 1430.000000000000000000
0.074293456236242922 0.000249016948128043 1441.000000000000000000
0.074293332854841257 0.000247772518382274 1452.000000000000000000
0.074293210080811495 0.000246541214165271 1462.000000000000000000
0.074293087907522967 0.000245322832643993 1480.000000000000000000
0.074292966328450560 0.000244117171230573 1491.000000000000000000
0.074292845337266322 0.000242924033585324 1505.000000000000000000
0.074292724927956036 0.000241743230950393 1516.000000000000000000
0.074292605094051389 0.000240574564393698 1529.000000000000000000
0.074292485829424909 0.000239417850114602 1541.000000000000000000
0.074292367128068887 0.000238272906007479 1553.000000000000000000
0.074292248984073148 0.000237139553464863 1566.000000000000000000
0.074292131391613309 0.000236017617338343 1578.000000000000000000
0.074292014344960411 0.000234906926159206 1589.000000000000000000
0.074291897838467902 0.000233807311724691 1600.000000000000000000
0.074291781866569234 0.000232718609371448 1613.000000000000000000
0.074291666423801542 0.000231640657470224 1624.000000000000000000
0.074291551504780173 0.000230573297808781 1635.000000000000000000
0.074291437104190478 0.000229516375007600 1647.000000000000000000
0.074291323216815308 0.000228469737136098 1658.000000000000000000
0.074291209837492433 0.000227433234620252 1669.000000000000000000
0.074291096961153852 0.000226406721308900 1696.000000000000000000
0.074290984582794886 0.000225390053499989 1715.000000000000000000
0.074290872697497429 0.000224383090567485 1732.000000000000000000
0.074290761300400104 0.000223385694174240 1750.000000000000000000
0.074290650386729218 0.000222397729041849 1768.000000000000000000
0.074290539951764489 0.000221419062014734 1782.000000000000000000
0.074290429990869267 0.000220449562842021 1795.000000000000000000
0.074290320499458412 0.000219489103312651 1807.000000000000000000
0.074290211473026793 0.000218537557975597 1820.000000000000000000
0.074290102907118793 0.000217594803324674 1832.000000000000000000
0.074289994797355569 0.000216660718491816 1844.000000000000000000
0.074289887139410204 0.000215735184542255 1857.000000000000000000
0.074289779929023275 0.000214818084895495 1870.000000000000000000
0.074289673161983844 0.000213909304858804 1882.000000000000000000
0.074289566834151805 0.000213008732104684 1895.000000000000000000
0.074289460941424093 0.000212116255877154 1909.000000000000000000
0.074289355479750407 0.000211231767482375 1933.000000000000000000
0.074289250445181892 0.000210355161098898 1947.000000000000000000
0.074289145833776604 0.000209486331440757 1961.000000000000000000
0.074289041641640269 0.000208625175456539 1976.000000000000000000
0.074288937864988774 0.000207771592976379 1989.000000000000000000
0.074288834500017470 0.000206925483789669 2003.000000000000000000
0.074288731543015601 0.000206086750837290 2015.000000000000000000
0.074288628990373612 0.000205255299315443 2028.000000000000000000
0.074288526838409336 0.000204431033383918 2041.000000000000000000
0.074288425083626528 0.000203613862444783 2054.000000000000000000
0.074288323722438473 0.000202803693737005 2067.000000000000000000
0.074288222751417887 0.000202000439350837 2080.000000000000000000
0.074288122167121870 0.000201204010752617 2093.000000000000000000
0.074288021966215104 0.000200414322588141 2110.000000000000000000
0.074287922145200747 0.000199631286754774 2129.000000000000000000
0.074287822700946679 0.000198854824079188 2145.000000000000000000
0.074287723630333619 0.000198084853353095 2164.000000000000000000
0.074287624929928547 0.000197321288850676 2180.000000000000000000
0.074287526596555575 0.000196564053053862 2201.000000000000000000
0.074287428627078433 0.000195813067871997 2218.000000000000000000
0.074287331018402319 0.000195068256507784 2234.000000000000000000
0.074287233767468513 0.000194329543381864 2247.000000000000000000
0.074287136871259180 0.000193596854191792 2261.000000000000000000
0.074287040326791398 0.000192870115797159 2275.000000000000000000
0.074286944131121802 0.000192149256282006 2289.000000000000000000
0.074286848281340800 0.000191434204846921 2303.000000000000000000
0.074286752774577108 0.000190724891867138 2320.000000000000000000
0.074286657607992052 0.000190021248789325 2338.000000000000000000
0.074286562778784038 0.000189323208192894 2356.000000000000000000
0.074286468284183046 0.000188630703681202 2377.000000000000000000
0.074286374121454973 0.000187943669947898 2395.000000000000000000
0.074286280287896300 0.000187262042672460 2412.000000000000000000
0.074286186780838204 0.000186585758579027 2428.000000000000000000
0.074286093597641475 0.000185914755342402 2443.000000000000000000
0.074286000735700589 0.000185248971639591 2459.000000000000000000
0.074285908192438743 0.000184588347062000 2473.000000000000000000
0.074285815965311627 0.000183932822167550 2488.000000000000000000
0.074285724051787488 0.000183282338389404 2502.000000000000000000
0.074285632449396122 0.000182636838092456 2517.000000000000000000
0.074285541155679771 0.000181996264486519 2541.000000000000000000
0.074285450168210865 0.000181360561673928 2562.000000000000000000
0.074285359484588476 0.000180729674570382 2578.000000000000000000
0.074285269102440710 0.000180103548952605 2597.000000000000000000
0.074285179019421554 0.000179482131380371 2615.000000000000000000
0.074285089233213281 0.000178865369242955 2632.000000000000000000
0.074284999741523208 0.000178253210681602 2721.000000000000000000
0.074284910542086080 0.000177645604637743 2759.000000000000000000
0.074284821632195214 0.000177042493589038 2812.000000000000000000
0.074284733010160670 0.000176443839718853 2872.000000000000000000
0.074284644673778238 0.000175849589864219 2902.000000000000000000
0.074284556620879821 0.000175259695954286 2927.000000000000000000
0.074284468849643959 0.000174674115439250 2952.000000000000000000
0.074284381356906612 0.000174092783195810 2998.000000000000000000
0.074284294141939308 0.000173515681910556 3018.000000000000000000
0.074284207201992941 0.000172942745438429 3037.000000000000000000
0.074284120535012738 0.000172373934097667 3053.000000000000000000
0.074284034138974719 0.000171809203851986 3069.000000000000000000
0.074283948011873061 0.000171248511170382 3084.000000000000000000
0.074283862151726984 0.000170691813214048 3100.000000000000000000
0.074283776556574407 0.000170139067688857 3115.000000000000000000
0.074283691224481238 0.000169590233014222 3130.000000000000000000
0.074283606153523141 0.000169045267985935 3146.000000000000000000
0.074283521341803840 0.000168504132160406 3161.000000000000000000
0.074283436786792778 0.000167966776057209 3178.000000000000000000
0.074283352487942073 0.000167433184210853 3194.000000000000000000
0.074283268442315142 0.000166903292168316 3210.000000000000000000
0.074283184648504030 0.000166377075638323 3239.000000000000000000
0.074283101105217117 0.000165854501161136 3261.000000000000000000
0.074283017810198915 0.000165335520922874 3278.000000000000000000
0.074282934761681352 0.000164820101533266 3297.000000000000000000
0.074282851957922627 0.000164308206809996 3317.000000000000000000
0.074282769397197829 0.000163799800991266 3334.000000000000000000
0.074282687077801390 0.000163294848823643 3351.000000000000000000
0.074282604998039431 0.000162793315438340 3367.000000000000000000
0.074282523156239622 0.000162295166532113 3383.000000000000000000
0.074282441550742873 0.000161800368182125 3399.000000000000000000
0.074282360179910772 0.000161308886992149 3425.000000000000000000
0.074282279042135177 0.000160820690177560 3444.000000000000000000
0.074282198135800448 0.000160335744958059 3473.000000000000000000
0.074282117459316344 0.000159854019279911 3492.000000000000000000
0.074282037011110344 0.000159375481473293 3515.000000000000000000
0.074281956789625597 0.000158900100269937 3551.000000000000000000
0.074281876793319962 0.000158427844796656 3744.000000000000000000
0.074281797020667215 0.000157958684598379 3767.000000000000000000
0.074281717470162600 0.000157492589698955 3784.000000000000000000
0.074281638140295231 0.000157029530176626 3801.000000000000000000
0.074281559029590175 0.000156569476930750 3818.000000000000000000
0.074281480136580674 0.000156112401001035 3835.000000000000000000
0.074281401459813462 0.000155658273832648 3854.000000000000000000
0.074281322997850729 0.000155207067258131 3952.000000000000000000
0.074281244749267658 0.000154758753443970 3973.000000000000000000
0.074281166712653515 0.000154313304924881 3994.000000000000000000
0.074281088886611168 0.000153870694576424 4016.000000000000000000
0.074281011269757335 0.000153430895625464 4034.000000000000000000
0.074280933860721349 0.000152993881620879 4051.000000000000000000
0.074280856658146432 0.000152559626460100 4070.000000000000000000
0.074280779660687968 0.000152128104349486 4087.000000000000000000
0.074280702867014992 0.000151699289835037 4105.000000000000000000
0.074280626275808323 0.000151273157759752 4167.000000000000000000
0.074280549885762104 0.000150849683295624 4192.000000000000000000
0.074280473695581994 0.000150428841907507 4214.000000000000000000
0.074280397703986492 0.000150010609373228 4412.000000000000000000
0.074280321909705599 0.000149594961756887 4467.000000000000000000
0.074280246311481835 0.000149181875428789 4486.000000000000000000
0.074280170908068779 0.000148771327033154 4505.000000000000000000
0.074280095698232185 0.000148363293510216 4523.000000000000000000
0.074280020680748571 0.000147957752067274 4542.000000000000000000
0.074279945854406462 0.000147554680201786 4567.000000000000000000
0.074279871218004834 0.000147154055666432 4590.000000000000000000
0.074279796770354345 0.000146755856494899 4608.000000000000000000
0.074279722510275897 0.000146360060973546 4628.000000000000000000
0.074279648436601869 0.000145966647656682 4683.000000000000000000
0.074279574548174479 0.000145575595343404 4718.000000000000000000
0.074279500843847268 0.000145186883098136 4743.000000000000000000
0.074279427322483313 0.000144800490217769 4773.000000000000000000
0.074279353982956750 0.000144416396257886 4797.000000000000000000
0.074279280824151056 0.000144034581000192 4817.000000000000000000
0.074279207844960393 0.000143655024477390 4995.000000000000000000
0.074279135044288208 0.000143277706943278 5067.000000000000000000
0.074279062421048273 0.000142902608892163 5090.000000000000000000
0.074278989974163434 0.000142529711036216 5110.000000000000000000
0.074278917702566727 0.000142158994320287 5130.000000000000000000
0.074278845605199872 0.000141790439898455 5152.000000000000000000
0.074278773681014765 0.000141424029154240 5172.000000000000000000
0.074278701928971541 0.000141059743672872 5191.000000000000000000
0.074278630348040275 0.000140697565261106 5212.000000000000000000
0.074278558937199410 0.000140337475924733 5234.000000000000000000
0.074278487695436796 0.000139979457881943 5259.000000000000000000
0.074278416621748625 0.000139623493545873 5280.000000000000000000
0.074278345715140165 0.000139269565537134 5300.000000000000000000
0.074278274974624761 0.000138917656662448 5320.000000000000000000
0.074278204399224917 0.000138567749932700 5344.000000000000000000
0.074278133987970840 0.000138219828540145 5366.000000000000000000
0.074278063739901604 0.000137873875872961 5386.000000000000000000
0.074277993654063970 0.000137529875497357 5406.000000000000000000
0.074277923729513362 0.000137187811170898 5430.000000000000000000
0.074277853965312585 0.000136847666823657 5451.000000000000000000
0.074277784360533033 0.000136509426569956 5479.000000000000000000
0.074277714914253279 0.000136173074693154 5503.000000000000000000
0.074277645625560260 0.000135838595657393 5524.000000000000000000
0.074277576493548020 0.000135505974089175 5545.000000000000000000
0.074277507517318667 0.000135175194790136 5565.000000000000000000
0.074277438695981329 0.000134846242722737 5585.000000000000000000
0.074277370028653034 0.000134519103019174 5606.000000000000000000
0.074277301514457605 0.000134193760964653 5627.000000000000000000
0.074277233152526712 0.000133870202012819 5653.000000000000000000
0.074277164941998514 0.000133548411767427 5678.000000000000000000
0.074277096882018973 0.000133228375992945 5702.000000000000000000
0.074277028971740336 0.000132910080600036 5729.000000000000000000
0.074276961210322498 0.000132593511658566 5750.000000000000000000
0.074276893596931542 0.000132278655379557 5772.000000000000000000
0.074276826130740894 0.000131965498125985 5793.000000000000000000
0.074276758810930030 0.000131654026400899 5814.000000000000000000
0.074276691636685738 0.000131344226857655 5834.000000000000000000
0.074276624607200858 0.000131036086281624 5858.000000000000000000
0.074276557721675296 0.000130729591608548 5881.000000000000000000
0.074276490979314838 0.000130424729901620 5908.000000000000000000
0.074276424379332129 0.000130121488365808 5934.000000000000000000
0.074276357920945613 0.000129819854335872 5958.000000000000000000
0.074276291603380395 0.000129519815284139 5980.000000000000000000
0.074276225425867315 0.000129221358805570 6024.000000000000000000
0.074276159387643717 0.000128924472631519 6046.000000000000000000
0.074276093487952569 0.000128629144614073 6068.000000000000000000
0.074276027726043220 0.000128335362737000 6098.000000000000000000
0.074275962101170559 0.000128043115100786 6124.000000000000000000
0.074275896612595621 0.000127752389935078 6152.000000000000000000
0.074275831259584826 0.000127463175584057 6176.000000000000000000
0.074275766041410868 0.000127175460516419 6198.000000000000000000
0.074275700957351504 0.000126889233313095 6221.000000000000000000
0.074275636006690626 0.000126604482676326 6242.000000000000000000
0.074275571188717207 0.000126321197418334 6264.000000000000000000
0.074275506502726157 0.000126039366468650 6287.000000000000000000
0.074275441948017384 0.000125758978863534 6311.000000000000000000
0.074275377523896527 0.000125480023755902 6340.000000000000000000
0.074275313229674234 0.000125202490400247 6363.000000000000000000
0.074275249064666801 0.000124926368166522 6389.000000000000000000
0.074275185028195273 0.000124651646524020 6413.000000000000000000
0.074275121119586354 0.000124378315051206 6440.000000000000000000
0.074275057338171330 0.000124106363427113 6463.000000000000000000
0.074274993683287105 0.000123835781437122 6486.000000000000000000
0.074274930154275040 0.000123566558961914 6511.000000000000000000
0.074274866750481949 0.000123298685988985 6537.000000000000000000
0.074274803471259032 0.000123032152596935 6563.000000000000000000
0.074274740315962984 0.000122766948969134 6589.000000000000000000
0.074274677283954593 0.000122503065378015 6619.000000000000000000
0.074274614374600090 0.000122240492196546 6679.000000000000000000
0.074274551587269838 0.000121979219887561 6711.000000000000000000
0.074274488921339352 0.000121719239011095 6747.000000000000000000
0.074274426376188363 0.000121460540213110 6774.000000000000000000
0.074274363951201544 0.000121203114234212 6802.000000000000000000
0.074274301645767704 0.000120946951902527 6830.000000000000000000
0.074274239459264230 0.000120692044123242 6856.000000000000000000
0.074274177391105117 0.000120438381917795 6883.000000000000000000
0.074274115440677774 0.000120185956373026 6919.000000000000000000
0.074274053607403856 0.000119934758660664 6956.000000000000000000
0.074273991890694474 0.000119684780043561 6983.000000000000000000
0.074273930289964735 0.000119436011861741 7019.000000000000000000
0.074273868804629314 0.000119188445492147 7047.000000000000000000
0.074273807434118072 0.000118942072527121 7072.000000000000000000
0.074273746177842909 0.000118696884362030 7105.000000000000000000
0.074273685035253084 0.000118452872915305 7137.000000000000000000
0.074273624005751229 0.000118210029512118 7171.000000000000000000
0.074273563088814248 0.000117968346507096 7206.000000000000000000
0.074273502283793397 0.000117727814694799 7235.000000000000000000
0.074273441590247055 0.000117488427603657 7266.000000000000000000
0.074273381007616449 0.000117250176627752 7298.000000000000000000
0.074273320535446483 0.000117013054816412 7323.000000000000000000
0.074273260173101568 0.000116777052986201 7431.000000000000000000
0.074273199919566851 0.000116542159193505 7466.000000000000000000
0.074273139775171332 0.000116308376559058 7497.000000000000000000
0.074273079739003600 0.000116075689526023 7528.000000000000000000
0.074273019810487118 0.000115844091943417 7574.000000000000000000
0.074272959989154577 0.000115613577139890 7603.000000000000000000
0.074272900274096637 0.000115384133677647 7635.000000000000000000
0.074272840665300252 0.000115155760995883 7706.000000000000000000
0.074272781162502299 0.000114928451796746 7770.000000000000000000
0.074272721764830796 0.000114702194174691 7832.000000000000000000
0.074272662471733752 0.000114476982311601 7894.000000000000000000
0.074272603282756922 0.000114252809825910 7957.000000000000000000
0.074272544197395027 0.000114029669423918 8020.000000000000000000
0.074272485215163359 0.000113807554301650 8082.000000000000000000
0.074272426335562081 0.000113586457457031 8143.000000000000000000
0.074272367558114477 0.000113366372228413 8211.000000000000000000
0.074272308882325777 0.000113147291714091 8274.000000000000000000
0.074272250307727689 0.000112929209397504 8344.000000000000000000
0.074272191833829604 0.000112712118468305 8405.000000000000000000
0.074272133460172168 0.000112496012559350 8472.000000000000000000
0.074272075186267966 0.000112280884936557 8534.000000000000000000
0.074272017011667427 0.000112066729396306 8597.000000000000000000
0.074271958935881746 0.000111853539230851 8665.000000000000000000
0.074271900958478354 0.000111641308485143 8729.000000000000000000
0.074271843078866528 0.000111430029507456 8791.000000000000000000
0.074271785296729093 0.000111219697975767 8899.000000000000000000
0.074271727611645411 0.000111010307363984 8962.000000000000000000
0.074271670023124486 0.000110801851019030 9024.000000000000000000
0.074271612530474429 0.000110594320798640 9087.000000000000000000
0.074271555133563538 0.000110387714704714 9151.000000000000000000
0.074271497832234606 0.000110182027935641 9214.000000000000000000
0.074271440625156920 0.000109977245072363 9279.000000000000000000
0.074271383512984041 0.000109773374339179 9342.000000000000000000
0.074271326494743564 0.000109570399978367 9405.000000000000000000
0.074271269570001242 0.000109368318658647 9477.000000000000000000
0.074271212738335521 0.000109167124735611 9541.000000000000000000
0.074271155999315441 0.000108966812460503 9605.000000000000000000
0.074271099352531289 0.000108767376351621 9667.000000000000000000
0.074271042797553158 0.000108568810687038 9733.000000000000000000
0.074270986333986516 0.000108371110191194 9796.000000000000000000
0.074270929961396309 0.000108174269092252 9861.000000000000000000
0.074270873679384314 0.000107978282176652 9924.000000000000000000
0.074270817487544022 0.000107783144016571 9990.000000000000000000
0.074270761385471021 0.000107588849277425 10053.000000000000000000
0.074270705372763840 0.000107395392675417 10116.000000000000000000
0.074270649449023229 0.000107202768964634 10192.000000000000000000
0.074270593613852826 0.000107010972947426 10266.000000000000000000
0.074270537866858527 0.000106819999468628 10350.000000000000000000
0.074270482207648925 0.000106629843415645 10416.000000000000000000
0.074270426635834857 0.000106440499717499 10481.000000000000000000
0.074270371151029982 0.000106251963348725 10544.000000000000000000
0.074270315752849952 0.000106064229319712 10608.000000000000000000
0.074270260440913310 0.000105877292689098 10674.000000000000000000
0.074270205214840554 0.000105691148549886 10738.000000000000000000
0.074270150074254901 0.000105505792039092 10802.000000000000000000
0.074270095018781679 0.000105321218332840 10866.000000000000000000
0.074270040048048741 0.000105137422647895 10933.000000000000000000
0.074269985161686161 0.000104954400237659 10998.000000000000000000
0.074269930359326414 0.000104772146396754 11063.000000000000000000
0.074269875640604055 0.000104590656456066 11129.000000000000000000
0.074269821005156139 0.000104409925786765 11196.000000000000000000
0.074269766452621747 0.000104229949794141 11263.000000000000000000
0.074269711982642372 0.000104050723925985 11329.000000000000000000
0.074269657594861579 0.000103872243661006 11395.000000000000000000
0.074269603288925304 0.000103694504518662 11461.000000000000000000
0.074269549064481299 0.000103517502052171 11528.000000000000000000
0.074269494921179957 0.000103341231852548 11594.000000000000000000
0.074269440858673347 0.000103165689543355 11659.000000000000000000
0.074269386876615967 0.000102990870785740 11727.000000000000000000
0.074269332974664259 0.000102816771273545 11793.000000000000000000
0.074269279152476858 0.000102643386737032 11860.000000000000000000
0.074269225409714312 0.000102470712938382 11938.000000000000000000
0.074269171746039406 0.000102298745674222 12004.000000000000000000
0.074269118161116782 0.000102127480774221 12071.000000000000000000
0.074269064654613318 0.000101956914103023 12138.000000000000000000
0.074269011226197640 0.000101787041554875 12205.000000000000000000
0.074268957875540581 0.000101617859058380 12271.000000000000000000
0.074268904602314750 0.000101449362571863 12338.000000000000000000
0.074268851406194880 0.000101281548088997 12404.000000000000000000
0.074268798286857562 0.000101114411631249 12474.000000000000000000
0.074268745243981332 0.000100947949253797 12540.000000000000000000
0.074268692277246556 0.000100782157040469 12606.000000000000000000
0.074268639386335600 0.000100617031108314 12812.000000000000000000
0.074268586570932632 0.000100452567599585 12914.000000000000000000
0.074268533830723793 0.000100288762693216 12998.000000000000000000
0.074268481165396888 0.000100125612592263 13103.000000000000000000
0.074268428574641804 0.000099963113531316 13174.000000000000000000
0.074268376058149954 0.000099801261773233 13242.000000000000000000
0.074268323615614820 0.000099640053611437 13314.000000000000000000
0.074268271246731507 0.000099479485364687 13383.000000000000000000
0.074268218951197049 0.000099319553382765 13452.000000000000000000
0.074268166728710006 0.000099160254041766 13525.000000000000000000
0.074268114578971006 0.000099001583746993 13592.000000000000000000
0.074268062501682081 0.000098843538929436 13659.000000000000000000
0.074268010496547257 0.000098686116047420 13727.000000000000000000
0.074267958563272091 0.000098529311587060 13796.000000000000000000
0.074267906701563996 0.000098373122061338 13864.000000000000000000
0.074267854911131886 0.000098217544007732 13932.000000000000000000
0.074267803191686702 0.000098062573994156 14003.000000000000000000
0.074267751542940658 0.000097908208609091 14071.000000000000000000
0.074267699964607858 0.000097754444469284 14168.000000000000000000
0.074267648456403879 0.000097601278217248 14239.000000000000000000
0.074267597018045972 0.000097448706519527 14306.000000000000000000
0.074267545649252947 0.000097296726066549 14376.000000000000000000
0.074267494349745306 0.000097145333576920 14448.000000000000000000
0.074267443119244964 0.000096994525790039 14516.000000000000000000
0.074267391957475615 0.000096844299472299 14587.000000000000000000
0.074267340864162298 0.000096694651412127 14664.000000000000000000
0.074267289839031886 0.000096545578422819 14732.000000000000000000
0.074267238881812442 0.000096397077340484 14800.000000000000000000
0.074267187992233849 0.000096249145025330 14870.000000000000000000
0.074267137170027309 0.000096101778359837 14938.000000000000000000
0.074267086414925659 0.000095954974251042 15007.000000000000000000
0.074267035726663086 0.000095808729626358 15084.000000000000000000
0.074266985104975466 0.000095663041438863 15153.000000000000000000
0.074266934549599872 0.000095517906658878 15222.000000000000000000
0.074266884060275151 0.000095373322285031 15297.000000000000000000
0.074266833636741317 0.000095229285333040 15366.000000000000000000
0.074266783278739978 0.000095085792842731 15435.000000000000000000
0.074266732986014106 0.000094942841874240 15505.000000000000000000
0.074266682758308139 0.000094800429510473 15574.000000000000000000
0.074266632595367865 0.000094658552852263 15643.000000000000000000
0.074266582496940514 0.000094517209026414 15718.000000000000000000
0.074266532462774607 0.000094376395174897 15824.000000000000000000
0.074266482492620217 0.000094236108466094 15893.000000000000000000
0.074266432586228587 0.000094096346081831 15969.000000000000000000
0.074266382743352524 0.000093957105230988 16038.000000000000000000
0.074266332963745935 0.000093818383137078 16107.000000000000000000
0.074266283247164333 0.000093680177047463 16274.000000000000000000
0.074266233593364289 0.000093542484226186 16349.000000000000000000
0.074266184002103858 0.000093405301958658 16419.000000000000000000
0.074266134473142384 0.000093268627547821 16489.000000000000000000
0.074266085006240462 0.000093132458317929 16559.000000000000000000
0.074266035601159991 0.000092996791610462 16628.000000000000000000
0.074265986257664229 0.000092861624786740 16699.000000000000000000
0.074265936975517491 0.000092726955225262 16770.000000000000000000
0.074265887754485643 0.000092592780324744 16841.000000000000000000
0.074265838594335498 0.000092459097500408 16914.000000000000000000
0.074265789494835380 0.000092325904187362 16985.000000000000000000
0.074265740455754653 0.000092193197838026 17057.000000000000000000
0.074265691476864043 0.000092060975921763 17131.000000000000000000
0.074265642557935357 0.000091929235927191 17203.000000000000000000
0.074265593698741722 0.000091797975359267 17276.000000000000000000
0.074265544899057429 0.000091667191739521 17349.000000000000000000
0.074265496158657976 0.000091536882609583 17435.000000000000000000
0.074265447477320001 0.000091407045524821 17544.000000000000000000
0.074265398854821363 0.000091277678060781 17622.000000000000000000
0.074265350290940987 0.000091148777805988 17693.000000000000000000
0.074265301785459106 0.000091020342369789 17764.000000000000000000
0.074265253338157006 0.000090892369373450 17836.000000000000000000
0.074265204948817137 0.000090764856457934 17908.000000000000000000
0.074265156617223077 0.000090637801279777 17985.000000000000000000
0.074265108343159525 0.000090511201511444 18105.000000000000000000
0.074265060126412319 0.000090385054840275 18180.000000000000000000
0.074265011966768435 0.000090259358970583 18252.000000000000000000
0.074264963864015848 0.000090134111621487 18328.000000000000000000
0.074264915817943672 0.000090009310528986 18400.000000000000000000
0.074264867828342185 0.000089884953443492 18471.000000000000000000
0.074264819895002693 0.000089761038129127 18543.000000000000000000
0.074264772017717501 0.000089637562368258 18616.000000000000000000
0.074264724196280135 0.000089514523956367 18734.000000000000000000
0.074264676430484983 0.000089391920703490 18815.000000000000000000
0.074264628720127734 0.000089269750436424 18887.000000000000000000
0.074264581065004803 0.000089148010993522 18959.000000000000000000
0.074264533464913962 0.000089026700231433 19031.000000000000000000
0.074264485919653761 0.000088905816017483 19104.000000000000000000
0.074264438429013507 0.000088785356159389 19176.000000000000000000
0.074264390992395415 0.000088665315739696 19249.000000000000000000
0.074264343610153841 0.000088545698055562 19322.000000000000000000
0.074264296282177011 0.000088426499660554 19395.000000000000000000
0.074264249008038713 0.000088307716552771 19469.000000000000000000
0.074264201787543824 0.000088189347501280 19547.000000000000000000
0.074264154620497624 0.000088071390469577 19631.000000000000000000
0.074264107506707436 0.000087953843444785 19748.000000000000000000
0.074264060445980273 0.000087836704411198 19822.000000000000000000
0.074264013438125304 0.000087719971382881 19896.000000000000000000
0.074263966482951443 0.000087603642372692 19970.000000000000000000
0.074263919580269760 0.000087487715418715 20043.000000000000000000
0.074263872729891017 0.000087372188559779 20117.000000000000000000
0.074263825931628308 0.000087257059861553 20191.000000000000000000
0.074263779185294226 0.000087142327388109 20265.000000000000000000
0.074263732490703629 0.000087027989228282 20340.000000000000000000
0.074263685847670929 0.000086914043472404 20416.000000000000000000
0.074263639256012898 0.000086800488234777 20490.000000000000000000
0.074263592715545848 0.000086687321629968 20566.000000000000000000
0.074263546226088217 0.000086574541796676 20651.000000000000000000
0.074263499787458109 0.000086462146873419 20727.000000000000000000
0.074263453399475834 0.000086350135023941 20812.000000000000000000
0.074263407061961204 0.000086238504409122 20914.000000000000000000
0.074263360774736303 0.000086127253217991 20990.000000000000000000
0.074263314537622638 0.000086016379633968 21067.000000000000000000
0.074263268350444223 0.000085905881870118 21145.000000000000000000
0.074263222213024144 0.000085795758132550 21222.000000000000000000
0.074263176125188027 0.000085686006655958 21297.000000000000000000
0.074263130086760804 0.000085576625671331 21375.000000000000000000
0.074263084097569779 0.000085467613435560 21609.000000000000000000
0.074263038157441619 0.000085358968201356 21688.000000000000000000
0.074262992266205086 0.000085250688246952 21763.000000000000000000
0.074262946423688442 0.000085142771847289 21838.000000000000000000
0.074262900629722267 0.000085035217304084 21913.000000000000000000
0.074262854884136476 0.000084928022913166 21992.000000000000000000
0.074262809186763312 0.000084821186998121 22069.000000000000000000
0.074262763537434301 0.000084714707875431 22145.000000000000000000
0.074262717935983241 0.000084608583890473 22220.000000000000000000
0.074262672382243197 0.000084502813381148 22296.000000000000000000
0.074262626876049703 0.000084397394712351 22372.000000000000000000
0.074262581417237405 0.000084292326242923 22447.000000000000000000
0.074262536005643309 0.000084187606359249 22523.000000000000000000
0.074262490641103629 0.000084083233440845 22598.000000000000000000
0.074262445323456938 0.000083979205893064 22674.000000000000000000
0.074262400052540978 0.000083875522115552 22751.000000000000000000
0.074262354828195820 0.000083772180533403 22826.000000000000000000
0.074262309650260747 0.000083669179567061 22902.000000000000000000
0.074262264518577398 0.000083566517661410 22978.000000000000000000
0.074262219432986443 0.000083464193255466 23054.000000000000000000
0.074262174393331173 0.000083362204813369 23130.000000000000000000
0.074262129399453591 0.000083260550792800 23206.000000000000000000
0.074262084451198473 0.000083159229677650 23282.000000000000000000
0.074262039548409348 0.000083058239944423 23358.000000000000000000
0.074261994690932281 0.000082957580095952 23435.000000000000000000
0.074261949878612454 0.000082857248626821 23512.000000000000000000
0.074261905111297336 0.000082757244058836 23588.000000000000000000
0.074261860388833423 0.000082657564903661 23665.000000000000000000
0.074261815711069823 0.000082558209703266 23742.000000000000000000
0.074261771077854116 0.000082459176984887 23819.000000000000000000
0.074261726489036672 0.000082360465307701 23897.000000000000000000
0.074261681944466723 0.000082262073219143 23974.000000000000000000
0.074261637443995970 0.000082163999295177 24052.000000000000000000
0.074261592987475145 0.000082066242101589 24132.000000000000000000
0.074261548574757336 0.000081968800230175 24210.000000000000000000
0.074261504205694440 0.000081871672264616 24288.000000000000000000
0.074261459880141018 0.000081774856813781 24369.000000000000000000
0.074261415597950325 0.000081678352479413 24446.000000000000000000
0.074261371358978256 0.000081582157885168 24524.000000000000000000
0.074261327163079371 0.000081486271649469 24602.000000000000000000
0.074261283010110743 0.000081390692414063 24681.000000000000000000
0.074261238899928347 0.000081295418813664 24759.000000000000000000
0.074261194832390673 0.000081200449505776 24837.000000000000000000
0.074261150807354848 0.000081105783140090 24915.000000000000000000
0.074261106824680678 0.000081011418392423 24994.000000000000000000
0.074261062884226570 0.000080917353927371 25072.000000000000000000
0.074261018985853605 0.000080823588436522 25150.000000000000000000
0.074260975129421411 0.000080730120599960 25229.000000000000000000
0.074260931314792306 0.000080636949125749 25308.000000000000000000
0.074260887541827275 0.000080544072709183 25387.000000000000000000
0.074260843810389832 0.000080451490071706 25465.000000000000000000
0.074260800120342085 0.000080359199926527 25544.000000000000000000
0.074260756471548839 0.000080267201009694 25623.000000000000000000
0.074260712863873465 0.000080175492047769 25702.000000000000000000
0.074260669297181919 0.000080084071793632 25781.000000000000000000
0.074260625771338934 0.000079992938989292 25860.000000000000000000
0.074260582286211463 0.000079902092399650 25939.000000000000000000
0.074260538841665114 0.000079811530780935 26018.000000000000000000
0.074260495437568352 0.000079721252915266 26097.000000000000000000
0.074260452073788064 0.000079631257571283 26177.000000000000000000
0.074260408750193782 0.000079541543547146 26257.000000000000000000
0.074260365466653516 0.000079452109625091 26336.000000000000000000
0.074260322223038078 0.000079362954616607 26416.000000000000000000
0.074260279019216585 0.000079274077318755 26495.000000000000000000
0.074260235855060919 0.000079185476556303 26575.000000000000000000
0.074260192730441321 0.000079097151140117 26655.000000000000000000
0.074260149645230838 0.000079009099908904 26735.000000000000000000
0.074260106599300851 0.000078921321687133 26815.000000000000000000
0.074260063592525599 0.000078833815327210 26896.000000000000000000
0.074260020624777393 0.000078746579666142 26975.000000000000000000
0.074259977695931650 0.000078659613570189 27056.000000000000000000
0.074259934805861794 0.000078572915889258 27138.000000000000000000
0.074259891954444213 0.000078486485503317 27218.000000000000000000
0.074259849141553536 0.000078400321274419 27299.000000000000000000
0.074259806367097697 0.000078314422283312 27384.000000000000000000
0.074259763630891429 0.000078228786936849 27554.000000000000000000
0.074259720932874348 0.000078143414702372 27637.000000000000000000
0.074259678272892815 0.000078058304095768 27719.000000000000000000
0.074259635650825981 0.000077973454123222 27800.000000000000000000
0.074259593066552027 0.000077888863690819 27881.000000000000000000
0.074259550519997441 0.000077804532008019 27972.000000000000000000
0.074259508010948772 0.000077720457282171 28054.000000000000000000
0.074259465539380315 0.000077636639304321 28137.000000000000000000
0.074259423105125996 0.000077553076436977 28218.000000000000000000
0.074259380708067479 0.000077469767766256 28299.000000000000000000
0.074259338348086443 0.000077386712239514 28382.000000000000000000
0.074259296025065688 0.000077303908814739 28464.000000000000000000
0.074259253738887934 0.000077221356447485 28546.000000000000000000
0.074259211489436927 0.000077139054108623 28628.000000000000000000
0.074259169276596260 0.000077057000765634 28710.000000000000000000
0.074259127100250760 0.000076975195401157 28793.000000000000000000
0.074259084960285077 0.000076893636993726 28874.000000000000000000
0.074259042856584870 0.000076812324536247 28956.000000000000000000
0.074259000789035745 0.000076731257021252 29038.000000000000000000
0.074258958757524390 0.000076650433450717 29120.000000000000000000
0.074258916761937341 0.000076569852828442 29202.000000000000000000
0.074258874802162034 0.000076489514167110 29285.000000000000000000
0.074258832878086156 0.000076409416483032 29367.000000000000000000
0.074258790989597950 0.000076329558797538 29450.000000000000000000
0.074258749136586089 0.000076249940139373 29534.000000000000000000
0.074258707318939771 0.000076170559541728 29617.000000000000000000
0.074258665536548696 0.000076091416042192 29701.000000000000000000
0.074258623789302952 0.000076012508684121 29786.000000000000000000
0.074258582077093016 0.000075933836517878 29872.000000000000000000
0.074258540399810002 0.000075855398596343 29958.000000000000000000
0.074258498757345276 0.000075777193979181 30043.000000000000000000
0.074258457149590784 0.000075699221730514 30127.000000000000000000
0.074258415576438919 0.000075621480920631 30213.000000000000000000
0.074258374037782376 0.000075543970622569 30298.000000000000000000
0.074258332533514354 0.000075466689917448 30389.000000000000000000
0.074258291063528603 0.000075389637889306 30488.000000000000000000
0.074258249627719153 0.000075312813627906 30594.000000000000000000
0.074258208225980504 0.000075236216226754 30698.000000000000000000
0.074258166858207603 0.000075159844786756 30791.000000000000000000
0.074258125524295865 0.000075083698410627 30883.000000000000000000
0.074258084224141055 0.000075007776209248 30970.000000000000000000
0.074258042957639409 0.000074932077294605 31056.000000000000000000
0.074258001724687606 0.000074856600787388 31178.000000000000000000
0.074257960525182742 0.000074781345809802 31292.000000000000000000
0.074257919359022179 0.000074706311489924 31388.000000000000000000
0.074257878226103927 0.000074631496961302 31475.000000000000000000
0.074257837126326248 0.000074556901360780 31561.000000000000000000
0.074257796059587877 0.000074482523831074 31647.000000000000000000
0.074257755025787853 0.000074408363518363 31732.000000000000000000
0.074257714024826005 0.000074334419574724 31953.000000000000000000
0.074257673056601942 0.000074260691154354 32056.000000000000000000
0.074257632121016215 0.000074187177419897 32166.000000000000000000
0.074257591217969418 0.000074113877533912 32265.000000000000000000
0.074257550347362589 0.000074040790665718 32352.000000000000000000
0.074257509509097264 0.000073967915988388 32440.000000000000000000
0.074257468703075702 0.000073895252683227 32536.000000000000000000
0.074257427929199815 0.000073822799928132 32680.000000000000000000
0.074257387187372625 0.000073750556913860 32779.000000000000000000
0.074257346477496891 0.000073678522827373 32868.000000000000000000
0.074257305799476370 0.000073606696867293 32957.000000000000000000
0.074257265153214458 0.000073535078229081 33043.000000000000000000
0.074257224538615552 0.000073463666119080 33129.000000000000000000
0.074257183955584172 0.000073392459743437 33217.000000000000000000
0.074257143404025436 0.000073321458316016 33305.000000000000000000
0.074257102883844461 0.000073250661049859 33392.000000000000000000
0.074257062394947254 0.000073180067169024 33482.000000000000000000
0.074257021937239598 0.000073109675893638 33569.000000000000000000
0.074256981510628178 0.000073039486455326 33658.000000000000000000
0.074256941115019542 0.000072969498083546 33744.000000000000000000
0.074256900750321153 0.000072899710017451 33833.000000000000000000
0.074256860416440224 0.000072830121493372 33920.000000000000000000
0.074256820113284883 0.000072760731760128 34009.000000000000000000
0.074256779840763176 0.000072691540061009 34096.000000000000000000
0.074256739598783927 0.000072622545652113 34185.000000000000000000
0.074256699387255820 0.000072553747785697 34272.000000000000000000
0.074256659206088343 0.000072485145724011 34361.000000000000000000
0.074256619055190987 0.000072416738729137 34449.000000000000000000
0.074256578934473960 0.000072348526068207 34539.000000000000000000
0.074256538843847447 0.000072280507013246 34627.000000000000000000
0.074256498783222324 0.000072212680838336 34720.000000000000000000
0.074256458752509413 0.000072145046821997 34809.000000000000000000
0.074256418751620368 0.000072077604247787 34898.000000000000000000
0.074256378780466634 0.000072010352399086 34986.000000000000000000
0.074256338838960489 0.000071943290567771 35077.000000000000000000
0.074256298927014158 0.000071876418044092 35166.000000000000000000
0.074256259044540501 0.000071809734128659 35256.000000000000000000
0.074256219191452422 0.000071743238118383 35345.000000000000000000
0.074256179367663461 0.000071676929318716 35437.000000000000000000
0.074256139573087174 0.000071610807035623 35527.000000000000000000
0.074256099807637782 0.000071544870582604 35622.000000000000000000
0.074256060071229438 0.000071479119271253 35711.000000000000000000
0.074256020363776792 0.000071413552419620 35803.000000000000000000
0.074255980685194928 0.000071348169350187 35896.000000000000000000
0.074255941035399065 0.000071282969387345 35989.000000000000000000
0.074255901414305020 0.000071217951858890 36079.000000000000000000
0.074255861821828834 0.000071153116097937 36174.000000000000000000
0.074255822257886656 0.000071088461437234 36265.000000000000000000
0.074255782722395192 0.000071023987215772 36358.000000000000000000
0.074255743215271286 0.000070959692775536 36453.000000000000000000
0.074255703736432144 0.000070895577461150 36546.000000000000000000
0.074255664285795275 0.000070831640619430 36637.000000000000000000
0.074255624863278483 0.000070767881603209 36733.000000000000000000
0.074255585468800012 0.000070704299767265 36824.000000000000000000
0.074255546102278164 0.000070640894467272 36917.000000000000000000
0.074255506763631879 0.000070577665066307 37012.000000000000000000
0.074255467452779833 0.000070514610927508 37109.000000000000000000
0.074255428169641716 0.000070451731418252 37204.000000000000000000
0.074255388914137077 0.000070389025909854 37299.000000000000000000
0.074255349686185912 0.000070326493775977 37391.000000000000000000
0.074255310485708437 0.000070264134391729 37486.000000000000000000
0.074255271312625271 0.000070201947138849 37581.000000000000000000
0.074255232166857282 0.000070139931400025 37675.000000000000000000
0.074255193048325507 0.000070078086559612 37768.000000000000000000
0.074255153956951328 0.000070016412007067 37865.000000000000000000
0.074255114892656557 0.000069954907135750 37958.000000000000000000
0.074255075855363020 0.000069893571338244 38052.000000000000000000
0.074255036844993128 0.000069832404014469 38148.000000000000000000
0.074254997861469385 0.000069771404564655 38243.000000000000000000
0.074254958904714646 0.000069710572391238 38336.000000000000000000
0.074254919974651973 0.000069649906902807 38433.000000000000000000
0.074254881071204870 0.000069589407508057 38526.000000000000000000
0.074254842194296899 0.000069529073618885 38621.000000000000000000
0.074254803343852163 0.000069468904651812 38717.000000000000000000
0.074254764519794611 0.000069408900023343 38814.000000000000000000
0.074254725722049025 0.000069349059155886 38909.000000000000000000
0.074254686950539925 0.000069289381472351 39008.000000000000000000
0.074254648205192619 0.000069229866400629 39104.000000000000000000
0.074254609485934264 0.000069170513378806 39201.000000000000000000
0.074254570792688546 0.000069111321825082 39299.000000000000000000
0.074254532125381301 0.000069052291178025 39396.000000000000000000
0.074254493483938672 0.000068993420876801 39493.000000000000000000
0.074254454868286995 0.000068934710360529 39594.000000000000000000
0.074254416278353053 0.000068876159072966 39690.000000000000000000
0.074254377714063652 0.000068817766458856 39788.000000000000000000
0.074254339175345949 0.000068759531967862 39886.000000000000000000
0.074254300662127487 0.000068701455049993 39984.000000000000000000
0.074254262174335908 0.000068643535159131 40081.000000000000000000
0.074254223711899076 0.000068585771751612 40181.000000000000000000
0.074254185274745421 0.000068528164287099 40278.000000000000000000
0.074254146862803100 0.000068470712224623 40375.000000000000000000
0.074254108476001029 0.000068413415030686 40475.000000000000000000
0.074254070114268100 0.000068356272170973 40573.000000000000000000
0.074254031777533619 0.000068299283114871 40671.000000000000000000
0.074253993465726920 0.000068242447332047 40771.000000000000000000
0.074253955178777864 0.000068185764299348 40869.000000000000000000
0.074253916916616203 0.000068129233491792 40968.000000000000000000
0.074253878679172422 0.000068072854389718 41069.000000000000000000
0.074253840466376675 0.000068016626472693 41168.000000000000000000
0.074253802278159919 0.000067960549227309 41266.000000000000000000
0.074253764114452864 0.000067904622137512 41367.000000000000000000
0.074253725975186868 0.000067848844694208 41465.000000000000000000
0.074253687860293266 0.000067793216387886 41565.000000000000000000
0.074253649769703750 0.000067737736711384 41665.000000000000000000
0.074253611703350195 0.000067682405160927 41764.000000000000000000
0.074253573661164779 0.000067627221236867 41864.000000000000000000
0.074253535643079849 0.000067572184438375 41965.000000000000000000
0.074253497649028111 0.000067517294269107 42065.000000000000000000
0.074253459678942341 0.000067462550234474 42175.000000000000000000
0.074253421732755634 0.000067407951841602 42277.000000000000000000
0.074253383810401336 0.000067353498602241 42380.000000000000000000
0.074253345911812929 0.000067299190026373 42481.000000000000000000
0.074253308036924259 0.000067245025631274 42582.000000000000000000
0.074253270185669212 0.000067191004931614 42685.000000000000000000
0.074253232357932672 0.000067137127192942 42787.000000000000000000
0.074253194553747875 0.000067083392571370 42895.000000000000000000
0.074253156772951051 0.000067029799832606 42999.000000000000000000
0.074253119015525434 0.000066976349000479 43106.000000000000000000
0.074253081281407757 0.000066923039490038 43206.000000000000000000
0.074253043570531863 0.000066869870817609 43306.000000000000000000
0.074253005882834816 0.000066816842529219 43407.000000000000000000
0.074252968218250892 0.000066763954147205 43507.000000000000000000
0.074252930576717668 0.000066711205218367 43608.000000000000000000
0.074252892958169711 0.000066658595270946 43709.000000000000000000
0.074252855362545098 0.000066606123857670 43810.000000000000000000
0.074252817789778838 0.000066553790509382 43910.000000000000000000
0.074252780239809385 0.000066501594783265 44014.000000000000000000
0.074252742712572289 0.000066449536214524 44120.000000000000000000
0.074252705208006392 0.000066397614364635 44223.000000000000000000
0.074252667726047508 0.000066345828771087 44332.000000000000000000
0.074252630266635061 0.000066294179002208 44435.000000000000000000
0.074252592829705227 0.000066242664598321 44537.000000000000000000
0.074252555415197874 0.000066191285131074 44640.000000000000000000
0.074252518023049746 0.000066140040147337 44742.000000000000000000
0.074252480653200933 0.000066088929220199 44846.000000000000000000
0.074252443305588625 0.000066037951901453 44948.000000000000000000
0.074252405980153369 0.000065987107768715 45057.000000000000000000
0.074252368676832783 0.000065936396376978 45160.000000000000000000
0.074252331395567875 0.000065885817308646 45269.000000000000000000
0.074252294136296429 0.000065835370121363 45372.000000000000000000
0.074252256898959812 0.000065785054399188 45479.000000000000000000
0.074252219683496393 0.000065734869708685 45584.000000000000000000
0.074252182489847982 0.000065684815637176 45690.000000000000000000
0.074252145317953294 0.000065634891750751 45793.000000000000000000
0.074252108167754516 0.000065585097643510 45901.000000000000000000
0.074252071039190765 0.000065535432886330 46005.000000000000000000
0.074252033932204670 0.000065485897074810 46112.000000000000000000
0.074251996846735710 0.000065436489784021 46216.000000000000000000
0.074251959782726862 0.000065387210614641 46324.000000000000000000
0.074251922740118076 0.000065338059144984 46428.000000000000000000
0.074251885718852717 0.000065289034977370 46535.000000000000000000
0.074251848718870930 0.000065240137696148 46639.000000000000000000
0.074251811740116594 0.000065191366906292 46747.000000000000000000
0.074251774782530325 0.000065142722195571 46852.000000000000000000
0.074251737846056293 0.000065094203174618 46959.000000000000000000
0.074251700930635517 0.000065045809431931 47064.000000000000000000
0.074251664036212500 0.000064997540582399 47172.000000000000000000
0.074251627162728651 0.000064949396218817 47276.000000000000000000
0.074251590310128873 0.000064901375960237 47382.000000000000000000
0.074251553478354895 0.000064853479400647 47487.000000000000000000
0.074251516667352038 0.000064805706164687 47593.000000000000000000
0.074251479877062376 0.000064758055848946 47697.000000000000000000
0.074251443107431522 0.000064710528080933 47805.000000000000000000
0.074251406358401967 0.000064663122462209 47911.000000000000000000
0.074251369629919822 0.000064615838622085 48023.000000000000000000
0.074251332921927815 0.000064568676167097 48129.000000000000000000
0.074251296234372363 0.000064521634729285 48239.000000000000000000
0.074251259567196651 0.000064474713917069 48354.000000000000000000
0.074251222920347276 0.000064427913366935 48465.000000000000000000
0.074251186293767771 0.000064381232690797 48572.000000000000000000
0.074251149687405357 0.000064334671528717 48687.000000000000000000
0.074251113101203831 0.000064288229495961 48793.000000000000000000
0.074251076535110566 0.000064241906234164 48901.000000000000000000
0.074251039989069928 0.000064195701363950 49008.000000000000000000
0.074251003463029625 0.000064149614529510 49116.000000000000000000
0.074250966956934228 0.000064103645354723 49222.000000000000000000
0.074250930470731780 0.000064057793485555 49331.000000000000000000
0.074250894004367324 0.000064012058550138 49437.000000000000000000
0.074250857557789235 0.000063966440199030 49547.000000000000000000
0.074250821130942779 0.000063920938061068 49654.000000000000000000
0.074250784723776816 0.000063875551791149 49762.000000000000000000
0.074250748336236849 0.000063830281021752 49869.000000000000000000
0.074250711968272098 0.000063785125409897 49978.000000000000000000
0.074250675619828455 0.000063740084590677 50085.000000000000000000
0.074250639290855319 0.000063695158225071 50194.000000000000000000
0.074250602981299013 0.000063650345952219 50301.000000000000000000
0.074250566691109340 0.000063605647433920 50412.000000000000000000
0.074250530420232802 0.000063561062313228 50520.000000000000000000
0.074250494168619618 0.000063516590255918 50631.000000000000000000
0.074250457936216638 0.000063472230906739 50738.000000000000000000
0.074250421722974219 0.000063427983934475 50848.000000000000000000
0.074250385528839669 0.000063383848987287 50956.000000000000000000
0.074250349353763817 0.000063339825737809 51067.000000000000000000
0.074250313197694137 0.000063295913835211 51176.000000000000000000
0.074250277060581515 0.000063252112955321 51287.000000000000000000
0.074250240942373980 0.000063208422750645 51395.000000000000000000
0.074250204843022735 0.000063164842899458 51507.000000000000000000
0.074250168762476088 0.000063121373058994 51616.000000000000000000
0.074250132700685700 0.000063078012909039 51728.000000000000000000
0.074250096657599990 0.000063034762108303 51836.000000000000000000
0.074250060633170994 0.000062991620341600 51948.000000000000000000
0.074250024627347561 0.000062948587269682 52057.000000000000000000
0.074249988640081935 0.000062905662579882 52170.000000000000000000
0.074249952671323324 0.000062862845935656 52280.000000000000000000
0.074249916721024198 0.000062820137027376 52395.000000000000000000
0.074249880789133943 0.000062777535520625 52506.000000000000000000
0.074249844875605556 0.000062735041109835 52619.000000000000000000
0.074249808980388687 0.000062692653462036 52730.000000000000000000
0.074249773103436598 0.000062650372274306 52843.000000000000000000
0.074249737244699299 0.000062608197218567 52966.000000000000000000
0.074249701404130175 0.000062566127990682 53080.000000000000000000
0.074249665581679641 0.000062524164267230 53190.000000000000000000
0.074249629777301318 0.000062482305747650 53304.000000000000000000
0.074249593990945939 0.000062440552111318 53415.000000000000000000
0.074249558222567597 0.000062398903059575 53529.000000000000000000
0.074249522472117108 0.000062357358272004 53639.000000000000000000
0.074249486739548815 0.000062315917455056 53753.000000000000000000
0.074249451024813964 0.000062274580290690 53865.000000000000000000
0.074249415327867108 0.000062233346487895 53981.000000000000000000
0.074249379648659755 0.000062192215731258 54093.000000000000000000
0.074249343987146901 0.000062151187731235 54207.000000000000000000
0.074249308343280168 0.000062110262176743 54319.000000000000000000
0.074249272717014730 0.000062069438778790 54434.000000000000000000
0.074249237108302696 0.000062028717229262 54546.000000000000000000
0.074249201517099378 0.000061988097242294 54663.000000000000000000
0.074249165943357218 0.000061947578512127 54775.000000000000000000
0.074249130387031931 0.000061907160755703 54892.000000000000000000
0.074249094848076166 0.000061866843668425 55004.000000000000000000
0.074249059326445863 0.000061826626971775 55120.000000000000000000
0.074249023822093904 0.000061786510361177 55234.000000000000000000
0.074248988334976521 0.000061746493561433 55351.000000000000000000
0.074248952865046902 0.000061706576270890 55463.000000000000000000
0.074248917412261653 0.000061666758215842 55580.000000000000000000
0.074248881976574047 0.000061627039098268 55693.000000000000000000
0.074248846557941006 0.000061587418645950 55808.000000000000000000
0.074248811156316152 0.000061547896564108 55921.000000000000000000
0.074248775771656575 0.000061508472580809 56039.000000000000000000
0.074248740403916283 0.000061469146404768 56152.000000000000000000
0.074248705053052533 0.000061429917766768 56270.000000000000000000
0.074248669719019542 0.000061390786377549 56383.000000000000000000
0.074248634401774913 0.000061351751971300 56501.000000000000000000
0.074248599101273155 0.000061312814259099 56615.000000000000000000
0.074248563817472080 0.000061273972977260 56732.000000000000000000
0.074248528550326431 0.000061235227840734 56846.000000000000000000
0.074248493299794285 0.000061196578587562 56964.000000000000000000
0.074248458065830691 0.000061158024934966 57078.000000000000000000
0.074248422848393947 0.000061119566622806 57209.000000000000000000
0.074248387647439379 0.000061081203370295 57329.000000000000000000
0.074248352462925632 0.000061042934920291 57448.000000000000000000
0.074248317294807992 0.000061004760994128 57564.000000000000000000
0.074248282143045435 0.000060966681335623 57682.000000000000000000
0.074248247007593637 0.000060928695668529 57796.000000000000000000
0.074248211888411714 0.000060890803740673 57915.000000000000000000
0.074248176785455575 0.000060853005276004 58031.000000000000000000
0.074248141698684711 0.000060815300024487 58150.000000000000000000
0.074248106628055213 0.000060777687714757 58265.000000000000000000
0.074248071573526780 0.000060740168096122 58384.000000000000000000
0.074248036535055850 0.000060702740899532 58500.000000000000000000
0.074248001512602135 0.000060665405877538 58624.000000000000000000
0.074247966506122545 0.000060628162763007 58740.000000000000000000
0.074247931515577043 0.000060591011310277 58859.000000000000000000
0.074247896540922648 0.000060553951253309 58975.000000000000000000
0.074247861582119684 0.000060516982349961 59096.000000000000000000
0.074247826639125311 0.000060480104336422 59213.000000000000000000
0.074247791711900074 0.000060443316971573 59334.000000000000000000
0.074247756800401465 0.000060406619993778 59452.000000000000000000
0.074247721904590142 0.000060370013163421 59572.000000000000000000
0.074247687024423858 0.000060333496221742 59688.000000000000000000
0.074247652159863536 0.000060297068931955 59808.000000000000000000
0.074247617310867153 0.000060260731034535 59923.000000000000000000
0.074247582477396018 0.000060224482297169 60043.000000000000000000
0.074247547659408081 0.000060188322462118 60159.000000000000000000
0.074247512856865011 0.000060152251297362 60280.000000000000000000
0.074247478069725037 0.000060116268549187 60394.000000000000000000
0.074247443297949925 0.000060080373985261 60515.000000000000000000
0.074247408541498153 0.000060044567354759 60633.000000000000000000
0.074247373800331695 0.000060008848428651 60754.000000000000000000
0.074247339074409391 0.000059973216956291 60870.000000000000000000
0.074247304363693395 0.000059937672711140 60986.000000000000000000
0.074247269668142740 0.000059902215444217 61112.000000000000000000
0.074247234987719596 0.000059866844930765 61226.000000000000000000
0.074247200322383328 0.000059831560924075 61338.000000000000000000
0.074247165672096466 0.000059796363201242 61452.000000000000000000
0.074247131036818570 0.000059761251516670 61562.000000000000000000
0.074247096416512379 0.000059726225650463 61676.000000000000000000
0.074247061811137494 0.000059691285357787 61786.000000000000000000
0.074247027220657000 0.000059656430421001 61900.000000000000000000
0.074246992645030790 0.000059621660598168 62011.000000000000000000
0.074246958084222089 0.000059586975671433 62130.000000000000000000
0.074246923538191040 0.000059552375401604 62243.000000000000000000
0.074246889006900990 0.000059517859572181 62357.000000000000000000
0.074246854490312403 0.000059483427948058 62467.000000000000000000
0.074246819988388862 0.000059449080311793 62583.000000000000000000
0.074246785501090859 0.000059414816430208 62696.000000000000000000
0.074246751028382144 0.000059380636089502 62811.000000000000000000
0.074246716570223664 0.000059346539056183 62921.000000000000000000
0.074246682126579422 0.000059312525118536 63036.000000000000000000
0.074246647697410281 0.000059278594045693 63148.000000000000000000
0.074246613282680535 0.000059244745628404 63264.000000000000000000
0.074246578882351422 0.000059210979636746 63378.000000000000000000
0.074246544496387429 0.000059177295861052 63494.000000000000000000
0.074246510124749893 0.000059143694075835 63607.000000000000000000
0.074246475767403425 0.000059110174072447 63724.000000000000000000
0.074246441424309570 0.000059076735626786 63836.000000000000000000
0.074246407095433287 0.000059043378531540 63955.000000000000000000
0.074246372780736314 0.000059010102564366 64069.000000000000000000
0.074246338480183721 0.000058976907521323 64186.000000000000000000
0.074246304193737456 0.000058943793179003 64299.000000000000000000
0.074246269921362851 0.000058910759335802 64419.000000000000000000
0.074246235663022020 0.000058877805771456 64533.000000000000000000
0.074246201418680380 0.000058844932285654 64655.000000000000000000
0.074246167188300349 0.000058812138658849 64769.000000000000000000
0.074246132971847428 0.000058779424691589 64888.000000000000000000
0.074246098769284369 0.000058746790167644 65003.000000000000000000
0.074246064580576809 0.000058714234888597 65121.000000000000000000
0.074246030405687641 0.000058681758638845 65235.000000000000000000
0.074245996244582849 0.000058649361223756 65356.000000000000000000
0.074245962097225435 0.000058617042427699 65470.000000000000000000
0.074245927963581565 0.000058584802057223 65590.000000000000000000
0.074245893843614477 0.000058552639899674 65704.000000000000000000
0.074245859737290393 0.000058520555762129 65824.000000000000000000
0.074245825644572799 0.000058488549434013 65939.000000000000000000
0.074245791565428224 0.000058456620723892 66060.000000000000000000
0.074245757499820195 0.000058424769421321 66176.000000000000000000
0.074245723447715531 0.000058392995338812 66302.000000000000000000
0.074245689409077914 0.000058361298266214 66418.000000000000000000
0.074245655383874232 0.000058329678016555 66539.000000000000000000
0.074245621372068471 0.000058298134383196 66656.000000000000000000
0.074245587373627769 0.000058266667179973 66777.000000000000000000
0.074245553388516156 0.000058235276200064 66893.000000000000000000
0.074245519416700961 0.000058203961260552 67014.000000000000000000
0.074245485458146437 0.000058172722157252 67137.000000000000000000
0.074245451512820165 0.000058141558705600 67260.000000000000000000
0.074245417580686424 0.000058110470703884 67387.000000000000000000
0.074245383661713071 0.000058079457971604 67512.000000000000000000
0.074245349755864609 0.000058048520305416 67629.000000000000000000
0.074245315863108938 0.000058017657526361 67750.000000000000000000
0.074245281983410877 0.000057986869434899 67869.000000000000000000
0.074245248116738299 0.000057956155851527 67991.000000000000000000
0.074245214263056442 0.000057925516578531 68108.000000000000000000
0.074245180422333051 0.000057894951437472 68232.000000000000000000
0.074245146594533948 0.000057864460233914 68350.000000000000000000
0.074245112779626754 0.000057834042787427 68473.000000000000000000
0.074245078977577456 0.000057803698908111 68590.000000000000000000
0.074245045188353953 0.000057773428416645 68712.000000000000000000
0.074245011411922357 0.000057743231121795 68831.000000000000000000
0.074244977648250735 0.000057713106848674 68953.000000000000000000
0.074244943897305418 0.000057683055406188 69071.000000000000000000
0.074244910159054711 0.000057653076620689 69195.000000000000000000
0.074244876433464918 0.000057623170302670 69315.000000000000000000
0.074244842720504606 0.000057593336279181 69438.000000000000000000
0.074244809020140301 0.000057563574364086 69556.000000000000000000
0.074244775332340723 0.000057533884383073 69680.000000000000000000
0.074244741657072510 0.000057504266152675 69799.000000000000000000
0.074244707994304576 0.000057474719500999 69924.000000000000000000
0.074244674344003697 0.000057445244243833 70043.000000000000000000
0.074244640706138995 0.000057415840212340 70168.000000000000000000
0.074244607080677538 0.000057386507222526 70287.000000000000000000
0.074244573467588421 0.000057357245107184 70413.000000000000000000
0.074244539866838932 0.000057328053683454 70533.000000000000000000
0.074244506278398237 0.000057298932785529 70660.000000000000000000
0.074244472702233805 0.000057269882232580 70781.000000000000000000
0.074244439138314994 0.000057240901857461 70907.000000000000000000
0.074244405586609580 0.000057211991484283 71029.000000000000000000
0.074244372047087101 0.000057183150945721 71155.000000000000000000
0.074244338519715125 0.000057154380065648 71276.000000000000000000
0.074244305004463634 0.000057125678681097 71405.000000000000000000
0.074244271501300307 0.000057097046612693 71527.000000000000000000
0.074244238010195168 0.000057068483702170 71653.000000000000000000
0.074244204531116326 0.000057039989772780 71775.000000000000000000
0.074244171064033818 0.000057011564662648 71902.000000000000000000
0.074244137608915850 0.000056983208200811 72027.000000000000000000
0.074244104165732600 0.000056954920224360 72153.000000000000000000
0.074244070734452425 0.000056926700561738 72275.000000000000000000
0.074244037315045808 0.000056898549055937 72402.000000000000000000
0.074244003907481246 0.000056870465534134 72525.000000000000000000
0.074243970511729207 0.000056842449839860 72658.000000000000000000
0.074243937127758397 0.000056814501801664 72782.000000000000000000
0.074243903755539464 0.000056786621264904 72920.000000000000000000
0.074243870395041253 0.000056758808060078 73046.000000000000000000
0.074243837046234509 0.000056731062031678 73189.000000000000000000
0.074243803709088271 0.000056703383012551 73314.000000000000000000
0.074243770383573465 0.000056675770848855 73443.000000000000000000
0.074243737069659255 0.000056648225374086 73567.000000000000000000
0.074243703767316704 0.000056620746434659 73696.000000000000000000
0.074243670476515158 0.000056593333867670 73827.000000000000000000
0.074243637197225931 0.000056565987519096 73955.000000000000000000
0.074243603929418325 0.000056538707225461 74108.000000000000000000
0.074243570673063808 0.000056511492837085 74235.000000000000000000
0.074243537428131973 0.000056484344190359 74360.000000000000000000
0.074243504194594412 0.000056457261136798 74489.000000000000000000
0.074243470972420719 0.000056430243513216 74613.000000000000000000
0.074243437761582626 0.000056403291172085 74742.000000000000000000
0.074243404562049989 0.000056376403952392 74867.000000000000000000
0.074243371373794775 0.000056349581707516 74996.000000000000000000
0.074243338196786871 0.000056322824278841 75123.000000000000000000
0.074243305030998366 0.000056296131518198 75255.000000000000000000
0.074243271876399314 0.000056269503269199 75381.000000000000000000
0.074243238732961736 0.000056242939384628 75510.000000000000000000
0.074243205600656059 0.000056216439709923 75635.000000000000000000
0.074243172479454611 0.000056190004098585 75763.000000000000000000
0.074243139369327513 0.000056163632395425 75889.000000000000000000
0.074243106270247536 0.000056137324459178 76018.000000000000000000
0.074243073182184954 0.000056111080132366 76145.000000000000000000
0.074243040105112415 0.000056084899273701 76274.000000000000000000
0.074243007039000539 0.000056058781729830 76400.000000000000000000
0.074242973983822180 0.000056032727361061 76528.000000000000000000
0.074242940939547891 0.000056006736011533 76656.000000000000000000
0.074242907906150846 0.000055980807543927 76783.000000000000000000
0.074242874883601595 0.000055954941805024 76911.000000000000000000
0.074242841871873549 0.000055929138658014 77040.000000000000000000
0.074242808870937482 0.000055903397950054 77166.000000000000000000
0.074242775880766596 0.000055877719543861 77296.000000000000000000
0.074242742901332037 0.000055852103290134 77425.000000000000000000
0.074242709932607176 0.000055826549052782 77554.000000000000000000
0.074242676974563104 0.000055801056681085 77681.000000000000000000
0.074242644027173357 0.000055775626041255 77812.000000000000000000
0.074242611090409333 0.000055750256985065 77940.000000000000000000
0.074242578164244649 0.000055724949377927 78071.000000000000000000
0.074242545248650801 0.000055699703073307 78199.000000000000000000
0.074242512343601505 0.000055674517936266 78330.000000000000000000
0.074242479449068477 0.000055649393822894 78458.000000000000000000
0.074242446565025294 0.000055624330598941 78592.000000000000000000
0.074242413691443992 0.000055599328120203 78720.000000000000000000
0.074242380828298496 0.000055574386255729 78850.000000000000000000
0.074242347975560702 0.000055549504860993 78981.000000000000000000
0.074242315133204617 0.000055524683805886 79111.000000000000000000
0.074242282301202361 0.000055499922946968 79240.000000000000000000
0.074242249479528233 0.000055475222154439 79372.000000000000000000
0.074242216668154254 0.000055450581287795 79501.000000000000000000
0.074242183867054834 0.000055426000216029 79633.000000000000000000
0.074242151076202148 0.000055401478800314 79761.000000000000000000
0.074242118295570786 0.000055377016911388 79893.000000000000000000
0.074242085525133117 0.000055352614410741 80023.000000000000000000
0.074242052764863661 0.000055328271170317 80155.000000000000000000
0.074242020014735205 0.000055303987052057 80285.000000000000000000
0.074241987274722226 0.000055279761928962 80416.000000000000000000
0.074241954544797331 0.000055255595663059 80546.000000000000000000
0.074241921824935470 0.000055231488130357 80679.000000000000000000
0.074241889115109538 0.000055207439193552 80809.000000000000000000
0.074241856415294322 0.000055183448727449 80941.000000000000000000
0.074241823725462716 0.000055159516596516 81071.000000000000000000
0.074241791045589839 0.000055135642677994 81205.000000000000000000
0.074241758375648725 0.000055111826835301 81336.000000000000000000
0.074241725715614632 0.000055088068947950 81468.000000000000000000
0.074241693065460662 0.000055064368880979 81598.000000000000000000
0.074241660425162059 0.000055040726511968 81730.000000000000000000
0.074241627794692011 0.000055017141707348 81859.000000000000000000
0.074241595174026204 0.000054993614348489 81993.000000000000000000
0.074241562563137686 0.000054970144300336 82129.000000000000000000
0.074241529962002284 0.000054946731446331 82263.000000000000000000
0.074241497370593337 0.000054923375651343 82395.000000000000000000
0.074241464788886644 0.000054900076799398 82529.000000000000000000
0.074241432216855641 0.000054876834758049 82668.000000000000000000
0.074241399654476126 0.000054853649409352 82799.000000000000000000
0.074241367101721911 0.000054830520624513 82933.000000000000000000
0.074241334558568850 0.000054807448285507 83066.000000000000000000
0.074241302024990768 0.000054784432263288 83199.000000000000000000
0.074241269500963658 0.000054761472442356 83333.000000000000000000
0.074241236986461429 0.000054738568693842 83465.000000000000000000
0.074241204481460238 0.000054715720901325 83598.000000000000000000
0.074241171985934024 0.000054692928939226 83731.000000000000000000
0.074241139499859152 0.000054670192692645 83865.000000000000000000
0.074241107023209713 0.000054647512033902 83999.000000000000000000
0.074241074555962211 0.000054624886851298 84135.000000000000000000
0.074241042098090668 0.000054602317017007 84268.000000000000000000
0.074241009649571810 0.000054579802419719 84404.000000000000000000
0.074240977210379866 0.000054557342933337 84538.000000000000000000
0.074240944780491341 0.000054534938446666 84674.000000000000000000
0.074240912359880951 0.000054512588835345 84809.000000000000000000
0.074240879948525143 0.000054490293987938 84947.000000000000000000
0.074240847546398661 0.000054468053781508 85081.000000000000000000
0.074240815153478232 0.000054445868106212 85220.000000000000000000
0.074240782769738459 0.000054423736837757 85355.000000000000000000
0.074240750395156319 0.000054401659867860 85493.000000000000000000
0.074240718029706693 0.000054379637074935 85628.000000000000000000
0.074240685673366502 0.000054357668348770 85765.000000000000000000
0.074240653326110656 0.000054335753570793 85900.000000000000000000
0.074240620987916284 0.000054313892630878 86038.000000000000000000
0.074240588658758405 0.000054292085410246 86172.000000000000000000
0.074240556338614191 0.000054270331801387 86309.000000000000000000
0.074240524027458871 0.000054248631683616 86448.000000000000000000
0.074240491725269683 0.000054226984952419 86588.000000000000000000
0.074240459432021871 0.000054205391488502 86724.000000000000000000
0.074240427147692967 0.000054183851185823 86863.000000000000000000
0.074240394872258281 0.000054162363927953 87002.000000000000000000
0.074240362605695248 0.000054140929607682 87144.000000000000000000
0.074240330347979222 0.000054119548108942 87281.000000000000000000
0.074240298099087915 0.000054098219328776 87420.000000000000000000
0.074240265858996901 0.000054076943149569 87556.000000000000000000
0.074240233627683755 0.000054055719467186 87695.000000000000000000
0.074240201405124329 0.000054034548168264 87833.000000000000000000
0.074240169191296224 0.000054013429148278 87974.000000000000000000
0.074240136986175431 0.000053992362294331 88112.000000000000000000
0.074240104789739608 0.000053971347502008 88251.000000000000000000
0.074240072601964746 0.000053950384659016 88389.000000000000000000
0.074240040422828973 0.000053929473664704 88529.000000000000000000
0.074240008252308073 0.000053908614403619 88669.000000000000000000
0.074239976090380272 0.000053887806777615 88809.000000000000000000
0.074239943937021546 0.000053867050671426 88947.000000000000000000
0.074239911792210067 0.000053846345988074 89089.000000000000000000
0.074239879655921992 0.000053825692614219 89228.000000000000000000
0.074239847528135477 0.000053805090450021 89368.000000000000000000
0.074239815408827015 0.000053784539386215 89506.000000000000000000
0.074239783297974787 0.000053764039322194 89647.000000000000000000
0.074239751195555384 0.000053743590150188 89785.000000000000000000
0.074239719101547141 0.000053723191771791 89928.000000000000000000
0.074239687015926481 0.000053702844075564 90067.000000000000000000
0.074239654938672101 0.000053682546966163 90207.000000000000000000
0.074239622869760422 0.000053662300334135 90347.000000000000000000
0.074239590809170156 0.000053642104082851 90490.000000000000000000
0.074239558756877821 0.000053621958104865 90634.000000000000000000
0.074239526712862561 0.000053601862304893 90777.000000000000000000
0.074239494677100490 0.000053581816572080 90918.000000000000000000
0.074239462649571070 0.000053561820816248 91059.000000000000000000
0.074239430630250486 0.000053541874926355 91206.000000000000000000
0.074239398619118505 0.000053521978811531 91348.000000000000000000
0.074239366616151242 0.000053502132362755 91491.000000000000000000
0.074239334621328312 0.000053482335489168 91634.000000000000000000
0.074239302634626136 0.000053462588081281 91773.000000000000000000
0.074239270656024620 0.000053442890051565 91916.000000000000000000
0.074239238685500086 0.000053423241289671 92056.000000000000000000
0.074239206723032442 0.000053403641707944 92201.000000000000000000
0.074239174768598232 0.000053384091198468 92341.000000000000000000
0.074239142822177501 0.000053364589673740 92484.000000000000000000
0.074239110883746698 0.000053345137023808 92627.000000000000000000
0.074239078953286020 0.000053325733165074 92770.000000000000000000
0.074239047030772082 0.000053306377989700 92912.000000000000000000
0.074239015116185150 0.000053287071410410 93054.000000000000000000
0.074238983209501980 0.000053267813322020 93194.000000000000000000
0.074238951310702794 0.000053248603637574 93337.000000000000000000
0.074238919419764404 0.000053229442252406 93478.000000000000000000
0.074238887536667214 0.000053210329080762 93621.000000000000000000
0.074238855661388159 0.000053191264018892 93763.000000000000000000
0.074238823793907893 0.000053172246982447 93905.000000000000000000
0.074238791934203352 0.000053153277866759 94046.000000000000000000
0.074238760082254926 0.000053134356587605 94190.000000000000000000
0.074238728238039731 0.000053115483040789 94332.000000000000000000
0.074238696401538545 0.000053096657143963 94475.000000000000000000
0.074238664572728374 0.000053077878793853 94618.000000000000000000
0.074238632751590178 0.000053059147908500 94764.000000000000000000
0.074238600938100932 0.000053040464384302 94908.000000000000000000
0.074238569132241722 0.000053021828140807 95054.000000000000000000
0.074238537333989801 0.000053003239075255 95201.000000000000000000
0.074238505543325936 0.000052984697106890 95347.000000000000000000
0.074238473760227686 0.000052966202133113 95490.000000000000000000
0.074238441984675968 0.000052947754075381 95637.000000000000000000
0.074238410216648398 0.000052929352830895 95783.000000000000000000
0.074238378456126172 0.000052910998322237 95930.000000000000000000
0.074238346703086655 0.000052892690446709 96075.000000000000000000
0.074238314957511042 0.000052874429127228 96222.000000000000000000
0.074238283219376949 0.000052856214260738 96369.000000000000000000
0.074238251488665641 0.000052838045771941 96515.000000000000000000
0.074238219765354815 0.000052819923559711 96662.000000000000000000
0.074238188049425891 0.000052801847547686 96810.000000000000000000
0.074238156340856815 0.000052783817636959 96956.000000000000000000
0.074238124639628811 0.000052765833749042 97105.000000000000000000
0.074238092945719800 0.000052747895786577 97253.000000000000000000
0.074238061259111227 0.000052730003672137 97402.000000000000000000
0.074238029579781178 0.000052712157310555 97550.000000000000000000
0.074237997907711295 0.000052694356622607 97704.000000000000000000
0.074237966242879427 0.000052676601513067 97850.000000000000000000
0.074237934585267368 0.000052658891906117 98001.000000000000000000
0.074237902934853217 0.000052641227705935 98149.000000000000000000
0.074237871291618754 0.000052623608836735 98298.000000000000000000
0.074237839655542120 0.000052606035202311 98448.000000000000000000
0.074237808026605220 0.000052588506729527 98596.000000000000000000
0.074237776404786321 0.000052571023322064 98743.000000000000000000
0.074237744790067201 0.000052553584906408 98891.000000000000000000
0.074237713182426390 0.000052536191387987 99039.000000000000000000
0.074237681581845821 0.000052518842694160 99188.000000000000000000
0.074237649988303872 0.000052501538729360 99336.000000000000000000
0.074237618401782696 0.000052484279421453 99486.000000000000000000
0.074237586822260643 0.000052467064677022 99633.000000000000000000
0.074237555249720089 0.000052449894424769 99782.000000000000000000
0.074237523684139523 0.000052432768569987 99931.000000000000000000
0.074237492125501126 0.000052415687042097 100082.000000000000000000
0.074237460573783401 0.000052398649747461 100229.000000000000000000
0.074237429028968904 0.000052381656615977 100381.000000000000000000
0.074237397491036125 0.000052364707555941 100529.000000000000000000
0.074237365959967563 0.000052347802495330 100680.000000000000000000
0.074237334435741917 0.000052330941343974 100829.000000000000000000
0.074237302918341741 0.000052314124030575 100984.000000000000000000
0.074237271407745914 0.000052297350466223 101135.000000000000000000
0.074237239903936950 0.000052280620580263 101289.000000000000000000
0.074237208406893754 0.000052263934282002 101438.000000000000000000
0.074237176916598910 0.000052247291502337 101591.000000000000000000
0.074237145433031504 0.000052230692152843 101741.000000000000000000
0.074237113956174133 0.000052214136163212 101895.000000000000000000
0.074237082486005912 0.000052197623445065 102046.000000000000000000
0.074237051022509659 0.000052181153930947 102201.000000000000000000
0.074237019565664392 0.000052164727531504 102352.000000000000000000
0.074236988115452873 0.000052148344178051 102506.000000000000000000
0.074236956671854509 0.000052132003783661 102660.000000000000000000
0.074236925234852202 0.000052115706281794 102815.000000000000000000
0.074236893804425108 0.000052099451583372 102968.000000000000000000
0.074236862380556351 0.000052083239623851 103125.000000000000000000
0.074236830963225073 0.000052067070313493 103283.000000000000000000
0.074236799552414579 0.000052050943587805 103436.000000000000000000
0.074236768148104038 0.000052034859359857 103584.000000000000000000
0.074236736750276797 0.000052018817564585 103738.000000000000000000
0.074236705358912081 0.000052002818114496 103889.000000000000000000
0.074236673973993361 0.000051986860945690 104045.000000000000000000
0.074236642595499863 0.000051970945971187 104195.000000000000000000
0.074236611223415128 0.000051955073128263 104347.000000000000000000
0.074236579857718726 0.000051939242330704 104496.000000000000000000
0.074236548498394034 0.000051923453514843 104657.000000000000000000
0.074236517145420580 0.000051907706595445 104806.000000000000000000
0.074236485798781948 0.000051892001509139 104961.000000000000000000
0.074236454458457626 0.000051876338171305 105112.000000000000000000
0.074236423124431503 0.000051860716520628 105265.000000000000000000
0.074236391796683038 0.000051845136470724 105417.000000000000000000
0.074236360475195884 0.000051829597960562 105569.000000000000000000
0.074236329159949821 0.000051814100905594 105720.000000000000000000
0.074236297850928681 0.000051798645246393 105875.000000000000000000
0.074236266548112106 0.000051783230896404 106026.000000000000000000
0.074236235251483998 0.000051767857797564 106181.000000000000000000
0.074236203961024247 0.000051752525864238 106335.000000000000000000
0.074236172676716741 0.000051737235038175 106490.000000000000000000
0.074236141398541428 0.000051721985235276 106640.000000000000000000
0.074236110126482180 0.000051706776396620 106802.000000000000000000
0.074236078860519111 0.000051691608438710 106954.000000000000000000
0.074236047600636235 0.000051676481303815 107121.000000000000000000
0.074236016346813413 0.000051661394907848 107272.000000000000000000
0.074235985099034868 0.000051646349194432 107429.000000000000000000
0.074235953857280768 0.000051631344080383 107582.000000000000000000
0.074235922621535250 0.000051616379507479 107743.000000000000000000
0.074235891391778525 0.000051601455396346 107896.000000000000000000
0.074235860167994688 0.000051586571687639 108055.000000000000000000
0.074235828950164090 0.000051571728299864 108209.000000000000000000
0.074235797738270964 0.000051556925177271 108365.000000000000000000
0.074235766532295674 0.000051542162239359 108518.000000000000000000
0.074235735332222386 0.000051527439427485 108678.000000000000000000
0.074235704138031627 0.000051512756663804 108831.000000000000000000
0.074235672949707759 0.000051498113891207 108989.000000000000000000
0.074235641767231325 0.000051483511031080 109145.000000000000000000
0.074235610590586601 0.000051468948026180 109305.000000000000000000
0.074235579419754255 0.000051454424798516 109459.000000000000000000
0.074235548254718786 0.000051439941292929 109617.000000000000000000
0.074235517095460668 0.000051425497429096 109770.000000000000000000
0.074235485941964580 0.000051411093153648 109931.000000000000000000
0.074235454794211064 0.000051396728386359 110088.000000000000000000
0.074235423652184690 0.000051382403074722 110249.000000000000000000
0.074235392515866194 0.000051368117140443 110405.000000000000000000
0.074235361385240478 0.000051353870529742 110567.000000000000000000
0.074235330260288140 0.000051339663164216 110724.000000000000000000
0.074235299140993943 0.000051325494990018 110881.000000000000000000
0.074235268027338708 0.000051311365931845 111035.000000000000000000
0.074235236919307293 0.000051297275935731 111196.000000000000000000
0.074235205816880645 0.000051283224925005 111352.000000000000000000
0.074235174720043512 0.000051269212846661 111515.000000000000000000
0.074235143628776812 0.000051255239624090 111673.000000000000000000
0.074235112543065446 0.000051241305205358 111833.000000000000000000
0.074235081462890401 0.000051227409515395 111997.000000000000000000
0.074235050388236759 0.000051213552500776 112158.000000000000000000
0.074235019319085521 0.000051199734087571 112312.000000000000000000
0.074234988255421741 0.000051185954223585 112477.000000000000000000
0.074234957197226503 0.000051172212834834 112636.000000000000000000
0.074234926144485125 0.000051158509869252 112802.000000000000000000
0.074234895097178621 0.000051144845251874 112960.000000000000000000
0.074234864055292005 0.000051131218932523 113120.000000000000000000
0.074234833018806692 0.000051117630837892 113278.000000000000000000
0.074234801987707835 0.000051104080916656 113439.000000000000000000
0.074234770961976643 0.000051090569094607 113594.000000000000000000
0.074234739941598613 0.000051077095323559 113754.000000000000000000
0.074234708926554857 0.000051063659528454 113912.000000000000000000
0.074234677916830860 0.000051050261660386 114076.000000000000000000
0.074234646912407914 0.000051036901647774 114234.000000000000000000
0.074234615913271490 0.000051023579439790 114399.000000000000000000
0.074234584919402893 0.000051010294964262 114557.000000000000000000
0.074234553930787567 0.000050997048172205 114723.000000000000000000
0.074234522947407233 0.000050983838991976 114881.000000000000000000
0.074234491969247376 0.000050970667376298 115046.000000000000000000
0.074234460996289373 0.000050957533251629 115205.000000000000000000
0.074234430028518719 0.000050944436570052 115367.000000000000000000
0.074234399065917264 0.000050931377261858 115527.000000000000000000
0.074234368108470533 0.000050918355278204 115690.000000000000000000
0.074234337156160082 0.000050905370547627 115849.000000000000000000
0.074234306208971756 0.000050892423024572 116013.000000000000000000
0.074234275266887251 0.000050879512637706 116173.000000000000000000
0.074234244329892229 0.000050866639340596 116340.000000000000000000
0.074234213397968374 0.000050853803061205 116501.000000000000000000
0.074234182471101612 0.000050841003755886 116669.000000000000000000
0.074234151549273514 0.000050828241352243 116836.000000000000000000
0.074234120632470174 0.000050815515805572 117005.000000000000000000
0.074234089720673316 0.000050802827046309 117175.000000000000000000
0.074234058813868964 0.000050790175029383 117349.000000000000000000
0.074234027912038758 0.000050777559682281 117513.000000000000000000
0.074233997015168862 0.000050764980964792 117684.000000000000000000
0.074233966123241249 0.000050752438805790 117849.000000000000000000
0.074233935236241777 0.000050739933158809 118018.000000000000000000
0.074233904354152558 0.000050727463958007 118181.000000000000000000
0.074233873476959811 0.000050715031158545 118350.000000000000000000
0.074233842604645342 0.000050702634690818 118518.000000000000000000
0.074233811737195496 0.000050690274512930 118696.000000000000000000
0.074233780874592287 0.000050677950554626 118868.000000000000000000
0.074233750016821809 0.000050665662774167 119040.000000000000000000
0.074233719163866230 0.000050653411103543 119209.000000000000000000
0.074233688315711893 0.000050641195498768 119385.000000000000000000
0.074233657472340703 0.000050629015892953 119550.000000000000000000
0.074233626633739169 0.000050616872243890 119721.000000000000000000
0.074233595799889390 0.000050604764484146 119887.000000000000000000
0.074233564970777835 0.000050592692571251 120059.000000000000000000
0.074233534146386754 0.000050580656439174 120224.000000000000000000
0.074233503326702532 0.000050568656045958 120399.000000000000000000
0.074233472511707532 0.000050556691324671 120566.000000000000000000
0.074233441701388070 0.000050544762233053 120739.000000000000000000
0.074233410895726659 0.000050532868707090 120906.000000000000000000
0.074233380094709617 0.000050521010703922 121078.000000000000000000
0.074233349298319429 0.000050509188158027 121247.000000000000000000
0.074233318506542689 0.000050497401029582 121422.000000000000000000
0.074233287719361801 0.000050485649251954 121588.000000000000000000
0.074233256936763609 0.000050473932786742 121762.000000000000000000
0.074233226158730292 0.000050462251566258 121928.000000000000000000
0.074233195385248751 0.000050450605552570 122105.000000000000000000
0.074233164616301417 0.000050438994679959 122274.000000000000000000
0.074233133851874952 0.000050427418907952 122450.000000000000000000
0.074233103091952052 0.000050415878173683 122617.000000000000000000
0.074233072336519296 0.000050404372437146 122793.000000000000000000
0.074233041585559517 0.000050392901633078 122962.000000000000000000
0.074233010839059504 0.000050381465724668 123136.000000000000000000
0.074232980097002105 0.000050370064647623 123305.000000000000000000
0.074232949359373801 0.000050358698361110 123484.000000000000000000
0.074232918626157676 0.000050347366805058 123659.000000000000000000
0.074232887897340283 0.000050336069937986 123838.000000000000000000
0.074232857172904593 0.000050324807698493 124015.000000000000000000
0.074232826452837394 0.000050313580047932 124194.000000000000000000
0.074232795737121687 0.000050302386923631 124369.000000000000000000
0.074232765025744329 0.000050291228288193 124548.000000000000000000
0.074232734318688320 0.000050280104078898 124717.000000000000000000
0.074232703615940601 0.000050269014258268 124890.000000000000000000
0.074232672917484144 0.000050257958764280 125063.000000000000000000
0.074232642223306000 0.000050246937560197 125239.000000000000000000
0.074232611533389226 0.000050235950583939 125408.000000000000000000
0.074232580847720692 0.000050224997798182 125587.000000000000000000
0.074232550166283662 0.000050214079142429 125757.000000000000000000
0.074232519489065230 0.000050203194580611 125934.000000000000000000
0.074232488816048339 0.000050192344050120 126106.000000000000000000
0.074232458147220182 0.000050181527514966 126283.000000000000000000
0.074232427482564020 0.000050170744914806 126456.000000000000000000
0.074232396822067032 0.000050159996214826 126633.000000000000000000
0.074232366165712521 0.000050149281353759 126805.000000000000000000
0.074232335513487513 0.000050138600294878 126982.000000000000000000
0.074232304865375437 0.000050127952980831 127156.000000000000000000
0.074232274221363428 0.000050117339373283 127335.000000000000000000
0.074232243581434904 0.000050106759414048 127523.000000000000000000
0.074232212945577081 0.000050096213067953 127706.000000000000000000
0.074232182313773126 0.000050085700274656 127884.000000000000000000
0.074232151686010647 0.000050075221001201 128067.000000000000000000
0.074232121062272907 0.000050064775186265 128248.000000000000000000
0.074232090442547458 0.000050054362798277 128429.000000000000000000
0.074232059826817631 0.000050043983776535 128603.000000000000000000
0.074232029215070966 0.000050033638086246 128786.000000000000000000
0.074231998607290850 0.000050023325670762 128961.000000000000000000
0.074231968003464571 0.000050013046494255 129144.000000000000000000
0.074231937403575865 0.000050002800500419 129324.000000000000000000
0.074231906807612186 0.000049992587655661 129511.000000000000000000
0.074231876215557047 0.000049982407899463 129691.000000000000000000
0.074231845627398207 0.000049972261201963 129884.000000000000000000
0.074231815043119154 0.000049962147503691 130067.000000000000000000
0.074231784462707326 0.000049952066771528 130256.000000000000000000
0.074231753886146612 0.000049942018950031 130442.000000000000000000
0.074231723313424425 0.000049932004004418 130621.000000000000000000

