Residual Convergence speed Computational time
0.1250039452514314 0.0514211226586185 12.0000000000000000
0.1248752657104261 0.2601121855612086 16.0000000000000000
0.1249794061920550 0.3330496377964065 20.0000000000000000
0.1240409074527803 0.6193163954930667 25.0000000000000000
0.1224971570406640 0.6545575927491872 39.0000000000000000
0.1208693558644161 0.7589715782034060 47.0000000000000000
0.1191576440822233 0.8598688214995679 53.0000000000000000
0.1173444928936110 0.9566652355875235 63.0000000000000000
0.1154148292385678 1.0487079697151498 73.0000000000000000
0.1133612344312978 1.1353271265776810 81.0000000000000000
0.1111836198619555 1.2158665245554203 91.0000000000000000
0.1088874606152151 1.2897019242867884 98.0000000000000000
0.1064820450619944 1.3562537746918231 105.0000000000000000
0.1039791219896360 1.4149982114310946 114.0000000000000000
0.1013919420286212 1.4654782414641065 121.0000000000000000
0.0987345975898882 1.5453429673983976 131.0000000000000000
0.0960215634933882 1.5755380391438796 140.0000000000000000
0.0932673704094867 1.5965102891936980 156.0000000000000000
0.0904863611083116 1.6082264512547204 200.0000000000000000
0.0876925055611552 1.6107892723283441 215.0000000000000000
0.0848992557576886 1.6044491413229112 234.0000000000000000
0.0821194313607961 1.5896145845250684 257.0000000000000000
0.0793651303426497 1.5668611007046749 268.0000000000000000
0.0766476598950422 1.5442133032517005 289.0000000000000000
0.0739774828353006 1.5068377012885485 301.0000000000000000
0.0713641837553691 1.4668623700890258 315.0000000000000000
0.0688164357542508 1.4222264621753440 333.0000000000000000
0.0663419892871847 1.3731901847516153 348.0000000000000000
0.0639476626101435 1.3237151720862186 368.0000000000000000
0.0616393426184576 1.2755150152953865 380.0000000000000000
0.0594219899121816 1.2303414252053555 574.0000000000000000
0.0572996544593602 1.1899027124055097 722.0000000000000000
0.0552754953456944 1.1557573642948098 771.0000000000000000
0.0533518085001386 1.1291901467370276 789.0000000000000000
0.0515300605403070 1.1110887913365157 805.0000000000000000
0.0498109300343677 1.1018487615000803 820.0000000000000000
0.0481943528966274 1.1013338589001263 834.0000000000000000
0.0466795754707525 1.1089079738158152 857.0000000000000000
0.0452652111033606 1.1235314912614811 873.0000000000000000
0.0439493004829005 1.1438969390738933 889.0000000000000000
0.0427293751538720 1.1685714480577565 950.0000000000000000
0.0416025223006802 1.1961198769024817 967.0000000000000000
0.0405654498398238 1.2251952381955620 986.0000000000000000
0.0396145516195431 1.2545949031142254 1036.0000000000000000
0.0387459694706812 1.2832882483370591 1063.0000000000000000
0.0379556541932022 1.3104237023970851 1086.0000000000000000
0.0372394222575854 1.3353227236704883 1109.0000000000000000
0.0365930086504425 1.3574664341136395 1130.0000000000000000
0.0360121152593931 1.3764788391830387 1155.0000000000000000
0.0354924549508798 1.3921090716436439 1175.0000000000000000
0.0350297890157313 1.4042139027597669 1198.0000000000000000
0.0346199613500939 1.4127414600207091 1222.0000000000000000
0.0342589273711985 1.4177163630535090 1259.0000000000000000
0.0339427767088760 1.4192260330286608 1282.0000000000000000
0.0336677530631843 1.4174088545408972 1299.0000000000000000
0.0334302683644468 1.4124432228428017 1317.0000000000000000
0.0332269156462356 1.4045388714125391 1334.0000000000000000
0.0330544735991367 1.3939272576865729 1355.0000000000000000
0.0329099130333364 1.3808556866873614 1375.0000000000000000
0.0327903971845692 1.3655799876700718 1393.0000000000000000
0.0326932817813244 1.3483599978267538 1416.0000000000000000
0.0319854716598063 1.1154205313609977 1432.0000000000000000
0.0307487495864786 0.7999508724204279 1453.0000000000000000
0.0288467899406980 0.3626458098318625 1472.0000000000000000
0.0276582715456748 1.6422785946037948 1493.0000000000000000
0.0294955134732075 2.2385945158439493 1522.0000000000000000
0.0312167255336323 2.5547310744408116 1550.0000000000000000
0.0322121487360366 2.6930405286883516 1574.0000000000000000
0.0326705838925604 2.7432982812802136 1593.0000000000000000
0.0328223348625042 2.7515609209299643 1615.0000000000000000
0.0328160241580202 2.7396815141345594 1635.0000000000000000
0.0327339073800514 2.7181282983448849 1659.0000000000000000
0.0326187590013640 2.6919976874405198 1682.0000000000000000
0.0324921136200008 2.6638127870404449 1754.0000000000000000
0.0323644961853300 2.6348194002930079 1789.0000000000000000
0.0322408672816952 2.6056366289999326 1810.0000000000000000
0.0321234015649024 2.5765681254832331 1832.0000000000000000
0.0320128886111620 2.5477575632211265 1853.0000000000000000
0.0319094415751257 2.5192689849684498 1873.0000000000000000
0.0318128917551889 2.4911400387108111 1897.0000000000000000
0.0317228153894713 2.4633481633828782 1924.0000000000000000
0.0316388628215919 2.4359167139976048 1949.0000000000000000
0.0315606133658083 2.4088324160670980 1971.0000000000000000
0.0314876552479243 2.3820873284326991 1996.0000000000000000
0.0314195941773055 2.3556735812770806 2019.0000000000000000
0.0313560583925922 2.3295844008291304 2040.0000000000000000
0.0312967006460588 2.3038144709455639 2066.0000000000000000
0.0312411753381693 2.2783529869258441 2096.0000000000000000
0.0311891838572896 2.2531997817400091 2127.0000000000000000
0.0311404482154092 2.2283532546164992 2163.0000000000000000
0.0310280233719712 2.1841334070493530 2191.0000000000000000
0.0306230832067230 2.0604742884867400 2222.0000000000000000
0.0301295545419599 1.9416204932190222 2407.0000000000000000
0.0296598236859131 1.8396649071769240 2465.0000000000000000
0.0290118613538745 1.6841656593372893 2494.0000000000000000
0.0282104708068000 1.5027203162078355 2539.0000000000000000
0.0272963027083249 1.3053256896729131 2568.0000000000000000
0.0261315553801891 1.0516135395956898 2604.0000000000000000
0.0246565862268708 0.7410503620849259 2631.0000000000000000
0.0227663806342486 0.3610788956090940 2669.0000000000000000
0.0207468203787783 0.1812951108607359 2704.0000000000000000
0.0196167925406858 0.4679996948082756 2731.0000000000000000
0.0238921238961622 0.3393561646344665 2756.0000000000000000
0.0243048444529643 0.3381921726180105 2785.0000000000000000
0.0355243718083415 2.2411039112617277 2815.0000000000000000
0.0483509958806071 2.9075688260807295 2844.0000000000000000
0.0470513113502820 3.2051043762898472 2872.0000000000000000
0.0456046078807879 2.3990547881535047 2904.0000000000000000
0.0455550468454670 1.9964937608414461 2948.0000000000000000
0.0455035322827818 1.9080325376800651 2983.0000000000000000
0.0423198994934484 2.4456842537897332 3021.0000000000000000
0.0401014943833228 2.1508534513879467 3068.0000000000000000
0.0389365216853021 1.9923111026689437 3105.0000000000000000
0.0379082481666946 2.0323036138564055 3139.0000000000000000
0.0361888880271416 1.3724337610534065 3166.0000000000000000
0.0354780776621551 1.1978355615761009 3205.0000000000000000
0.0335466153653677 0.9530263371317071 3283.0000000000000000
0.0314077538079093 1.0154526744573225 3319.0000000000000000
0.0233731684490603 0.1547068493857025 3350.0000000000000000
0.0234871835288183 0.1747627557811832 3383.0000000000000000
0.0201245431918872 0.6096884788133591 3417.0000000000000000
0.0226215990680908 0.1612603929342632 3460.0000000000000000
0.0310197312158180 0.4406394198539050 3499.0000000000000000
0.0394101070622645 0.9103064927290523 3540.0000000000000000
0.0432863843791922 1.1764974920763844 3577.0000000000000000
0.0449833995422677 1.3913134430010727 3755.0000000000000000
0.0449432344623284 1.3895745100176280 3799.0000000000000000
0.0456569848139545 1.4266075384286396 3832.0000000000000000
0.0467828637075198 1.4462105532770773 3896.0000000000000000
0.0457387306539202 1.4921928414116465 3948.0000000000000000
0.0431544422565159 1.7379780992217060 3981.0000000000000000
0.0419408475006594 1.5767827602336826 4038.0000000000000000
0.0413010507304580 1.4904146112824892 4086.0000000000000000
0.0408915929081900 1.4342349211430185 4126.0000000000000000
0.0405782649258332 1.3790351844126421 4167.0000000000000000
0.0403103086485639 1.3056697750606314 4204.0000000000000000
0.0400642016493257 1.2085026578265023 4242.0000000000000000
0.0398432853221001 1.0860333580694139 4305.0000000000000000
0.0396646871346931 0.9403537871086551 4348.0000000000000000
0.0395442653328079 0.7844925750843257 4383.0000000000000000
0.0394958066770896 0.6417254040034958 4447.0000000000000000
0.0388722127493144 0.4404124431442608 4488.0000000000000000
0.0378506572566955 0.3479408280637288 4525.0000000000000000
0.0358644827430659 0.1358553557298666 4565.0000000000000000
0.0328228664333895 0.2427804718883711 4607.0000000000000000
0.0320940460894500 0.2626896802723357 4661.0000000000000000
0.0309409739309592 0.3371148532888188 4715.0000000000000000
0.0306946973876143 0.5179028925658706 4757.0000000000000000
0.0341324846134994 0.5750609716896810 4818.0000000000000000
0.0440426901345912 1.3134271943290110 4882.0000000000000000
0.0311794703296054 1.0767811276883270 4938.0000000000000000
0.0276376261932027 0.2136909363713623 4975.0000000000000000
0.0274924834388924 0.0557363140664781 5019.0000000000000000
0.0260702544667317 0.0645027758876453 5074.0000000000000000
0.0237145422475430 0.8453159137997934 5120.0000000000000000
0.0230779385118414 0.2887729999178825 5167.0000000000000000
0.0211220417459441 0.0359358565108802 5209.0000000000000000
0.0196477486840991 0.5367482867655130 5251.0000000000000000
0.0167575221844370 1.0132902039553027 5291.0000000000000000
0.0147534889845571 0.3872459135619808 5339.0000000000000000
0.0147471233390325 0.4147258919867096 5386.0000000000000000
0.0134553056006973 0.2428373836622322 5464.0000000000000000
0.0151100850518647 0.4525782485447670 5564.0000000000000000
0.0134687849959563 0.0720434214796605 5643.0000000000000000
0.0137233327429414 0.0742365802026460 5720.0000000000000000
0.0132951342648296 0.0621316653684696 5805.0000000000000000
0.0127493145126933 0.0737784542247825 5882.0000000000000000
0.0127101048853738 0.0734897834572771 5966.0000000000000000
0.0127282098919551 0.0759805180492891 6053.0000000000000000
0.0127620156601324 0.0813401482750005 6133.0000000000000000
0.0128103205569959 0.0896712562297321 6216.0000000000000000
0.0128782367659708 0.1007730642563186 6294.0000000000000000
0.0129714517249908 0.1141137508450743 6376.0000000000000000
0.0130947412889819 0.1288407890805259 6461.0000000000000000
0.0132512447439376 0.1438546522475502 6634.0000000000000000
0.0134418828253987 0.1579649261015264 6734.0000000000000000
0.0136649835964375 0.1700996670212979 6817.0000000000000000
0.0136633152609323 0.1684192847099578 6902.0000000000000000
0.0134455390323076 0.1358374804122853 6986.0000000000000000
0.0133096720339430 0.1231337924969958 7071.0000000000000000
0.0132158438345813 0.1114191214275101 7153.0000000000000000
0.0131470843310919 0.0998100088645882 7236.0000000000000000
0.0130966769438204 0.0876711414630209 7321.0000000000000000
0.0130196041560955 0.0683858136156161 7404.0000000000000000
0.0129197583198303 0.0475355366813934 7489.0000000000000000
0.0128108550063162 0.0373779838263219 7571.0000000000000000
0.0126892176236573 0.0740708675380890 7659.0000000000000000
0.0126805990734455 0.1699099187331491 7753.0000000000000000
0.0126242452196614 0.1690212520655148 7898.0000000000000000
0.0136244874178783 0.4127672919491890 7988.0000000000000000
0.0136180051840451 0.2838216294236359 8075.0000000000000000
0.0135858169096403 0.2741801736758411 8169.0000000000000000
0.0135714744621313 0.3022458063861019 8255.0000000000000000
0.0135764744755734 0.3307315351254261 8340.0000000000000000
0.0136087592425789 0.3705461329568319 8431.0000000000000000
0.0136720330280658 0.4216386770102014 8523.0000000000000000
0.0137688176562642 0.4833761621914587 8608.0000000000000000
0.0139018073106071 0.5546005548628505 8705.0000000000000000
0.0140744031426325 0.6336483005336603 8793.0000000000000000
0.0142908525790930 0.7182864389415797 8880.0000000000000000
0.0145561350996284 0.8054825382263003 8970.0000000000000000
0.0148755339534647 0.8910311120536027 9063.0000000000000000
0.0149153805351790 0.9110019333683433 9191.0000000000000000
0.0146163013341313 0.7792122997425821 9291.0000000000000000
0.0144621923994280 0.7512915970146732 9383.0000000000000000
0.0143810007136603 0.7297782459199075 9489.0000000000000000
0.0143406107556188 0.7119310565072190 9583.0000000000000000
0.0143213307296211 0.6970579969206089 9675.0000000000000000
0.0143078962470374 0.6908968981043049 9768.0000000000000000
0.0142991588852860 0.6857633070732316 9860.0000000000000000
0.0143046030447758 0.6716946736703344 9957.0000000000000000
0.0143249578993393 0.6538503521208857 10048.0000000000000000
0.0143404326341180 0.6471435074867961 10152.0000000000000000
0.0143447997488038 0.6426152414050624 10250.0000000000000000
0.0143101695118796 0.6350095963531066 10344.0000000000000000
0.0142695499014478 0.6253344434582839 10442.0000000000000000
0.0142359144433462 0.6184842436656396 10540.0000000000000000
0.0142054715718916 0.6101772912873408 10642.0000000000000000
0.0141764357635337 0.6019418856650851 10738.0000000000000000
0.0141479240024818 0.5936993046693353 10840.0000000000000000
0.0141195087566901 0.5854133942508571 10968.0000000000000000
0.0140909953034007 0.5770705255248855 11066.0000000000000000
0.0140623083463369 0.5686685326712653 11166.0000000000000000
0.0140334337184531 0.5602107929651050 11265.0000000000000000
0.0140043883201217 0.5517031134099795 11367.0000000000000000
0.0139752046387307 0.5431521175692728 11484.0000000000000000
0.0139459228404495 0.5345644117180910 11587.0000000000000000
0.0139165868034233 0.5259461710309037 11704.0000000000000000
0.0138872422566416 0.5173029417463760 11804.0000000000000000
0.0138585968948543 0.5095420792139366 11903.0000000000000000
0.0138309058386662 0.5024894203191429 12002.0000000000000000
0.0138038205246453 0.4954703558772403 12107.0000000000000000
0.0137771726184899 0.4884661045444207 12217.0000000000000000
0.0137508843721457 0.4814687018449212 12323.0000000000000000
0.0137249244339846 0.4744750906120564 12432.0000000000000000
0.0136992851355747 0.4674846512260111 12543.0000000000000000
0.0136739709197910 0.4604977444459925 12650.0000000000000000
0.0136489925080926 0.4535151378252782 12754.0000000000000000
0.0136243639496859 0.4465377349840078 12865.0000000000000000
0.0136001012252874 0.4395664685031936 12989.0000000000000000
0.0135762216398229 0.4326022707616771 13099.0000000000000000
0.0135527436499210 0.4256460754844268 13203.0000000000000000
0.0135296868258316 0.4186988654302000 13316.0000000000000000
0.0135070720386006 0.4117616673200794 13427.0000000000000000
0.0134849216922920 0.4048355789103318 13551.0000000000000000
0.0134632598467707 0.3979218351803486 13668.0000000000000000
0.0134421124875764 0.3910217984022163 13788.0000000000000000
0.0134215077807873 0.3841369872244133 13906.0000000000000000
0.0134014763079514 0.3772691010669960 14047.0000000000000000
0.0133820513177813 0.3704200354760281 14155.0000000000000000
0.0133632689876213 0.3635918998623343 14273.0000000000000000
0.0133451686825594 0.3567870342897657 14390.0000000000000000
0.0133277932192792 0.3500080353467184 14504.0000000000000000
0.0133111891212274 0.3432577714699270 14626.0000000000000000
0.0132954068996250 0.3365394223170566 14742.0000000000000000
0.0132805013112111 0.3298564999620332 14854.0000000000000000
0.0132665316224311 0.3232129025522709 14968.0000000000000000
0.0132535618520903 0.3166129536699937 15083.0000000000000000
0.0132416610770112 0.3100615092449409 15199.0000000000000000
0.0132309035675318 0.3035639612309207 15323.0000000000000000
0.0132213690624260 0.2971263987667685 15438.0000000000000000
0.0132131429337194 0.2907556910557038 15557.0000000000000000
0.0132063163241398 0.2844596169449111 15681.0000000000000000
0.0132009862513379 0.2782470153381083 15799.0000000000000000
0.0131972556532296 0.2721279470441723 15918.0000000000000000
0.0131952333733955 0.2661138745443911 16033.0000000000000000
0.0131950336799513 0.2602177416270505 16151.0000000000000000
0.0131818473545353 0.2513235250511930 16271.0000000000000000
0.0131564251846411 0.2415935160483358 16388.0000000000000000
0.0131180009813130 0.2290262520456778 16505.0000000000000000
0.0130636326175823 0.2123242305978049 16624.0000000000000000
0.0129875541632063 0.1861822595770690 16744.0000000000000000
0.0128752559825579 0.1386575228801157 16875.0000000000000000
0.0127071064218043 0.0697513157027556 16993.0000000000000000
0.0125321547661859 0.0701460833961533 17126.0000000000000000
0.0125057053640046 0.1134900351413009 17242.0000000000000000
0.0124811385118551 0.1589129357618695 17414.0000000000000000
0.0127399518078863 0.3406051593948119 17535.0000000000000000
0.0127876783981196 0.2921478025192778 17657.0000000000000000
0.0127986695158010 0.2833934150428729 17771.0000000000000000
0.0127964960437741 0.2854899884188243 17889.0000000000000000
0.0127912187027372 0.2897719188072737 18011.0000000000000000
0.0127879472273150 0.2967860329273651 18136.0000000000000000
0.0127892161009877 0.3069388593477140 18255.0000000000000000
0.0127964265629374 0.3206206882194102 18387.0000000000000000
0.0128106090308551 0.3382396941585263 18508.0000000000000000
0.0128328172660354 0.3602128246350429 18667.0000000000000000
0.0128643454620573 0.3869284953579248 18799.0000000000000000
0.0129068681232780 0.4186871364338527 18925.0000000000000000
0.0128517056013601 0.3323518775839925 19054.0000000000000000
0.0127423851030068 0.2325762750854054 19184.0000000000000000
0.0126324084097928 0.1560939760965469 19303.0000000000000000
0.0124809210607776 0.0523855530298139 19430.0000000000000000
0.0123685671666799 0.0054324762578539 19551.0000000000000000
0.0123437505965977 0.0086122929097953 19690.0000000000000000
0.0123391406409045 0.0069511266570029 19819.0000000000000000
0.0123356115337027 0.0064607981634171 19948.0000000000000000
0.0123333749398074 0.0054046575522452 20070.0000000000000000
0.0123316851088392 0.0046904012271445 20218.0000000000000000
0.0123302698545565 0.0043156892728788 20343.0000000000000000
0.0123290594625142 0.0040453627669570 20471.0000000000000000
0.0123280213557872 0.0037498575942517 20598.0000000000000000
0.0123271175590259 0.0034477525435457 20724.0000000000000000
0.0123263182391215 0.0031979261920591 20846.0000000000000000
0.0123256031121842 0.0030041918742100 20974.0000000000000000
0.0123249578866520 0.0028349859551417 21103.0000000000000000
0.0123243715560977 0.0026740454934365 21240.0000000000000000
0.0123238351888250 0.0025269696249770 21382.0000000000000000
0.0123233416401834 0.0023990466086056 21512.0000000000000000
0.0123228851959388 0.0022864985903700 21644.0000000000000000
0.0123224612088330 0.0021838717556529 21779.0000000000000000
0.0123220658056592 0.0020895280262433 21915.0000000000000000
0.0123216957215373 0.0020038023338733 22042.0000000000000000
0.0123213481940828 0.0019261733029055 22190.0000000000000000
0.0123210208708433 0.0018552977778958 22338.0000000000000000
0.0123207117288607 0.0017901404211211 22466.0000000000000000
0.0123204190135480 0.0017302024844633 22606.0000000000000000
0.0123201411947330 0.0016751012299116 22741.0000000000000000
0.0123198769319491 0.0016243608547172 22878.0000000000000000
0.0123196250449280 0.0015775122435467 23012.0000000000000000
0.0123193844893179 0.0015341865310405 23143.0000000000000000
0.0123191543369839 0.0014940875945600 23304.0000000000000000
0.0123189337602007 0.0014569433948406 23438.0000000000000000
0.0123187220181646 0.0014224969979602 23569.0000000000000000
0.0123185184458267 0.0013905187939543 23717.0000000000000000
0.0123183224442735 0.0013608070306509 23853.0000000000000000
0.0123181334726846 0.0013331802874668 23990.0000000000000000
0.0123179510414852 0.0013074725093577 24129.0000000000000000
0.0123177747064038 0.0012835317440138 24270.0000000000000000
0.0123176040633788 0.0012612196776199 24414.0000000000000000
0.0123174387441436 0.0012404101116028 24548.0000000000000000
0.0123172784123840 0.0012209872336570 24683.0000000000000000
0.0123171227604040 0.0012028445613443 24838.0000000000000000
0.0123169715061710 0.0011858840259868 24973.0000000000000000
0.0123168243907367 0.0011700152581979 25141.0000000000000000
0.0123166811759740 0.0011551549682027 25301.0000000000000000
0.0123165416425585 0.0011412262473557 25439.0000000000000000
0.0123164055881585 0.0011281578817382 25575.0000000000000000
0.0123162728259458 0.0011158844638092 25724.0000000000000000
0.0123161431830552 0.0011043451516199 25888.0000000000000000
0.0123160164993772 0.0010934836605078 26023.0000000000000000
0.0123158926264348 0.0010832480724582 26166.0000000000000000
0.0123157714263603 0.0010735903975747 26307.0000000000000000
0.0123156527709610 0.0010644661096347 26446.0000000000000000
0.0123155365409840 0.0010558344372610 26583.0000000000000000
0.0123154226252449 0.0010476572487654 26724.0000000000000000
0.0123153109200324 0.0010398994242512 26866.0000000000000000
0.0123152013285082 0.0010325286793516 27018.0000000000000000
0.0123150937601416 0.0010255151643615 27155.0000000000000000
0.0123149881302102 0.0010188312880284 27298.0000000000000000
0.0123148843593421 0.0010124515991786 27439.0000000000000000
0.0123147823731087 0.0010063526471343 27583.0000000000000000
0.0123146821016472 0.0010005128291130 27722.0000000000000000
0.0123145834793070 0.0009949122514596 27905.0000000000000000
0.0123144864443212 0.0009895324776572 28048.0000000000000000
0.0123143909385781 0.0009843567521129 28224.0000000000000000
0.0123142969072967 0.0009793694982629 28377.0000000000000000
0.0123142042988128 0.0009745564049912 28520.0000000000000000
0.0123141130643574 0.0009699043666707 28662.0000000000000000
0.0123140231578487 0.0009654013340572 28805.0000000000000000
0.0123139345356954 0.0009610361681389 28949.0000000000000000
0.0123138471566406 0.0009567987370656 29119.0000000000000000
0.0123137609816204 0.0009526797447793 29268.0000000000000000
0.0123136759735516 0.0009486705069684 29438.0000000000000000
0.0123135920972673 0.0009447632216955 29587.0000000000000000
0.0123135093193586 0.0009409506862267 29743.0000000000000000
0.0123134276080512 0.0009372262272732 29892.0000000000000000
0.0123133469331327 0.0009335838028854 30039.0000000000000000
0.0123132672658254 0.0009300178643741 30204.0000000000000000
0.0123131885787033 0.0009265233093390 30349.0000000000000000
0.0123131108456093 0.0009230954706137 30501.0000000000000000
0.0123130340415762 0.0009197300759966 30658.0000000000000000
0.0123129581427527 0.0009164232039216 30816.0000000000000000
0.0123128831263377 0.0009131712673819 30981.0000000000000000
0.0123128089705164 0.0009099709827080 31165.0000000000000000
0.0123127356544028 0.0009068193404994 31339.0000000000000000
0.0123126631579774 0.0009037135137182 31504.0000000000000000
0.0123125914620760 0.0009006511745725 31691.0000000000000000
0.0123125205482722 0.0008976298779634 31871.0000000000000000
0.0123124503988873 0.0008946474782915 32051.0000000000000000
0.0123123809969353 0.0008917020684025 32264.0000000000000000
0.0123123123260841 0.0008887918840203 32428.0000000000000000
0.0123122443706196 0.0008859152871908 32606.0000000000000000
0.0123121771154134 0.0008830707777344 32787.0000000000000000
0.0123121105458909 0.0008802569850910 32961.0000000000000000
0.0123120446479998 0.0008774726389928 33135.0000000000000000
0.0123119794081944 0.0008747166090158 33311.0000000000000000
0.0123119148133930 0.0008719878151815 33481.0000000000000000
0.0123118508509652 0.0008692852748235 33651.0000000000000000
0.0123117875087072 0.0008666080908196 33825.0000000000000000
0.0123117247748200 0.0008639554334663 33999.0000000000000000
0.0123116626378916 0.0008613265416858 34182.0000000000000000
0.0123116010868751 0.0008587206993923 34345.0000000000000000
0.0123115401110698 0.0008561372371676 34512.0000000000000000
0.0123114797001218 0.0008535755860519 34683.0000000000000000
0.0123114198439819 0.0008510351619463 34852.0000000000000000
0.0123113605329087 0.0008485154344918 35034.0000000000000000
0.0123113017574496 0.0008460159142915 35204.0000000000000000
0.0123112435084367 0.0008435361924541 35372.0000000000000000
0.0123111857769580 0.0008410758101785 35543.0000000000000000
