Residual Convergence speed Computational time
0.1255724697563940 0.0514211226586185 9.0000000000000000
0.1256058999543583 0.2601121855612086 15.0000000000000000
0.1260653824853893 0.3330496377964065 21.0000000000000000
0.1254899345654910 0.6193163954930667 35.0000000000000000
0.1243255039506721 0.6545575927491872 40.0000000000000000
0.1230895251071803 0.7589715782034060 53.0000000000000000
0.1217731896540123 0.8598688214995679 59.0000000000000000
0.1203587852357802 0.9566652355875235 71.0000000000000000
0.1188312613296346 1.0487079697151498 77.0000000000000000
0.1171808471555807 1.1353271265776810 90.0000000000000000
0.1154071659859053 1.2158665245554203 101.0000000000000000
0.1135167009158459 1.2897019242867884 108.0000000000000000
0.1115180939397552 1.3562537746918231 118.0000000000000000
0.1094223529584828 1.4149982114310946 143.0000000000000000
0.1072424433621931 1.4654782414641065 151.0000000000000000
0.1049925542975704 1.5453429673983976 160.0000000000000000
0.1026869821636576 1.5755380391438796 168.0000000000000000
0.1003404051844349 1.5965102891936980 177.0000000000000000
0.0979671783388632 1.6082264512547204 185.0000000000000000
0.0955811053691368 1.6107892723283441 199.0000000000000000
0.0931959983126529 1.6044491413229112 210.0000000000000000
0.0908245681364253 1.5896145845250684 221.0000000000000000
0.0884786613720674 1.5668611007046749 244.0000000000000000
0.0861695851950710 1.5442133032517005 288.0000000000000000
0.0839078024154086 1.5068377012885485 299.0000000000000000
0.0817028976201637 1.4668623700890258 315.0000000000000000
0.0795635439048268 1.4222264621753440 326.0000000000000000
0.0774974917254143 1.3731901847516153 340.0000000000000000
0.0755115593369472 1.3237151720862186 354.0000000000000000
0.0736117220443152 1.2755150152953865 366.0000000000000000
0.0718029545067887 1.2303414252053555 383.0000000000000000
0.0700892042215344 1.1899027124055097 400.0000000000000000
0.0684736302753468 1.1557573642948098 423.0000000000000000
0.0669586283176536 1.1291901467370276 576.0000000000000000
0.0655455862837619 1.1110887913365157 744.0000000000000000
0.0642351964549478 1.1018487615000803 759.0000000000000000
0.0630274048408734 1.1013338589001263 773.0000000000000000
0.0619214129386386 1.1089079738158152 792.0000000000000000
0.0609158340947576 1.1235314912614811 810.0000000000000000
0.0600087089987306 1.1438969390738933 831.0000000000000000
0.0591975691945419 1.1685714480577565 851.0000000000000000
0.0584795018650590 1.1961198769024817 999.0000000000000000
0.0578512149294913 1.2251952381955620 1020.0000000000000000
0.0573091022330252 1.2545949031142254 1041.0000000000000000
0.0568493056077551 1.2832882483370591 1059.0000000000000000
0.0564677758537545 1.3104237023970851 1086.0000000000000000
0.0561603294415636 1.3353227236704883 1107.0000000000000000
0.0559227013592202 1.3574664341136395 1132.0000000000000000
0.0557505934917862 1.3764788391830387 1151.0000000000000000
0.0556397187092996 1.3921090716436439 1171.0000000000000000
0.0555858382985868 1.4042139027597669 1190.0000000000000000
0.0555847961572663 1.4127414600207091 1215.0000000000000000
0.0556325477028816 1.4177163630535090 1237.0000000000000000
0.0557251825645061 1.4192260330286608 1268.0000000000000000
0.0558589444424373 1.4174088545408972 1286.0000000000000000
0.0560302452513761 1.4124432228428017 1306.0000000000000000
0.0562356780566423 1.4045388714125391 1324.0000000000000000
0.0564720215323268 1.3939272576865729 1342.0000000000000000
0.0567362464990995 1.3808556866873614 1387.0000000000000000
0.0570255161782095 1.3655799876700718 1404.0000000000000000
0.0573371863000662 1.3483599978267538 1459.0000000000000000
0.0570220619704193 1.1154205313609977 1487.0000000000000000
0.0561616042542261 0.7999508724204279 1506.0000000000000000
0.0546391927907257 0.3626458098318625 1526.0000000000000000
0.0539258781750291 1.6422785946037948 1542.0000000000000000
0.0562395966195312 2.2385945158439493 1560.0000000000000000
0.0584074151693344 2.5547310744408116 1577.0000000000000000
0.0598340388667173 2.6930405286883516 1603.0000000000000000
0.0607146857438087 2.7432982812802136 1623.0000000000000000
0.0612842467065972 2.7515609209299643 1643.0000000000000000
0.0616937896841855 2.7396815141345594 1684.0000000000000000
0.0620262236366839 2.7181282983448849 1733.0000000000000000
0.0623249744057156 2.6919976874405198 1766.0000000000000000
0.0626119024858680 2.6638127870404449 1789.0000000000000000
0.0628977030351396 2.6348194002930079 1808.0000000000000000
0.0631874495896044 2.6056366289999326 1833.0000000000000000
0.0634833171660196 2.5765681254832331 1865.0000000000000000
0.0637861164236789 2.5477575632211265 1922.0000000000000000
0.0640959710127699 2.5192689849684498 1957.0000000000000000
0.0644127180198848 2.4911400387108111 2020.0000000000000000
0.0647359351614956 2.4633481633828782 2051.0000000000000000
0.0650652749015591 2.4359167139976048 2073.0000000000000000
0.0654003171535534 2.4088324160670980 2095.0000000000000000
0.0657406504427599 2.3820873284326991 2120.0000000000000000
0.0660858806295291 2.3556735812770806 2153.0000000000000000
0.0664356360536737 2.3295844008291304 2217.0000000000000000
0.0667895695729687 2.3038144709455639 2249.0000000000000000
0.0671473353645512 2.2783529869258441 2274.0000000000000000
0.0675086349838104 2.2531997817400091 2297.0000000000000000
0.0678731906223133 2.2283532546164992 2319.0000000000000000
0.0681741198897397 2.1841334070493530 2342.0000000000000000
0.0681828104345875 2.0604742884867400 2370.0000000000000000
0.0681029926389227 1.9416204932190222 2397.0000000000000000
0.0680470312354247 1.8396649071769240 2434.0000000000000000
0.0678130042675437 1.6841656593372893 2468.0000000000000000
0.0674256969512796 1.5027203162078355 2494.0000000000000000
0.0669256788616692 1.3053256896729131 2523.0000000000000000
0.0661752416584761 1.0516135395956898 2553.0000000000000000
0.0651147685442058 0.7410503620849259 2605.0000000000000000
0.0636392316165336 0.3610788956090940 2640.0000000000000000
0.0620385814543432 0.1812951108607359 2670.0000000000000000
0.0613374675778037 0.4679996948082756 2701.0000000000000000
0.0660449827527505 0.3393561646344665 2726.0000000000000000
0.0668220973397605 0.3381921726180105 2751.0000000000000000
0.0777972935404843 2.2411039112617277 2776.0000000000000000
0.0907410684949749 2.9075688260807295 2803.0000000000000000
0.0898927537173214 3.2051043762898472 2838.0000000000000000
0.0889024415704376 2.3990547881535047 2882.0000000000000000
0.0893157412535752 1.9964937608414461 2920.0000000000000000
0.0897233939802115 1.9080325376800651 2950.0000000000000000
0.0868783045224409 2.4456842537897332 2978.0000000000000000
0.0850418147920135 2.1508534513879467 3007.0000000000000000
0.0843215525508067 1.9923111026689437 3036.0000000000000000
0.0837493254980005 2.0323036138564055 3068.0000000000000000
0.0824608203938588 1.3724337610534065 3106.0000000000000000
0.0822064987906449 1.1978355615761009 3138.0000000000000000
0.0806508500070196 0.9530263371317071 3166.0000000000000000
0.0788391439858512 1.0154526744573225 3195.0000000000000000
0.0710248629215173 0.1547068493857025 3238.0000000000000000
0.0715686895167741 0.1747627557811832 3274.0000000000000000
0.0685733265523102 0.6096884788133591 3311.0000000000000000
0.0712327601461938 0.1612603929342632 3354.0000000000000000
0.0798316393191044 0.4406394198539050 3384.0000000000000000
0.0884467787014262 0.9103064927290523 3417.0000000000000000
0.0925008116873478 1.1764974920763844 3452.0000000000000000
0.0943974883272109 1.3913134430010727 3486.0000000000000000
0.0945861239530603 1.3895745100176280 3520.0000000000000000
0.0955226183697042 1.4266075384286396 3558.0000000000000000
0.0968779569314052 1.4462105532770773 3591.0000000000000000
0.0961103955733517 1.4921928414116465 3625.0000000000000000
0.0937956739161477 1.7379780992217060 3657.0000000000000000
0.0928613628167310 1.5767827602336826 3751.0000000000000000
0.0925160893230220 1.4904146112824892 3789.0000000000000000
0.0924073819827124 1.4342349211430185 3827.0000000000000000
0.0924025884548280 1.3790351844126421 3860.0000000000000000
0.0924500714154270 1.3056697750606314 3893.0000000000000000
0.0925181961495874 1.2085026578265023 3927.0000000000000000
0.0926171887446323 1.0860333580694139 3967.0000000000000000
0.0927638673790970 0.9403537871086551 4008.0000000000000000
0.0929691566326852 0.7844925750843257 4046.0000000000000000
0.0932560421622010 0.6417254040034958 4083.0000000000000000
0.0929529927082788 0.4404124431442608 4121.0000000000000000
0.0922243256965469 0.3479408280637288 4155.0000000000000000
0.0904515207282131 0.1358553557298666 4210.0000000000000000
0.0874882558143143 0.2427804718883711 4256.0000000000000000
0.0869289674053657 0.2626896802723357 4294.0000000000000000
0.0861098904846153 0.3371148532888188 4341.0000000000000000
0.0862255762111869 0.5179028925658706 4378.0000000000000000
0.0897144633202485 0.5750609716896810 4426.0000000000000000
0.0997532347839659 1.3134271943290110 4467.0000000000000000
0.0869772610565669 1.0767811276883270 4511.0000000000000000
0.0836501754957992 0.2136909363713623 4557.0000000000000000
0.0837977893851091 0.0557363140664781 4596.0000000000000000
0.0826574320756750 0.0645027758876453 4639.0000000000000000
0.0805034427003030 0.8453159137997934 4702.0000000000000000
0.0801256717047208 0.2887729999178825 4743.0000000000000000
0.0782513996107396 0.0359358565108802 4784.0000000000000000
0.0767748742848336 0.5367482867655130 4823.0000000000000000
0.0738546938659983 1.0132902039553027 4865.0000000000000000
0.0719287843323922 0.3872459135619808 4910.0000000000000000
0.0720491681192440 0.4147258919867096 4950.0000000000000000
0.0708807143439273 0.2428373836622322 5028.0000000000000000
0.0726735080691716 0.4525782485447670 5102.0000000000000000
0.0711414703363791 0.0720434214796605 5184.0000000000000000
0.0715388400862743 0.0742365802026460 5289.0000000000000000
0.0711670882581988 0.0621316653684696 5381.0000000000000000
0.0705437005772371 0.0737784542247825 5466.0000000000000000
0.0704971803560515 0.0734897834572771 5543.0000000000000000
0.0705400376162951 0.0759805180492891 5642.0000000000000000
0.0706188090322713 0.0813401482750005 5724.0000000000000000
0.0707272439247049 0.0896712562297321 5811.0000000000000000
0.0708635384203278 0.1007730642563186 5896.0000000000000000
0.0710320853345320 0.1141137508450743 5976.0000000000000000
0.0712375856424125 0.1288407890805259 6058.0000000000000000
0.0714782433027737 0.1438546522475502 6151.0000000000000000
0.0717533699062659 0.1579649261015264 6234.0000000000000000
0.0720614487205624 0.1700996670212979 6315.0000000000000000
0.0721396385012887 0.1684192847099578 6403.0000000000000000
0.0719951995943691 0.1358374804122853 6485.0000000000000000
0.0719343396928569 0.1231337924969958 6571.0000000000000000
0.0719163534779421 0.1114191214275101 6661.0000000000000000
0.0719238534027372 0.0998100088645882 6881.0000000000000000
0.0719499141657763 0.0876711414630209 6968.0000000000000000
0.0719449959236341 0.0683858136156161 7054.0000000000000000
0.0719133631454270 0.0475355366813934 7140.0000000000000000
0.0718651189823226 0.0373779838263219 7226.0000000000000000
0.0718117509596181 0.0740708675380890 7309.0000000000000000
0.0718802324517797 0.1699099187331491 7396.0000000000000000
0.0719319817808183 0.1690212520655148 7482.0000000000000000
0.0730564138376164 0.4127672919491890 7569.0000000000000000
0.0731530790347211 0.2838216294236359 7652.0000000000000000
0.0732266523097864 0.2741801736758411 7741.0000000000000000
0.0733142236118917 0.3022458063861019 7825.0000000000000000
0.0734206335574372 0.3307315351254261 7910.0000000000000000
0.0735540808557918 0.3705461329568319 7996.0000000000000000
0.0737193038083631 0.4216386770102014 8082.0000000000000000
0.0739228755145779 0.4833761621914587 8178.0000000000000000
0.0741626117993583 0.5546005548628505 8279.0000000000000000
0.0744419340370165 0.6336483005336603 8400.0000000000000000
0.0747657270673404 0.7182864389415797 8490.0000000000000000
0.0751422794673113 0.8054825382263003 8578.0000000000000000
0.0755737425140084 0.8910311120536027 8682.0000000000000000
0.0757097841906863 0.9110019333683433 8774.0000000000000000
0.0754940918028521 0.7792122997425821 8867.0000000000000000
0.0754269708559542 0.7512915970146732 8961.0000000000000000
0.0754373307338948 0.7297782459199075 9053.0000000000000000
0.0754894022819740 0.7119310565072190 9146.0000000000000000
0.0755642986993149 0.6970579969206089 9240.0000000000000000
0.0756477702618790 0.6908968981043049 9333.0000000000000000
0.0757388212598842 0.6857633070732316 9425.0000000000000000
0.0758400061792952 0.6716946736703344 9520.0000000000000000
0.0759522517499751 0.6538503521208857 9609.0000000000000000
0.0760559090728183 0.6471435074867961 9702.0000000000000000
0.0761456440388633 0.6426152414050624 9798.0000000000000000
0.0761898154155641 0.6350095963531066 9911.0000000000000000
0.0762274646744431 0.6253344434582839 10013.0000000000000000
0.0762727054904348 0.6184842436656396 10108.0000000000000000
0.0763219633431417 0.6101772912873408 10226.0000000000000000
0.0763730404894153 0.6019418856650851 10330.0000000000000000
0.0764282847253161 0.5936993046693353 10424.0000000000000000
0.0764843673806643 0.5854133942508571 10525.0000000000000000
0.0765408038988022 0.5770705255248855 10623.0000000000000000
0.0765970921853168 0.5686685326712653 10719.0000000000000000
0.0766532054370321 0.5602107929651050 10823.0000000000000000
0.0767091542365889 0.5517031134099795 10924.0000000000000000
0.0767649679117060 0.5431521175692728 11025.0000000000000000
0.0768206850495929 0.5345644117180910 11125.0000000000000000
0.0768763487384823 0.5259461710309037 11237.0000000000000000
0.0769324527737438 0.5173029417463760 11352.0000000000000000
0.0769907226475205 0.5095420792139366 11462.0000000000000000
0.0770503788370759 0.5024894203191429 11573.0000000000000000
0.0771103122659163 0.4954703558772403 11686.0000000000000000
0.0771705095568154 0.4884661045444207 11799.0000000000000000
0.0772309797049794 0.4814687018449212 11904.0000000000000000
0.0772917347755785 0.4744750906120564 12142.0000000000000000
0.0773527887939332 0.4674846512260111 12251.0000000000000000
0.0774142220105872 0.4604977444459925 12370.0000000000000000
0.0774760247366528 0.4535151378252782 12477.0000000000000000
0.0775385451410335 0.4465377349840078 12585.0000000000000000
0.0776016486120896 0.4395664685031936 12690.0000000000000000
0.0776669027755047 0.4326022707616771 12800.0000000000000000
0.0777333604457725 0.4256460754844268 12909.0000000000000000
0.0778002392045757 0.4186988654302000 13027.0000000000000000
0.0778675599496518 0.4117616673200794 13136.0000000000000000
0.0779353451219459 0.4048355789103318 13252.0000000000000000
0.0780036187881221 0.3979218351803486 13369.0000000000000000
0.0780724069355420 0.3910217984022163 13490.0000000000000000
0.0781417377341535 0.3841369872244133 13608.0000000000000000
0.0782116417667117 0.3772691010669960 13730.0000000000000000
0.0782821522812325 0.3704200354760281 13844.0000000000000000
0.0783533054543556 0.3635918998623343 13958.0000000000000000
0.0784251406525579 0.3567870342897657 14072.0000000000000000
0.0784977006931426 0.3500080353467184 14185.0000000000000000
0.0785710321003302 0.3432577714699270 14301.0000000000000000
0.0786451853816940 0.3365394223170566 14419.0000000000000000
0.0787202152966154 0.3298564999620332 14536.0000000000000000
0.0787961811113875 0.3232129025522709 14655.0000000000000000
0.0788731468463326 0.3166129536699937 14785.0000000000000000
0.0789515623653017 0.3100615092449409 14901.0000000000000000
0.0790321776079169 0.3035639612309207 15009.0000000000000000
0.0791146310048099 0.2971263987667685 15125.0000000000000000
0.0791985276784556 0.2907556910557038 15240.0000000000000000
0.0792838238712484 0.2844596169449111 15356.0000000000000000
0.0793706166008684 0.2782470153381083 15474.0000000000000000
0.0794590088051908 0.2721279470441723 15601.0000000000000000
0.0795491093276043 0.2661138745443911 15719.0000000000000000
0.0796410324020094 0.2602177416270505 15848.0000000000000000
0.0797183066035521 0.2513235250511930 15959.0000000000000000
0.0797814736811929 0.2415935160483358 16093.0000000000000000
0.0798289236835975 0.2290262520456778 16212.0000000000000000
0.0798567709181224 0.2123242305978049 16463.0000000000000000
0.0798574360778766 0.1861822595770690 16578.0000000000000000
0.0798162990136781 0.1386575228801157 16700.0000000000000000
0.0797065735774608 0.0697513157027556 16833.0000000000000000
0.0795277697423836 0.0701460833961533 16950.0000000000000000
0.0794904137947534 0.1134900351413009 17071.0000000000000000
0.0795498219081875 0.1589129357618695 17192.0000000000000000
0.0798996727417443 0.3406051593948119 17309.0000000000000000
0.0799747602432799 0.2921478025192778 17446.0000000000000000
0.0800066526935740 0.2833934150428729 17560.0000000000000000
0.0800228049026481 0.2854899884188243 17688.0000000000000000
0.0800345654170025 0.2897719188072737 17818.0000000000000000
0.0800476878840686 0.2967860329273651 17954.0000000000000000
0.0800676736468097 0.3069388593477140 18071.0000000000000000
0.0800950986672739 0.3206206882194102 18196.0000000000000000
0.0801303912208451 0.3382396941585263 18312.0000000000000000
0.0801737968714683 0.3602128246350429 18459.0000000000000000
0.0802265034601747 0.3869284953579248 18587.0000000000000000
0.0802901950021858 0.4186871364338527 18727.0000000000000000
0.0802543532549417 0.3323518775839925 18854.0000000000000000
0.0801640328356634 0.2325762750854054 19001.0000000000000000
0.0800723253497471 0.1560939760965469 19138.0000000000000000
0.0799228326687628 0.0523855530298139 19271.0000000000000000
0.0797824381933696 0.0054324762578539 19392.0000000000000000
0.0797198476012510 0.0086122929097953 19522.0000000000000000
0.0797114976696238 0.0069511266570029 19645.0000000000000000
0.0797042285876758 0.0064607981634171 19768.0000000000000000
0.0797011055922308 0.0054046575522452 19891.0000000000000000
0.0796991096781442 0.0046904012271445 20025.0000000000000000
0.0796975938014996 0.0043156892728788 20149.0000000000000000
0.0796967489513265 0.0040453627669570 20299.0000000000000000
0.0796963314776862 0.0037498575942517 20427.0000000000000000
0.0796961057219282 0.0034477525435457 20558.0000000000000000
0.0796961336973332 0.0031979261920591 20684.0000000000000000
0.0796964658891935 0.0030041918742100 20811.0000000000000000
0.0796970248294012 0.0028349859551417 20938.0000000000000000
0.0796977237547985 0.0026740454934365 21068.0000000000000000
0.0796985369187280 0.0025269696249770 21199.0000000000000000
0.0796994719466739 0.0023990466086056 21329.0000000000000000
0.0797005214447140 0.0022864985903700 21468.0000000000000000
0.0797016626889746 0.0021838717556529 21601.0000000000000000
0.0797028786126224 0.0020895280262433 21735.0000000000000000
0.0797041626334873 0.0020038023338733 21872.0000000000000000
0.0797055102383567 0.0019261733029055 22013.0000000000000000
0.0797069144669369 0.0018552977778958 22152.0000000000000000
0.0797083681051912 0.0017901404211211 22292.0000000000000000
0.0797098659081123 0.0017302024844633 22442.0000000000000000
0.0797114040650224 0.0016751012299116 22608.0000000000000000
0.0797129790211060 0.0016243608547172 22751.0000000000000000
0.0797145872936847 0.0015775122435467 22887.0000000000000000
0.0797162258102350 0.0015341865310405 23021.0000000000000000
0.0797178919853404 0.0014940875945600 23156.0000000000000000
0.0797195835467538 0.0014569433948406 23303.0000000000000000
0.0797212984101379 0.0014224969979602 23438.0000000000000000
0.0797230346763022 0.0013905187939543 23581.0000000000000000
0.0797247906415393 0.0013608070306509 23755.0000000000000000
0.0797265647713658 0.0013331802874668 23910.0000000000000000
0.0797283556662356 0.0013074725093577 24047.0000000000000000
0.0797301620414186 0.0012835317440138 24201.0000000000000000
0.0797319827172439 0.0012612196776199 24346.0000000000000000
0.0797338166091453 0.0012404101116028 24488.0000000000000000
0.0797356627158604 0.0012209872336570 24624.0000000000000000
0.0797375201095884 0.0012028445613443 24760.0000000000000000
0.0797393879280654 0.0011858840259868 24903.0000000000000000
0.0797412867258419 0.0011700152581979 25041.0000000000000000
0.0797432020470383 0.0011551549682027 25175.0000000000000000
0.0797451254104302 0.0011412262473557 25314.0000000000000000
0.0797472942237794 0.0011281578817382 25451.0000000000000000
0.0797495001997849 0.0011158844638092 25593.0000000000000000
0.0797517096664300 0.0011043451516199 25741.0000000000000000
0.0797539221368787 0.0010934836605078 25897.0000000000000000
0.0797561371523663 0.0010832480724582 26053.0000000000000000
0.0797583542801121 0.0010735903975747 26189.0000000000000000
0.0797605731103852 0.0010644661096347 26328.0000000000000000
0.0797627932573092 0.0010558344372610 26470.0000000000000000
0.0797650143542223 0.0010476572487654 26615.0000000000000000
0.0797672360533122 0.0010398994242512 26758.0000000000000000
0.0797694580259657 0.0010325286793516 26906.0000000000000000
0.0797716799608781 0.0010255151643615 27042.0000000000000000
0.0797739015625571 0.0010188312880284 27184.0000000000000000
0.0797761225505967 0.0010124515991786 27327.0000000000000000
0.0797783426590464 0.0010063526471343 27473.0000000000000000
0.0797805616356885 0.0010005128291130 27611.0000000000000000
0.0797827792413484 0.0009949122514596 27751.0000000000000000
0.0797849952483804 0.0009895324776572 27892.0000000000000000
0.0797872620378743 0.0009843567521129 28037.0000000000000000
0.0797895312373983 0.0009793694982629 28184.0000000000000000
0.0797917983177547 0.0009745564049912 28333.0000000000000000
0.0797940630824525 0.0009699043666707 28480.0000000000000000
0.0797963253453016 0.0009654013340572 28635.0000000000000000
0.0797985849293344 0.0009610361681389 28787.0000000000000000
0.0798008416673463 0.0009567987370656 28944.0000000000000000
0.0798030954011734 0.0009526797447793 29089.0000000000000000
0.0798053459801486 0.0009486705069684 29244.0000000000000000
0.0798075932623130 0.0009447632216955 29397.0000000000000000
0.0798098371135218 0.0009409506862267 29556.0000000000000000
0.0798120774064100 0.0009372262272732 29718.0000000000000000
0.0798143140208753 0.0009335838028854 29909.0000000000000000
0.0798165468437078 0.0009300178643741 30071.0000000000000000
0.0798187757679546 0.0009265233093390 30224.0000000000000000
0.0798210006927845 0.0009230954706137 30376.0000000000000000
0.0798232215232510 0.0009197300759966 30536.0000000000000000
0.0798254381699359 0.0009164232039216 30694.0000000000000000
0.0798276505487678 0.0009131712673819 30870.0000000000000000
0.0798298585807999 0.0009099709827080 31035.0000000000000000
0.0798320621919463 0.0009068193404994 31196.0000000000000000
0.0798342613121506 0.0009037135137182 31353.0000000000000000
0.0798364558777565 0.0009006511745725 31506.0000000000000000
0.0798386458277006 0.0008976298779634 31659.0000000000000000
0.0798408311046975 0.0008946474782915 31816.0000000000000000
0.0798430116560211 0.0008917020684025 31979.0000000000000000
0.0798451874327527 0.0008887918840203 32137.0000000000000000
0.0798473583893407 0.0008859152871908 32302.0000000000000000
0.0798495244835489 0.0008830707777344 32475.0000000000000000
0.0798516856763984 0.0008802569850910 32636.0000000000000000
0.0798538419319174 0.0008774726389928 32797.0000000000000000
0.0798559932172827 0.0008747166090158 32977.0000000000000000
0.0798581395023053 0.0008719878151815 33139.0000000000000000
0.0798602807593979 0.0008692852748235 33307.0000000000000000
0.0798624169636016 0.0008666080908196 33473.0000000000000000
0.0798645480923874 0.0008639554334663 33639.0000000000000000
0.0798666741255691 0.0008613265416858 33806.0000000000000000
0.0798687950450693 0.0008587206993923 33968.0000000000000000
0.0798709108348393 0.0008561372371676 34139.0000000000000000
0.0798730214811034 0.0008535755860519 34307.0000000000000000
0.0798751269718271 0.0008510351619463 34531.0000000000000000
0.0798772272966589 0.0008485154344918 34702.0000000000000000
0.0798793224470309 0.0008460159142915 34879.0000000000000000
0.0798814124164120 0.0008435361924541 35071.0000000000000000
0.0798834971993931 0.0008410758101785 35239.0000000000000000