Residual Convergence speed Computational time
0.1263305024296775 0.0514211226586185 20.0000000000000000
0.1265800789462678 0.2601121855612086 28.0000000000000000
0.1275133508765016 0.3330496377964065 39.0000000000000000
0.1274219707157720 0.6193163954930667 49.0000000000000000
0.1267632998306829 0.6545575927491872 54.0000000000000000
0.1260497507641993 0.7589715782034060 59.0000000000000000
0.1252605837497310 0.8598688214995679 68.0000000000000000
0.1243778416920057 0.9566652355875235 86.0000000000000000
0.1233865041177237 1.0487079697151498 92.0000000000000000
0.1222736641212912 1.1353271265776810 106.0000000000000000
0.1210385608178384 1.2158665245554203 116.0000000000000000
0.1196890213166868 1.2897019242867884 129.0000000000000000
0.1182328257767697 1.3562537746918231 151.0000000000000000
0.1166799942502786 1.4149982114310946 158.0000000000000000
0.1150431118069557 1.4654782414641065 168.0000000000000000
0.1133364965744801 1.5453429673983976 177.0000000000000000
0.1115742070573501 1.5755380391438796 190.0000000000000000
0.1097711182176990 1.5965102891936980 199.0000000000000000
0.1079416013129320 1.6082264512547204 212.0000000000000000
0.1060992384464457 1.6107892723283441 237.0000000000000000
0.1042583217192719 1.6044491413229112 255.0000000000000000
0.1024314171705976 1.5896145845250684 267.0000000000000000
0.1006300360779578 1.5668611007046749 288.0000000000000000
0.0988654855951094 1.5442133032517005 307.0000000000000000
0.0971482285222193 1.5068377012885485 323.0000000000000000
0.0954878494398899 1.4668623700890258 334.0000000000000000
0.0938930214389281 1.4222264621753440 344.0000000000000000
0.0923714949763872 1.3731901847516153 358.0000000000000000
0.0909300883060187 1.3237151720862186 370.0000000000000000
0.0895748946121252 1.2755150152953865 383.0000000000000000
0.0883109072995982 1.2303414252053555 400.0000000000000000
0.0871419372377667 1.1899027124055097 531.0000000000000000
0.0860711435148834 1.1557573642948098 648.0000000000000000
0.0851010547410068 1.1291901467370276 668.0000000000000000
0.0842329539417019 1.1110887913365157 684.0000000000000000
0.0834675516823879 1.1018487615000803 700.0000000000000000
0.0828048074332014 1.1013338589001263 718.0000000000000000
0.0822438628958200 1.1089079738158152 799.0000000000000000
0.0817833314166202 1.1235314912614811 820.0000000000000000
0.0814212536865041 1.1438969390738933 858.0000000000000000
0.0811551612487684 1.1685714480577565 877.0000000000000000
0.0809821412842308 1.1961198769024817 895.0000000000000000
0.0808989017157148 1.2251952381955620 918.0000000000000000
0.0809018363843348 1.2545949031142254 938.0000000000000000
0.0809870871238538 1.2832882483370591 958.0000000000000000
0.0811506047344908 1.3104237023970851 980.0000000000000000
0.0813882056868679 1.3353227236704883 1035.0000000000000000
0.0816956249709239 1.3574664341136395 1057.0000000000000000
0.0820685644683102 1.3764788391830387 1082.0000000000000000
0.0825027370538595 1.3921090716436439 1106.0000000000000000
0.0829939040090607 1.4042139027597669 1125.0000000000000000
0.0835379092334962 1.4127414600207091 1153.0000000000000000
0.0841307081451258 1.4177163630535090 1175.0000000000000000
0.0847683903720128 1.4192260330286608 1191.0000000000000000
0.0854471996147746 1.4174088545408972 1206.0000000000000000
0.0861635477672817 1.4124432228428017 1227.0000000000000000
0.0869140279371847 1.4045388714125391 1255.0000000000000000
0.0876954187765803 1.3939272576865729 1272.0000000000000000
0.0885046911201170 1.3808556866873614 1309.0000000000000000
0.0893390081697300 1.3655799876700718 1333.0000000000000000
0.0901957256583886 1.3483599978267538 1351.0000000000000000
0.0904041823845698 1.1154205313609977 1370.0000000000000000
0.0900454104778895 0.7999508724204279 1388.0000000000000000
0.0890290632574293 0.3626458098318625 1405.0000000000000000
0.0889493536808349 1.6422785946037948 1422.0000000000000000
0.0918983741479629 2.2385945158439493 1441.0000000000000000
0.0946616680169373 2.5547310744408116 1467.0000000000000000
0.0966632257076249 2.6930405286883516 1517.0000000000000000
0.0981068215454729 2.7432982812802136 1545.0000000000000000
0.0992334624987212 2.7515609209299643 1573.0000000000000000
0.1001974770524059 2.7396815141345594 1594.0000000000000000
0.1010826453121940 2.7181282983448849 1614.0000000000000000
0.1019332616115179 2.6919976874405198 1635.0000000000000000
0.1027716209736910 2.6638127870404449 1655.0000000000000000
0.1036086455015524 2.6348194002930079 1684.0000000000000000
0.1044495593334833 2.6056366289999326 1717.0000000000000000
0.1052965379675093 2.5765681254832331 1750.0000000000000000
0.1061504201737014 2.5477575632211265 1773.0000000000000000
0.1070113435962955 2.5192689849684498 1795.0000000000000000
0.1078791530394792 2.4911400387108111 1819.0000000000000000
0.1087534281908614 2.4633481633828782 1840.0000000000000000
0.1096338243415153 2.4359167139976048 1862.0000000000000000
0.1105199222038801 2.4088324160670980 1886.0000000000000000
0.1114113107025407 2.3820873284326991 1910.0000000000000000
0.1123075958991605 2.3556735812770806 1935.0000000000000000
0.1132084062684491 2.3295844008291304 1970.0000000000000000
0.1141133948088486 2.3038144709455639 1997.0000000000000000
0.1150222153997271 2.2783529869258441 2022.0000000000000000
0.1159345698191714 2.2531997817400091 2051.0000000000000000
0.1168501804981854 2.2283532546164992 2074.0000000000000000
0.1177022485800976 2.1841334070493530 2103.0000000000000000
0.1182624467384068 2.0604742884867400 2196.0000000000000000
0.1187342434348731 1.9416204932190222 2227.0000000000000000
0.1192299746347735 1.8396649071769240 2255.0000000000000000
0.1195478614857692 1.6841656593372893 2285.0000000000000000
0.1197126651439190 1.5027203162078355 2341.0000000000000000
0.1197648470661283 1.3053256896729131 2367.0000000000000000
0.1195668233628589 1.0516135395956898 2395.0000000000000000
0.1190590116339859 0.7410503620849259 2470.0000000000000000
0.1181363662595802 0.3610788956090940 2501.0000000000000000
0.1170942628884298 0.1812951108607359 2538.0000000000000000
0.1169650342939609 0.4679996948082756 2567.0000000000000000
0.1222487945615348 0.3393561646344665 2603.0000000000000000
0.1235117678554888 0.3381921726180105 2636.0000000000000000
0.1341611891833414 2.2411039112617277 2662.0000000000000000
0.1472611653141320 2.9075688260807295 2689.0000000000000000
0.1470146768733739 3.2051043762898472 2717.0000000000000000
0.1466328864899706 2.3990547881535047 2802.0000000000000000
0.1476633337977196 1.9964937608414461 2837.0000000000000000
0.1486832095767843 1.9080325376800651 2872.0000000000000000
0.1462895112277642 2.4456842537897332 2903.0000000000000000
0.1449622420036011 2.1508534513879467 2931.0000000000000000
0.1448349270381461 1.9923111026689437 2960.0000000000000000
0.1448707619397417 2.0323036138564055 2989.0000000000000000
0.1441567302161484 1.3724337610534065 3018.0000000000000000
0.1445110602952980 1.1978355615761009 3054.0000000000000000
0.1434564961958889 0.9530263371317071 3086.0000000000000000
0.1420809975564404 1.0154526744573225 3118.0000000000000000
0.1345604555514600 0.1547068493857025 3146.0000000000000000
0.1356773641673817 0.1747627557811832 3191.0000000000000000
0.1331717043662076 0.6096884788133591 3240.0000000000000000
0.1360476415836646 0.1612603929342632 3286.0000000000000000
0.1449141834568197 0.4406394198539050 3320.0000000000000000
0.1538290075536417 0.9103064927290523 3494.0000000000000000
0.1581200480982221 1.1764974920763844 3537.0000000000000000
0.1602829400404685 1.3913134430010727 3575.0000000000000000
0.1607766432740363 1.3895745100176280 3610.0000000000000000
0.1620101297773707 1.4266075384286396 3641.0000000000000000
0.1636714145632525 1.4462105532770773 3672.0000000000000000
0.1632726154659271 1.4921928414116465 3710.0000000000000000
0.1613173161289901 1.7379780992217060 3740.0000000000000000
0.1607553832381599 1.5767827602336826 3785.0000000000000000
0.1608028074464407 1.4904146112824892 3817.0000000000000000
0.1610951007487424 1.4342349211430185 4007.0000000000000000
0.1615016864934878 1.3790351844126421 4094.0000000000000000
0.1619697551045778 1.3056697750606314 4134.0000000000000000
0.1624568554832696 1.2085026578265023 4171.0000000000000000
0.1629823933080085 1.0860333580694139 4206.0000000000000000
0.1635627743716356 0.9403537871086551 4244.0000000000000000
0.1642023450325216 0.7844925750843257 4286.0000000000000000
0.1649363561423495 0.6417254040034958 4326.0000000000000000
0.1650606993202315 0.4404124431442608 4365.0000000000000000
0.1647225502830154 0.3479408280637288 4401.0000000000000000
0.1632342380417427 0.1358553557298666 4476.0000000000000000
0.1603754416555473 0.2427804718883711 4522.0000000000000000
0.1600421958265865 0.2626896802723357 4557.0000000000000000
0.1596684458894903 0.3371148532888188 4641.0000000000000000
0.1602667479759503 0.5179028925658706 4699.0000000000000000
0.1638237682625807 0.5750609716896810 4738.0000000000000000
0.1740339609831321 1.3134271943290110 4783.0000000000000000
0.1613743153591823 1.0767811276883270 4822.0000000000000000
0.1583335745659279 0.2136909363713623 4858.0000000000000000
0.1588715306467312 0.0557363140664781 4901.0000000000000000
0.1581070022209326 0.0645027758876453 4948.0000000000000000
0.1562219766373163 0.8453159137997934 4989.0000000000000000
0.1561893159618932 0.2887729999178825 5037.0000000000000000
0.1544238767638003 0.0359358565108802 5077.0000000000000000
0.1529443750858129 0.5367482867655130 5123.0000000000000000
0.1499842561080802 1.0132902039553027 5163.0000000000000000
0.1481625114628391 0.3872459135619808 5219.0000000000000000
0.1484518944928593 0.4147258919867096 5407.0000000000000000
0.1474479260015672 0.2428373836622322 5485.0000000000000000
0.1494247387589142 0.4525782485447670 5568.0000000000000000
0.1480383841236095 0.0720434214796605 5647.0000000000000000
0.1486261832107182 0.0742365802026460 5724.0000000000000000
0.1483296935826910 0.0621316653684696 5802.0000000000000000
0.1476028819966288 0.0737784542247825 5882.0000000000000000
0.1475466143169551 0.0734897834572771 5959.0000000000000000
0.1476224745820816 0.0759805180492891 6038.0000000000000000
0.1477612001951233 0.0813401482750005 6120.0000000000000000
0.1479498084149835 0.0896712562297321 6212.0000000000000000
0.1481772739594705 0.1007730642563186 6294.0000000000000000
0.1484462634805870 0.1141137508450743 6376.0000000000000000
0.1487613781136533 0.1288407890805259 6457.0000000000000000
0.1491142413812218 0.1438546522475502 6537.0000000000000000
0.1495020193474222 0.1579649261015264 6627.0000000000000000
0.1499234022193958 0.1700996670212979 6709.0000000000000000
0.1501080694884306 0.1684192847099578 6793.0000000000000000
0.1500614136771177 0.1358374804122853 6902.0000000000000000
0.1501005632380755 0.1231337924969958 6988.0000000000000000
0.1501836996690898 0.1114191214275101 7080.0000000000000000
0.1502928788315976 0.0998100088645882 7174.0000000000000000
0.1504208971283841 0.0876711414630209 7257.0000000000000000
0.1505121849470189 0.0683858136156161 7343.0000000000000000
0.1505715029128893 0.0475355366813934 7425.0000000000000000
0.1506041376169977 0.0373779838263219 7506.0000000000000000
0.1506417954075658 0.0740708675380890 7592.0000000000000000
0.1508130769562253 0.1699099187331491 7677.0000000000000000
0.1510089638623608 0.1690212520655148 7762.0000000000000000
0.1522989823972672 0.4127672919491890 7855.0000000000000000
0.1525331775022891 0.2838216294236359 7938.0000000000000000
0.1527477661766479 0.2741801736758411 8031.0000000000000000
0.1529712224782389 0.3022458063861019 8113.0000000000000000
0.1532128456665888 0.3307315351254261 8196.0000000000000000
0.1534811763400757 0.3705461329568319 8288.0000000000000000
0.1537823315154261 0.4216386770102014 8376.0000000000000000
0.1541282859923295 0.4833761621914587 8485.0000000000000000
0.1545103511176932 0.5546005548628505 8571.0000000000000000
0.1549319752295284 0.6336483005336603 8660.0000000000000000
0.1553988930516704 0.7182864389415797 8749.0000000000000000
0.1559238052908884 0.8054825382263003 8840.0000000000000000
0.1565046872614000 0.8910311120536027 8925.0000000000000000
0.1567689890646959 0.9110019333683433 9014.0000000000000000
0.1566644790944799 0.7792122997425821 9109.0000000000000000
0.1567133421313226 0.7512915970146732 9205.0000000000000000
0.1568457707608741 0.7297782459199075 9314.0000000000000000
0.1570211243171142 0.7119310565072190 9409.0000000000000000
0.1572215893255733 0.6970579969206089 9504.0000000000000000
0.1574342689483344 0.6908968981043049 9603.0000000000000000
0.1576583710926818 0.6857633070732316 9692.0000000000000000
0.1578872103586546 0.6716946736703344 9785.0000000000000000
0.1581219768841563 0.6538503521208857 9881.0000000000000000
0.1583432109910856 0.6471435074867961 9975.0000000000000000
0.1585467697589427 0.6426152414050624 10071.0000000000000000
0.1586960099538101 0.6350095963531066 10168.0000000000000000
0.1588380177051034 0.6253344434582839 10262.0000000000000000
0.1589884268865530 0.6184842436656396 10364.0000000000000000
0.1591439523714751 0.6101772912873408 10463.0000000000000000
0.1593018467905907 0.6019418856650851 10560.0000000000000000
0.1594687656890951 0.5936993046693353 10674.0000000000000000
0.1596375122126301 0.5854133942508571 10775.0000000000000000
0.1598072153593375 0.5770705255248855 10876.0000000000000000
0.1599768039706233 0.5686685326712653 10989.0000000000000000
0.1601462343951376 0.5602107929651050 11087.0000000000000000
0.1603155087918785 0.5517031134099795 11189.0000000000000000
0.1604846522756731 0.5431521175692728 11289.0000000000000000
0.1606537013284508 0.5345644117180910 11392.0000000000000000
0.1608226979852275 0.5259461710309037 11501.0000000000000000
0.1609927334632134 0.5173029417463760 11609.0000000000000000
0.1611668903177420 0.5095420792139366 11713.0000000000000000
0.1613430095016222 0.5024894203191429 11824.0000000000000000
0.1615189679209445 0.4954703558772403 11931.0000000000000000
0.1616949588079160 0.4884661045444207 12035.0000000000000000
0.1618711068154244 0.4814687018449212 12145.0000000000000000
0.1620474818977038 0.4744750906120564 12247.0000000000000000
0.1622241270050778 0.4674846512260111 12383.0000000000000000
0.1624012234649821 0.4604977444459925 12490.0000000000000000
0.1625787343747331 0.4535151378252782 12595.0000000000000000
0.1627574533961637 0.4465377349840078 12700.0000000000000000
0.1629370451278259 0.4395664685031936 12811.0000000000000000
0.1631211442897471 0.4326022707616771 12917.0000000000000000
0.1633075161735746 0.4256460754844268 13028.0000000000000000
0.1634943090429012 0.4186988654302000 13137.0000000000000000
0.1636815438310533 0.4117616673200794 13242.0000000000000000
0.1638692430281510 0.4048355789103318 13351.0000000000000000
0.1640574307099239 0.3979218351803486 13488.0000000000000000
0.1642461328661629 0.3910217984022163 13596.0000000000000000
0.1644353776719752 0.3841369872244133 13713.0000000000000000
0.1646251957117253 0.3772691010669960 13819.0000000000000000
0.1648156202325008 0.3704200354760281 13929.0000000000000000
0.1650066874100015 0.3635918998623343 14038.0000000000000000
0.1651984366125560 0.3567870342897657 14155.0000000000000000
0.1653909106582938 0.3500080353467184 14270.0000000000000000
0.1655841560724673 0.3432577714699270 14383.0000000000000000
0.1657782233577860 0.3365394223170566 14493.0000000000000000
0.1659731672771545 0.3298564999620332 14624.0000000000000000
0.1661690470966626 0.3232129025522709 14736.0000000000000000
0.1663659268386556 0.3166129536699937 14853.0000000000000000
0.1665647640830225 0.3100615092449409 14968.0000000000000000
0.1667672096617637 0.3035639612309207 15088.0000000000000000
0.1669723135946552 0.2971263987667685 15204.0000000000000000
0.1671790406714372 0.2907556910557038 15322.0000000000000000
0.1673871672673932 0.2844596169449111 15438.0000000000000000
0.1675967904002426 0.2782470153381083 15561.0000000000000000
0.1678080130078057 0.2721279470441723 15677.0000000000000000
0.1680209439332162 0.2661138745443911 15797.0000000000000000
0.1682356973647536 0.2602177416270505 15919.0000000000000000
0.1684335856022411 0.2513235250511930 16039.0000000000000000
0.1686148716765953 0.2415935160483358 16160.0000000000000000
0.1687768206199770 0.2290262520456778 16280.0000000000000000
0.1689142886521758 0.2123242305978049 16398.0000000000000000
0.1690172786307704 0.1861822595770690 16526.0000000000000000
0.1690710230551716 0.1386575228801157 16653.0000000000000000
0.1690391964516694 0.0697513157027556 16773.0000000000000000
0.1688552563773139 0.0701460833961533 16882.0000000000000000
0.1688033583690851 0.1134900351413009 17022.0000000000000000
0.1689747331032974 0.1589129357618695 17143.0000000000000000
0.1694459673202216 0.3406051593948119 17271.0000000000000000
0.1695575360368269 0.2921478025192778 17393.0000000000000000
0.1696172969306046 0.2833934150428729 17555.0000000000000000
0.1696578833811467 0.2854899884188243 17709.0000000000000000
0.1696923610360229 0.2897719188072737 17825.0000000000000000
0.1697273420930735 0.2967860329273651 17950.0000000000000000
0.1697722837079057 0.3069388593477140 18067.0000000000000000
0.1698266614730559 0.3206206882194102 18185.0000000000000000
0.1698901008074985 0.3382396941585263 18305.0000000000000000
0.1699617696787122 0.3602128246350429 18437.0000000000000000
0.1700427141243312 0.3869284953579248 18564.0000000000000000
0.1701346308407296 0.4186871364338527 18687.0000000000000000
0.1701245501263838 0.3323518775839925 18818.0000000000000000
0.1700595631458721 0.2325762750854054 18943.0000000000000000
0.1699922146030196 0.1560939760965469 19070.0000000000000000
0.1698453814794097 0.0523855530298139 19194.0000000000000000
0.1696675995622891 0.0054324762578539 19332.0000000000000000
0.1695546436074553 0.0086122929097953 19454.0000000000000000
0.1695413070412495 0.0069511266570029 19581.0000000000000000
0.1695290513263067 0.0064607981634171 19703.0000000000000000
0.1695247464621285 0.0054046575522452 19827.0000000000000000
0.1695223424372176 0.0046904012271445 19970.0000000000000000
0.1695206923974237 0.0043156892728788 20094.0000000000000000
0.1695203349364095 0.0040453627669570 20219.0000000000000000
0.1695207449735515 0.0037498575942517 20367.0000000000000000
0.1695214232724647 0.0034477525435457 20485.0000000000000000
0.1695225543082821 0.0031979261920591 20607.0000000000000000
0.1695242829252059 0.0030041918742100 20733.0000000000000000
0.1695264474197334 0.0028349859551417 20860.0000000000000000
0.1695288600197330 0.0026740454934365 20989.0000000000000000
0.1695314725585987 0.0025269696249770 21137.0000000000000000
0.1695343123553280 0.0023990466086056 21263.0000000000000000
0.1695373697764141 0.0022864985903700 21397.0000000000000000
0.1695405979958300 0.0021838717556529 21524.0000000000000000
0.1695439623552401 0.0020895280262433 21655.0000000000000000
0.1695474518494207 0.0020038023338733 21789.0000000000000000
0.1695510596307219 0.0019261733029055 21919.0000000000000000
0.1695547725950616 0.0018552977778958 22051.0000000000000000
0.1695585766069651 0.0017901404211211 22207.0000000000000000
0.1695624617675315 0.0017302024844633 22359.0000000000000000
0.1695664212254082 0.0016751012299116 22491.0000000000000000
0.1695704484733153 0.0016243608547172 22621.0000000000000000
0.1695745369586935 0.0015775122435467 22752.0000000000000000
0.1695786809047913 0.0015341865310405 22886.0000000000000000
0.1695828755164823 0.0014940875945600 23023.0000000000000000
0.1695871165954911 0.0014569433948406 23152.0000000000000000
0.1695914002661024 0.0014224969979602 23290.0000000000000000
0.1695957229836029 0.0013905187939543 23422.0000000000000000
0.1696000815712271 0.0013608070306509 23557.0000000000000000
0.1696044731696074 0.0013331802874668 23687.0000000000000000
0.1696088951659028 0.0013074725093577 23827.0000000000000000
0.1696133451547717 0.0012835317440138 23971.0000000000000000
0.1696178209223974 0.0012612196776199 24111.0000000000000000
0.1696223204291475 0.0012404101116028 24253.0000000000000000
0.1696268417871623 0.0012209872336570 24388.0000000000000000
0.1696313832418342 0.0012028445613443 24524.0000000000000000
0.1696359431572579 0.0011858840259868 24660.0000000000000000
0.1696405698393154 0.0011700152581979 24796.0000000000000000
0.1696452298751241 0.0011551549682027 24929.0000000000000000
0.1696499037675926 0.0011412262473557 25075.0000000000000000
0.1696551457379407 0.0011281578817382 25235.0000000000000000
0.1696604700315704 0.0011158844638092 25393.0000000000000000
0.1696657983109298 0.0011043451516199 25530.0000000000000000
0.1696711296535474 0.0010934836605078 25672.0000000000000000
0.1696764631869416 0.0010832480724582 25903.0000000000000000
0.1696817980851145 0.0010735903975747 26042.0000000000000000
0.1696871335629508 0.0010644661096347 26181.0000000000000000
0.1696924688790761 0.0010558344372610 26326.0000000000000000
0.1696978033261921 0.0010476572487654 26464.0000000000000000
0.1697031362310188 0.0010398994242512 26607.0000000000000000
0.1697084669559090 0.0010325286793516 26746.0000000000000000
0.1697137948951933 0.0010255151643615 26893.0000000000000000
0.1697191194723530 0.0010188312880284 27054.0000000000000000
0.1697244401389361 0.0010124515991786 27203.0000000000000000
0.1697297563736299 0.0010063526471343 27345.0000000000000000
0.1697350676810769 0.0010005128291130 27485.0000000000000000
0.1697403735907370 0.0009949122514596 27628.0000000000000000
0.1697456736537927 0.0009895324776572 27770.0000000000000000
0.1697510901702693 0.0009843567521129 27914.0000000000000000
0.1697565103442006 0.0009793694982629 28073.0000000000000000
0.1697619236763439 0.0009745564049912 28236.0000000000000000
0.1697673297732461 0.0009699043666707 28376.0000000000000000
0.1697727282619055 0.0009654013340572 28529.0000000000000000
0.1697781187875198 0.0009610361681389 28676.0000000000000000
0.1697835010149539 0.0009567987370656 28828.0000000000000000
0.1697888746272441 0.0009526797447793 28980.0000000000000000
0.1697942393222779 0.0009486705069684 29136.0000000000000000
0.1697995948157074 0.0009447632216955 29286.0000000000000000
0.1698049408390727 0.0009409506862267 29437.0000000000000000
0.1698102771375549 0.0009372262272732 29585.0000000000000000
0.1698156034711987 0.0009335838028854 29736.0000000000000000
0.1698209196142178 0.0009300178643741 29886.0000000000000000
0.1698262253536230 0.0009265233093390 30051.0000000000000000
0.1698315204890181 0.0009230954706137 30201.0000000000000000
0.1698368048321507 0.0009197300759966 30360.0000000000000000
0.1698420782061802 0.0009164232039216 30512.0000000000000000
0.1698473404453412 0.0009131712673819 30664.0000000000000000
0.1698525913945112 0.0009099709827080 30829.0000000000000000
0.1698578309086709 0.0009068193404994 30990.0000000000000000
0.1698630588510481 0.0009037135137182 31153.0000000000000000
0.1698682750986639 0.0009006511745725 31308.0000000000000000
0.1698734795336052 0.0008976298779634 31462.0000000000000000
0.1698786720457779 0.0008946474782915 31620.0000000000000000
0.1698838525348023 0.0008917020684025 31778.0000000000000000
0.1698890209083110 0.0008887918840203 31941.0000000000000000
0.1698941770809688 0.0008859152871908 32096.0000000000000000
0.1698993209743963 0.0008830707777344 32266.0000000000000000
0.1699044525170753 0.0008802569850910 32433.0000000000000000
0.1699095716438076 0.0008774726389928 32602.0000000000000000
0.1699146782960670 0.0008747166090158 32764.0000000000000000
0.1699197724208550 0.0008719878151815 32928.0000000000000000
0.1699248539706415 0.0008692852748235 33094.0000000000000000
0.1699299229034608 0.0008666080908196 33263.0000000000000000
0.1699349791824773 0.0008639554334663 33429.0000000000000000
0.1699400227758058 0.0008613265416858 33603.0000000000000000
0.1699450536559949 0.0008587206993923 33767.0000000000000000
0.1699500717998653 0.0008561372371676 33938.0000000000000000
0.1699550771890790 0.0008535755860519 34117.0000000000000000
0.1699600698089540 0.0008510351619463 34289.0000000000000000
0.1699650496483259 0.0008485154344918 34456.0000000000000000
0.1699700166998059 0.0008460159142915 34631.0000000000000000
0.1699749709603791 0.0008435361924541 34805.0000000000000000
0.1699799124293067 0.0008410758101785 35003.0000000000000000