Residual Convergence speed Computational time
0.1254072870603900 0.0562102604672979 13.0000000000000000
0.1253825113582635 0.4487657809358098 17.0000000000000000
0.1256242204338794 0.5997242909019309 25.0000000000000000
0.1255988700779819 0.7477179244168753 42.0000000000000000
0.1252956741915849 0.8958287802371345 47.0000000000000000
0.1249399713439816 1.0325257937131676 52.0000000000000000
0.1245313022187209 1.1660328529631472 56.0000000000000000
0.1240649117738883 1.2950797399835321 61.0000000000000000
0.1235378249472427 1.4187292777700276 66.0000000000000000
0.1229482210714193 1.5361876988788463 71.0000000000000000
0.1222957289194682 1.6467504665454336 78.0000000000000000
0.1215836342737368 1.7497847263288699 83.0000000000000000
0.1208159801962131 1.8447235059075300 93.0000000000000000
0.1199969952790247 1.9310647369320095 100.0000000000000000
0.1191320521470401 2.0083725610039709 120.0000000000000000
0.1182274015885481 2.0762797581755845 130.0000000000000000
0.1172891933999120 2.1344903123560850 142.0000000000000000
0.1163230809014180 2.1827820217217058 152.0000000000000000
0.1153349605844112 2.2210084035678137 161.0000000000000000
0.1143306598619685 2.2491000211406509 170.0000000000000000
0.1133158060207392 2.2670645997392174 179.0000000000000000
0.1122958953333942 2.2749864150305119 189.0000000000000000
0.1112762622084307 2.2730246552434141 198.0000000000000000
0.1102613883913007 2.2614108032772444 211.0000000000000000
0.1092557694258708 2.2404451980716265 221.0000000000000000
0.1082635707262579 2.2104928952379352 232.0000000000000000
0.1072886149660270 2.1719782938200840 246.0000000000000000
0.1063344052113350 2.1253830094438371 260.0000000000000000
0.1054040847241503 2.0712350822786689 276.0000000000000000
0.1045004758751598 2.0101085363291231 286.0000000000000000
0.1036260790192587 1.9426162566857190 298.0000000000000000
0.1027830834821304 1.8694056025954346 312.0000000000000000
0.1019733813857855 1.7911546405601075 326.0000000000000000
0.1011985816138530 1.7085692618360415 338.0000000000000000
0.1004600263793366 1.6223820821128119 351.0000000000000000
0.0997588066501437 1.5333530435273648 363.0000000000000000
0.0990957793828059 1.4422730097706806 376.0000000000000000
0.0984717183428605 1.3499706652260337 393.0000000000000000
0.0978869336157437 1.2573250061765167 405.0000000000000000
0.0973416732655866 1.1652822669893128 420.0000000000000000
0.0968361024372216 1.0748831950126925 434.0000000000000000
0.0963701017314155 0.9872980582160985 452.0000000000000000
0.0959434372179103 0.9038739330643381 468.0000000000000000
0.0955557730960234 0.8261833607044698 485.0000000000000000
0.0952066651967497 0.7560698347033293 501.0000000000000000
0.0948955911562897 0.6956458398909741 517.0000000000000000
0.0946219467040787 0.6471862160719155 532.0000000000000000
0.0943849700875297 0.6128396376764386 547.0000000000000000
0.0941838932024440 0.5941487096188504 566.0000000000000000
0.0940178775519450 0.5915278934339138 584.0000000000000000
0.0938860420546317 0.6040239151535416 630.0000000000000000
0.0937874650660381 0.6295437575129105 653.0000000000000000
0.0937211920317835 0.6654152170064791 672.0000000000000000
0.0936862423964167 0.7089450804513415 694.0000000000000000
0.0936816159505794 0.7577638294365772 719.0000000000000000
0.0937062986729743 0.8099489981007755 740.0000000000000000
0.0937592678775172 0.8640129687511600 771.0000000000000000
0.0938394971460079 0.9188354267403214 793.0000000000000000
0.0939459604872247 0.9735860806964525 815.0000000000000000
0.0940776362849325 1.0276565906289241 838.0000000000000000
0.0942335108237773 1.0806064359375280 857.0000000000000000
0.0944125813048896 1.1321217567808359 878.0000000000000000
0.0946138586364897 1.1819847287965493 895.0000000000000000
0.0948363698398251 1.2300508041772442 914.0000000000000000
0.0950791596034502 1.2762315882729953 932.0000000000000000
0.0942576336601362 0.9447294491165464 949.0000000000000000
0.0929243332281000 0.5104608947173789 964.0000000000000000
0.0924210019616788 0.5230733341244878 979.0000000000000000
0.0922749735206144 0.5379529979894416 995.0000000000000000
0.0922985113081189 0.5539981385607748 1012.0000000000000000
0.0924098176622762 0.5702108640586167 1030.0000000000000000
0.0925705960865171 0.5859880263542572 1047.0000000000000000
0.0927620159016518 0.6010047606639288 1063.0000000000000000
0.0924790909826370 0.5948477249119830 1082.0000000000000000
0.0916952606723767 0.5791263820457386 1099.0000000000000000
0.0914715047960067 0.6724495933990461 1123.0000000000000000
0.0914835537922272 0.7313030293787481 1156.0000000000000000
0.0916051898215160 0.7713938350437072 1175.0000000000000000
0.0917827376780345 0.8012298606417961 1195.0000000000000000
0.0919916585508887 0.8251799269883336 1217.0000000000000000
0.0919567309465563 0.7115216244516910 1237.0000000000000000
0.0915301226362231 0.4374185521802703 1254.0000000000000000
0.0914883621997357 0.4114086793018077 1275.0000000000000000
0.0916056250955318 0.3937596571773852 1296.0000000000000000
0.0913183745314351 0.3627938903640704 1316.0000000000000000
0.0906230234113848 0.3393613378569137 1416.0000000000000000
0.0905044413070436 0.4012367383751188 1436.0000000000000000
0.0905945109767352 0.4391281474818332 1462.0000000000000000
0.0907707424781466 0.4640867042038571 1481.0000000000000000
0.0909876017756753 0.4821128383450811 1502.0000000000000000
0.0912266001673358 0.4962724221829191 1523.0000000000000000
0.0914796065238356 0.5080937491608332 1543.0000000000000000
0.0913261236920780 0.3913224991841519 1563.0000000000000000
0.0912169574277035 0.2803747417555377 1581.0000000000000000
0.0912798180178121 0.2168768865122860 1599.0000000000000000
0.0902615922455800 0.1424619524449159 1618.0000000000000000
0.0899212539542920 0.1933457692637026 1647.0000000000000000
0.0904072428649976 0.2443426255607482 1670.0000000000000000
0.0893590323887188 0.2276235646168231 1690.0000000000000000
0.0895041804198461 0.2506138724561477 1716.0000000000000000
0.0898221955544218 0.2568223139834880 1748.0000000000000000
0.0887936554178860 0.1127801920316744 1769.0000000000000000
0.0889602039652579 0.1921948132896837 1788.0000000000000000
0.0897913071864476 0.2070196919684050 1807.0000000000000000
0.0892716024222414 0.1854959806091041 1826.0000000000000000
0.0893919188593343 0.2003336599762705 1847.0000000000000000
0.0896570199578579 0.2104811476585769 1867.0000000000000000
0.0899522456592222 0.2179632311566552 1887.0000000000000000
0.0902544760082116 0.2241543354316825 1909.0000000000000000
0.0905612363714959 0.2297523720126160 1931.0000000000000000
0.0907160901059612 0.2176338079126579 1952.0000000000000000
0.0904711678672020 0.1701779253154635 1993.0000000000000000
0.0904944278077791 0.1649481270040956 2013.0000000000000000
0.0906214765016674 0.1614688769356737 2036.0000000000000000
0.0905611567353098 0.1453687433900599 2058.0000000000000000
0.0903729099517858 0.1231185921827557 2086.0000000000000000
0.0905428474872787 0.1255238664421767 2108.0000000000000000
0.0907714656637085 0.1278498321757394 2168.0000000000000000
0.0909988314736619 0.1301152878822531 2195.0000000000000000
0.0910593416113337 0.1399273745696020 2217.0000000000000000
0.0910034232977136 0.1505873003236776 2242.0000000000000000
0.0911031150340760 0.1518941796815905 2264.0000000000000000
0.0912610554536023 0.1534699877952912 2287.0000000000000000
0.0914395367190141 0.1550581030962027 2317.0000000000000000
0.0916271002754502 0.1568385175050665 2347.0000000000000000
0.0918197291160475 0.1586378593175120 2374.0000000000000000
0.0920158932359144 0.1603731831769006 2401.0000000000000000
0.0922149651517583 0.1620032304146064 2432.0000000000000000
0.0924166644651778 0.1635080579137420 2459.0000000000000000
0.0926208513076221 0.1648782607951782 2484.0000000000000000
0.0927438752542981 0.1730368016410617 2512.0000000000000000
0.0928431714743808 0.1801664815152306 2539.0000000000000000
0.0928727613173787 0.2164367125976058 2568.0000000000000000
0.0928344820821490 0.3217186406056129 2599.0000000000000000
0.0937630538871541 0.3651357471331765 2627.0000000000000000
0.0992632476966392 0.3657625280571097 2658.0000000000000000
0.0979067636585373 0.7472105801266459 2683.0000000000000000
0.0905082982813164 0.9338310372793732 2711.0000000000000000
0.0918686754096240 0.7223584382362133 2750.0000000000000000
0.0938672469349045 0.5005723092727022 2777.0000000000000000
0.0950820974065879 0.5033384873664195 2805.0000000000000000
0.0957480347004590 0.5377031741227617 2833.0000000000000000
0.0949071907580772 0.5414570693767589 2862.0000000000000000
0.0938232520720429 0.5500604652726098 2891.0000000000000000
0.0934399242729594 0.5709261411056035 2919.0000000000000000
0.0933615829408492 0.5872444030679693 2948.0000000000000000
0.0934201117725915 0.6004089257722066 2982.0000000000000000
0.0935456126313380 0.6111306707042475 3013.0000000000000000
0.0931085416839237 0.6061034136419025 3052.0000000000000000
0.0924635101242686 0.6154554294695979 3083.0000000000000000
0.0922691063280570 0.6275078142910355 3114.0000000000000000
0.0922707409464817 0.6452339243368855 3144.0000000000000000
0.0923647798258722 0.6630536395109393 3174.0000000000000000
0.0925061036744116 0.6815968332901733 3208.0000000000000000
0.0924935839945706 0.6892859521192570 3243.0000000000000000
0.0919257974332337 0.6854541723749600 3274.0000000000000000
0.0917465422832978 0.6838830412043055 3308.0000000000000000
0.0917538187908188 0.6993413593907801 3341.0000000000000000
0.0918536550098084 0.7228931314293358 3390.0000000000000000
0.0920024687270003 0.7499994609201387 3424.0000000000000000
0.0914743668140380 0.7155198365390900 3458.0000000000000000
0.0905810794898469 0.6722555811600047 3494.0000000000000000
0.0902485595974192 0.6512831660880405 3532.0000000000000000
0.0901670765477847 0.6345975212891096 3565.0000000000000000
0.0902089649209844 0.6207268577308264 3599.0000000000000000
0.0903181288003013 0.6119322876069602 3633.0000000000000000
0.0904716170666374 0.6358011578712777 3708.0000000000000000
0.0906498765720393 0.6674524723776410 3749.0000000000000000
0.0908451098565039 0.7040234360422720 3806.0000000000000000
0.0902023345925346 0.6131937375907821 3846.0000000000000000
0.0892150184834299 0.4794536208817402 3883.0000000000000000
0.0888734585855335 0.4463018481809589 3923.0000000000000000
0.0887839084035199 0.4225609173788466 3965.0000000000000000
0.0888091971807971 0.4047645248774630 4003.0000000000000000
0.0888940051198533 0.3907538798360884 4040.0000000000000000
0.0890168302619787 0.3888735253782419 4085.0000000000000000
0.0891660591154867 0.4066001937955399 4125.0000000000000000
0.0893309968008680 0.4300997377007769 4165.0000000000000000
0.0895078409316521 0.4582435063137322 4202.0000000000000000
0.0896949084668330 0.4901044861655651 4240.0000000000000000
0.0897785755597721 0.4825760277150776 4279.0000000000000000
0.0890254211307708 0.3454977425751131 4319.0000000000000000
0.0885800558290704 0.4640167179716375 4358.0000000000000000
0.0885213288316836 0.4783550414080725 4395.0000000000000000
0.0886075601023528 0.4904880780892850 4439.0000000000000000
0.0887578473006631 0.5006357347658333 4513.0000000000000000
0.0889414373099955 0.5094904127441763 4591.0000000000000000
0.0891304842820735 0.4957929301582808 4669.0000000000000000
0.0893221115453499 0.4753748028940555 4747.0000000000000000
0.0895178958481985 0.4530042593010715 4823.0000000000000000
0.0897188688562252 0.4300586181387355 4904.0000000000000000
0.0899255452257798 0.4073603396875203 4980.0000000000000000
0.0901381834915189 0.3855087958748020 5067.0000000000000000
0.0903189488691083 0.3577971941241099 5145.0000000000000000
0.0897741746931917 0.3568758359272181 5248.0000000000000000
0.0896219745121626 0.5821071762418675 5331.0000000000000000
0.0886308480999664 0.9249183901660301 5412.0000000000000000
0.0902865508516925 1.0499826885275647 5494.0000000000000000
0.0916659835073328 1.0562369531009386 5585.0000000000000000
0.0924655255996851 1.0303550136393187 5665.0000000000000000
0.0929596237540220 1.0242179285698862 5746.0000000000000000
0.0932921628068578 1.0161808699796961 5825.0000000000000000
0.0935436851173857 1.0070395712599571 5905.0000000000000000
0.0937559883524202 0.9971787199320834 5984.0000000000000000
0.0939507899520327 0.9867944733783872 6066.0000000000000000
0.0941388396301370 0.9759887920841266 6153.0000000000000000
0.0943248784268006 0.9648246763472766 6230.0000000000000000
0.0945115636969242 0.9533397632216046 6310.0000000000000000
0.0947002165656982 0.9415638840327268 6391.0000000000000000
0.0948914843793995 0.9295193636925622 6471.0000000000000000
0.0950856753392416 0.9172266097479630 6554.0000000000000000
0.0952825587139808 0.9044391181516536 6637.0000000000000000
0.0954717382106654 0.8836333254489168 6733.0000000000000000
0.0956594299121344 0.8616288616867441 6823.0000000000000000
0.0958489190374059 0.8391983949574094 6914.0000000000000000
0.0960417719205883 0.8166887403547484 6995.0000000000000000
0.0960497509963930 0.7769776802292886 7079.0000000000000000
0.0955875438891017 0.7148152476523031 7164.0000000000000000
0.0954887158708892 0.6851242973349667 7248.0000000000000000
0.0955610619828168 0.6579502404292559 7333.0000000000000000
0.0949390984296860 0.5882928950727117 7416.0000000000000000
0.0939557033566761 0.4777852895722007 7502.0000000000000000
0.0926530821459144 0.3799129317496258 7587.0000000000000000
0.0920234856277867 0.7829848304196696 7672.0000000000000000
0.0940591642464633 1.0773779153688243 7754.0000000000000000
0.0999438195440220 1.1646772869408848 7839.0000000000000000
0.1022954988358248 1.0847881395972288 7923.0000000000000000
0.0979403726545000 1.1928828030043317 8007.0000000000000000
0.0978406846228034 1.2675754432461197 8090.0000000000000000
0.0899910179112846 0.9359178297454078 8172.0000000000000000
0.0903071296354867 0.9538867627653911 8255.0000000000000000
0.0916058997024976 1.1500435516685106 8339.0000000000000000
0.0926282398544898 1.1866672332766981 8423.0000000000000000
0.0932857540594713 1.1885607572633123 8510.0000000000000000
0.0937366912192844 1.1720018246187009 8595.0000000000000000
0.0940821979628461 1.1467090731208445 8681.0000000000000000
0.0943706325259075 1.1188127981162455 8769.0000000000000000
0.0946404797762089 1.1021974254779519 8864.0000000000000000
0.0949065231418525 1.0924277517786942 8954.0000000000000000
0.0951721830309621 1.0842742424504797 9042.0000000000000000
0.0954382729006992 1.0770445598049041 9128.0000000000000000
0.0957047478453533 1.0703532624780261 9228.0000000000000000
0.0959728334354761 1.0636780492734790 9315.0000000000000000
0.0962400527820604 1.0584642689074986 9408.0000000000000000
0.0965070551401583 1.0536291071866017 9498.0000000000000000
0.0967751721753083 1.0484924429989317 9601.0000000000000000
0.0970458378116680 1.0430236083223738 9692.0000000000000000
0.0973192465040518 1.0374267716672152 9784.0000000000000000
0.0975957034082146 1.0317405090336154 9879.0000000000000000
0.0978753170180684 1.0260426020668074 9974.0000000000000000
0.0981581635433770 1.0203942695926833 10070.0000000000000000
0.0984441941654439 1.0148680930707943 10158.0000000000000000
0.0987333701933004 1.0095207670395927 10253.0000000000000000
0.0990258908852370 1.0043798282629190 10346.0000000000000000
0.0990909891009380 0.9670079451818206 10440.0000000000000000
0.0989559625510803 0.9075643255715337 10537.0000000000000000
0.0989707980592314 0.8871815097500724 10628.0000000000000000
0.0986191364158365 0.8109677073027491 10721.0000000000000000
0.0979961605982848 0.7120526086573464 10816.0000000000000000
0.0969912973709183 0.6060430901540895 10908.0000000000000000
0.0944710285395451 0.4096288235309506 11002.0000000000000000
0.0914960334345915 0.3321275262620980 11100.0000000000000000
0.0911593680644835 0.2570337282014857 11192.0000000000000000
0.0923662399127537 1.2478584381194717 11283.0000000000000000
0.0964865348486364 2.0507740114496076 11394.0000000000000000
0.0956993908911684 1.0786404973227288 11497.0000000000000000
0.0982361889700548 1.0274786538680980 11602.0000000000000000
0.0886448288384929 0.1359986693677939 11699.0000000000000000
0.0909918277409124 0.3469390675859074 11790.0000000000000000
0.0893847512828496 0.3520020892509195 11882.0000000000000000
0.0963494945111177 0.4314902003760382 11974.0000000000000000
0.1003336689530740 0.5843305588619764 12074.0000000000000000
0.1087965017391127 1.2624341776838313 12174.0000000000000000
0.0929913307269137 0.1974798928440968 12271.0000000000000000
0.0903070176502356 0.2917587472091368 12367.0000000000000000
0.0913069530075159 0.4628148474466747 12463.0000000000000000
0.0918569838162960 0.3030327895957122 12555.0000000000000000
0.0902451811188669 0.6335342071448038 12647.0000000000000000
0.0936070586083722 0.9380656596780833 12744.0000000000000000
0.0913770467754839 0.2800157790251612 12844.0000000000000000
0.0901620431314454 0.2569397083219149 12938.0000000000000000
0.0845668112631384 0.0295621889979228 13039.0000000000000000
0.0820443865889753 0.0752989383112087 13135.0000000000000000
0.0813028930007543 0.0098277056676300 13233.0000000000000000
0.0812013567094508 0.0342942009641059 13328.0000000000000000
0.0811895937839647 0.0197222024395895 13425.0000000000000000
0.0811807293648878 0.0184590509512058 13530.0000000000000000
0.0811745831300215 0.0175443127652327 13635.0000000000000000
0.0811712225066119 0.0169480314935135 13736.0000000000000000
0.0811512015634791 0.0107036236430156 13846.0000000000000000
0.0811251619243151 0.0062678738833720 13947.0000000000000000
0.0811063453167115 0.0038843547301030 14044.0000000000000000
0.0811045610025910 0.0039184695669643 14141.0000000000000000
0.0811044167580520 0.0040806680031135 14247.0000000000000000
0.0811043032686729 0.0037972514087639 14351.0000000000000000
0.0811042577941336 0.0034858852962683 14455.0000000000000000
0.0811042649662636 0.0032902914780511 14552.0000000000000000
0.0811042984400183 0.0031412184530149 14651.0000000000000000
0.0811043617511541 0.0030031064070128 14749.0000000000000000
0.0811044555033710 0.0028769106219614 14848.0000000000000000
0.0811045743262506 0.0027647618191133 14952.0000000000000000
0.0811047141561395 0.0026642766811199 15058.0000000000000000
0.0811048729180328 0.0025729566268919 15158.0000000000000000
0.0811050489680579 0.0024893503743040 15266.0000000000000000
0.0811052406843226 0.0024124583968489 15367.0000000000000000
0.0811054466105713 0.0023414192664692 15478.0000000000000000
0.0811056654849260 0.0022755000196639 15580.0000000000000000
0.0811058961845513 0.0022140978923356 15681.0000000000000000
0.0811061376890280 0.0021567122279462 15785.0000000000000000
0.0811063890660528 0.0021029191514726 15899.0000000000000000
0.0811067919823019 0.0020523559987234 16005.0000000000000000
0.0811072798058279 0.0020047104607574 16107.0000000000000000
0.0811077682377254 0.0019597117703813 16212.0000000000000000
0.0811082570086139 0.0019171235776200 16315.0000000000000000
0.0811087458645526 0.0018767383750440 16419.0000000000000000
0.0811092345668247 0.0018383730360929 16523.0000000000000000
0.0811097228916936 0.0018018651894274 16636.0000000000000000
0.0811102106300380 0.0017670702492986 16740.0000000000000000
0.0811107051803626 0.0017338589621462 16848.0000000000000000
0.0811112037833018 0.0017021153632305 16951.0000000000000000
0.0811117007119698 0.0016717350625169 17054.0000000000000000
0.0811121958406248 0.0016426237969454 17154.0000000000000000
0.0811126890533096 0.0016146962004202 17255.0000000000000000
0.0811131802434595 0.0015878747527595 17358.0000000000000000
0.0811136693134777 0.0015620888774829 17463.0000000000000000
0.0811141561742944 0.0015372741633495 17573.0000000000000000
0.0811146407449335 0.0015133716897864 17680.0000000000000000
0.0811151229520573 0.0014903274407627 17783.0000000000000000
0.0811156027294786 0.0014680917936921 17895.0000000000000000
0.0811160800179000 0.0014466190677306 18001.0000000000000000
0.0811165547641304 0.0014258671398182 18114.0000000000000000
0.0811170269215316 0.0014057970707956 18223.0000000000000000
0.0811174964484440 0.0013863728424317 18338.0000000000000000
0.0811179633086044 0.0013675610495593 18448.0000000000000000
0.0811184274706065 0.0013493306716665 18562.0000000000000000
0.0811188889073149 0.0013316528651099 18669.0000000000000000
0.0811193475962934 0.0013145007456720 18828.0000000000000000
0.0811198035187680 0.0012978492483958 18941.0000000000000000
0.0811202566597139 0.0012816749561255 19058.0000000000000000
0.0811207070071402 0.0012659559715368 19171.0000000000000000
0.0811211545523868 0.0012506717810432 19282.0000000000000000
0.0811215992897156 0.0012358031494572 19391.0000000000000000
0.0811220412159950 0.0012213320200798 19505.0000000000000000
0.0811224803305498 0.0012072414210040 19630.0000000000000000
0.0811229166350402 0.0011935153813308 19746.0000000000000000
0.0811233501330707 0.0011801388598131 19860.0000000000000000
0.0811237808302556 0.0011670976712852 19976.0000000000000000
0.0811242087339638 0.0011543784271267 20096.0000000000000000
0.0811246338531935 0.0011419684777524 20213.0000000000000000
0.0811250561983822 0.0011298558613366 20328.0000000000000000
0.0811254757813882 0.0011180292542772 20456.0000000000000000
0.0811258926152843 0.0011064779296244 20591.0000000000000000
0.0811263067142736 0.0010951917162183 20705.0000000000000000
0.0811267180935882 0.0010841609619617 20823.0000000000000000
0.0811271267693944 0.0010733765000643 20942.0000000000000000
0.0811275327587037 0.0010628296179167 21065.0000000000000000
0.0811279360792914 0.0010525120283515 21185.0000000000000000
0.0811283367497200 0.0010424158414101 21308.0000000000000000
0.0811287347890151 0.0010325335452655 21431.0000000000000000
0.0811291302167596 0.0010228579780439 21565.0000000000000000
0.0811295230530660 0.0010133823080849 21684.0000000000000000
0.0811299133185010 0.0010041000148640 21803.0000000000000000
0.0811303010339710 0.0009950048720399 21926.0000000000000000
0.0811306862207389 0.0009860909286525 22052.0000000000000000
0.0811310689003513 0.0009773524947053 22184.0000000000000000
0.0811314490945901 0.0009687841264042 22319.0000000000000000
0.0811318268252125 0.0009603806160627 22452.0000000000000000
0.0811322021146026 0.0009521369666800 22575.0000000000000000
0.0811325749850549 0.0009440483962957 22701.0000000000000000
0.0811329454589427 0.0009361103189301 22825.0000000000000000
0.0811333135587580 0.0009283183342157 22953.0000000000000000
0.0811336793070210 0.0009206682192538 23075.0000000000000000
0.0811340427262766 0.0009131559189378 23209.0000000000000000
0.0811344038390718 0.0009057775374788 23333.0000000000000000
0.0811347626679925 0.0008985293297827 23465.0000000000000000
0.0811351192354939 0.0008914076960764 23597.0000000000000000
0.0811354735640324 0.0008844091722319 23730.0000000000000000
0.0811358256758195 0.0008775304265642 23856.0000000000000000
0.0811361755932549 0.0008707682472242 23982.0000000000000000
0.0811365233385241 0.0008641195432188 24108.0000000000000000
0.0811368689340899 0.0008575813312831 24239.0000000000000000
0.0811372124015488 0.0008511507460564 24371.0000000000000000
0.0811375537627203 0.0008448250165523 24512.0000000000000000
0.0811378930392855 0.0008386014708878 24645.0000000000000000
0.0811382302527762 0.0008324775309164 24782.0000000000000000
0.0811385654239674 0.0008264507141342 24920.0000000000000000
0.0811388985746165 0.0008205186075034 25051.0000000000000000
0.0811392297257646 0.0008146788913387 25197.0000000000000000
0.0811395588982699 0.0008089293219732 25331.0000000000000000
0.0811401135206750 0.0008032677295040 25466.0000000000000000
0.0811406751679383 0.0007976920165234 25604.0000000000000000
0.0811412330832927 0.0007922001532615 25738.0000000000000000
0.0811417873121409 0.0007867901758748 25873.0000000000000000
0.0811423378991642 0.0007814601834993 26014.0000000000000000
0.0811428848883340 0.0007762083356462 26148.0000000000000000
0.0811434283229247 0.0007710328497662 26283.0000000000000000
0.0811439682455254 0.0007659319989273 26437.0000000000000000
0.0811445046980518 0.0007609041096055 26571.0000000000000000
0.0811450377217582 0.0007559475595818 26715.0000000000000000
0.0811455673572729 0.0007510607757045 26849.0000000000000000
