0.125005515897131908 0.052893298227896089 107.000000000000000000
0.124909746671014787 0.434979963627493416 369.000000000000000000
0.124853319803932619 0.584132789134428898 654.000000000000000000
0.124836295492715757 0.733732930750528034 880.000000000000000000
0.124858783486343813 0.883752586977633592 1320.000000000000000000
0.124813898415824923 1.024649642563524532 1370.000000000000000000
0.124617790041381321 1.159445168508019153 1438.000000000000000000
0.124410292026798486 1.300551793496297126 1621.000000000000000000
0.124186605094240565 1.439648393463247134 1817.000000000000000000
0.123943546906011073 1.576609478376763684 2090.000000000000000000
0.123679486978637176 1.711242332959982404 2268.000000000000000000
0.123393966702449065 1.843331928031301414 2397.000000000000000000
0.123087324473823756 1.972662351508969847 2559.000000000000000000
0.122760408161611365 2.099026664031192979 2737.000000000000000000
0.122414386432006125 2.222231788686003018 2795.000000000000000000
0.122050622738418449 2.342100480453195299 2953.000000000000000000
0.121670595815236579 2.458472327871084495 3141.000000000000000000
0.121275848644546144 2.571204211483224977 3313.000000000000000000
0.120867954886319337 2.680170506433642075 3503.000000000000000000
0.120448495873062361 2.785263126328123118 3665.000000000000000000
0.120019044119846402 2.886391446729056121 3846.000000000000000000
0.119581150809230874 2.983482108350434814 3982.000000000000000000
0.119136336286856090 3.076478732077604583 4144.000000000000000000
0.118686082270268112 3.165341509860966074 4334.000000000000000000
0.118231826194507852 3.250046749303115323 4494.000000000000000000
0.117774955565211573 3.330586225607754525 4661.000000000000000000
0.117316804314773690 3.406966542096875550 4835.000000000000000000
0.116858651137128275 3.479208501773076279 5001.000000000000000000
0.116401716320377463 3.547346208970502790 5172.000000000000000000
0.115947160853053982 3.611426295441861889 5351.000000000000000000
0.115496085455366979 3.671507017769564563 5519.000000000000000000
0.115049531334703220 3.727657458740391228 5692.000000000000000000
0.114608480004002311 3.779956555118659800 5861.000000000000000000
0.114173855095657098 3.828492312278004128 6025.000000000000000000
0.113746522023805280 3.873360723139986916 6192.000000000000000000
0.113327290795748756 3.914665062468517753 6371.000000000000000000
0.112916917388686242 3.952514955582996148 6543.000000000000000000
0.112516105525797216 3.987025531324137617 6713.000000000000000000
0.112125508860388703 4.018316631953425144 6881.000000000000000000
0.111745733116791063 4.046512032537703973 7051.000000000000000000
0.111377338222722083 4.071738690658288640 7223.000000000000000000
0.111020840143346441 4.094125989037398661 7392.000000000000000000
0.110676715133512862 4.113805364575413570 7560.000000000000000000
0.110345398477416992 4.130909138559816896 7732.000000000000000000
0.110027289402616510 4.145570425543796844 7912.000000000000000000
0.109722752376389246 4.157922388582505846 8086.000000000000000000
0.109432119180374154 4.168097767445246404 8260.000000000000000000
0.109155690733781549 4.176228396731896275 8435.000000000000000000
0.108893739053154887 4.182444759821787983 8570.000000000000000000
0.108646511486121172 4.186876078961986103 8740.000000000000000000
0.108414225913863793 4.189648701610305004 8918.000000000000000000
0.108197081495766650 4.190887636710551867 9093.000000000000000000
0.107995252401235850 4.190714532742550347 9267.000000000000000000
0.107808894903304031 4.189248784335395825 9445.000000000000000000
0.107638144103569977 4.186606176557266856 9616.000000000000000000
0.107483118722565510 4.182899569558940378 9788.000000000000000000
0.107343920873082074 4.178238308544621304 9875.000000000000000000
0.107220639371154947 4.172728570332832732 10060.000000000000000000
0.107113347228824415 4.166472461557488849 10239.000000000000000000
0.107022105630780559 4.159568665663973874 10419.000000000000000000
0.106946963756547206 4.152112018793940429 10590.000000000000000000
0.106887960074338151 4.144193597605889678 10780.000000000000000000
0.106845122977759555 4.135900627214784464 10961.000000000000000000
0.106818471980061031 4.127316564815908251 11111.000000000000000000
0.106808017913999992 4.118520971810247566 11208.000000000000000000
0.106813763984449125 4.109589633221780502 11353.000000000000000000
0.106835706428752980 4.100594572941880678 11372.000000000000000000
0.106873835105299964 4.091604092628355005 11389.000000000000000000
0.106928133883987711 4.082682786770994277 11502.000000000000000000
0.106998581620854114 4.073891711421071093 11681.000000000000000000
0.107085152065035799 4.065288303039960915 11860.000000000000000000
0.107187814777539372 4.056926586905619914 11902.000000000000000000
0.107306535312832796 4.048857182693194723 11976.000000000000000000
0.107441275664690639 4.041127416859572996 12084.000000000000000000
0.107591994646581576 4.033781415910745238 12134.000000000000000000
0.107758648223302639 4.026860200448284743 12165.000000000000000000
0.107941189793363854 4.020401778043930285 12182.000000000000000000
0.108139570524670173 4.014441257291752052 12200.000000000000000000
0.108353739522336429 4.009010925251055291 12215.000000000000000000
0.108583644148857711 4.004140375558641551 12230.000000000000000000
0.108829230259335372 3.999856611352563096 12245.000000000000000000
0.109090442296870829 3.996184123544210820 12260.000000000000000000
0.109367223548784337 3.993145019640125248 12277.000000000000000000
0.109337916966508089 3.989092588120730642 12293.000000000000000000
0.108570881560789159 3.840366143514796438 12308.000000000000000000
0.108321800358482379 3.811008974707060126 12323.000000000000000000
0.108330710928866911 3.809222776855416992 12343.000000000000000000
0.108472770565644555 3.821933252952509186 12367.000000000000000000
0.108686745972933582 3.842472796400609791 12385.000000000000000000
0.108402459249071895 3.779378761669321740 12406.000000000000000000
0.107734409407109155 3.658867624915818961 12428.000000000000000000
0.107549638920148738 3.637837678402224828 12445.000000000000000000
0.107605364292971642 3.643418694000660096 12462.000000000000000000
0.107785144647336226 3.663051941874132300 12501.000000000000000000
0.107642079374713623 3.618179481053408697 12523.000000000000000000
0.107020468113975226 3.488967376507860596 12540.000000000000000000
0.106870182983301587 3.465031925819531899 12566.000000000000000000
0.106953722860425135 3.468479074983267907 12591.000000000000000000
0.107157548839547020 3.486314158375694028 12611.000000000000000000
0.106819328722548207 3.396269327602514654 12631.000000000000000000
0.106147557934252984 3.252009627517187695 12652.000000000000000000
0.105984605667830759 3.220555955877943966 12670.000000000000000000
0.106071754589267778 3.219685640200045551 12688.000000000000000000
0.106286501596113955 3.234786790821743807 12706.000000000000000000
0.106256371405207578 3.198970109699123654 12724.000000000000000000
0.105760927611504824 3.070141772439422656 12743.000000000000000000
0.105694585843308403 3.046472214485718588 12761.000000000000000000
0.105840228840840725 3.049800248843693939 12781.000000000000000000
0.106094657342665377 3.067225623302296533 12801.000000000000000000
0.105739433644485736 2.948104593371804416 12821.000000000000000000
0.105159294543553342 2.793849083953674928 12844.000000000000000000
0.105064009424700094 2.757510088546505145 12864.000000000000000000
0.105205068086967390 2.752462704597726351 12884.000000000000000000
0.105466050900920094 2.763617347594873319 12903.000000000000000000
0.105595195214051446 2.748902540046195053 12923.000000000000000000
0.105270856811354327 2.629740970935337874 12942.000000000000000000
0.105272868885394874 2.598226546782544055 12962.000000000000000000
0.105472048525299414 2.598746448616062743 12986.000000000000000000
0.105772034744508400 2.613120674998712367 13008.000000000000000000
0.105517887453988837 2.487710445956123007 13030.000000000000000000
0.105087051848263377 2.334361789886141292 13052.000000000000000000
0.105086817284268774 2.299210374345054042 13077.000000000000000000
0.105295450285830594 2.293131451175535851 13098.000000000000000000
0.105609923595976096 2.302013035814264530 13119.000000000000000000
0.105778663884429247 2.280781242825083766 13139.000000000000000000
0.105578137053035565 2.164451714356458556 13160.000000000000000000
0.105699292356376748 2.148635902710182677 13181.000000000000000000
0.105978919489357379 2.154705171910474171 13207.000000000000000000
0.106234868507998181 2.135920535490741567 13233.000000000000000000
0.106056654458294666 1.990260625528823324 13257.000000000000000000
0.106019079455184476 1.915082627845658969 13280.000000000000000000
0.106228955265406988 1.899575790719602253 13303.000000000000000000
0.106561782505750213 1.901732296139118761 13325.000000000000000000
0.106817211625661490 1.892513463876688506 13348.000000000000000000
0.106736377996019732 1.786628495110837545 13371.000000000000000000
0.106856171835466640 1.742100840035673448 13395.000000000000000000
0.107152901705055592 1.739326254441744268 13420.000000000000000000
0.107539215596059043 1.749193092645994874 13446.000000000000000000
0.107561858875957969 1.631307885300197436 13474.000000000000000000
0.107446206302982517 1.489822710046846632 13500.000000000000000000
0.107641405088550135 1.462412378217873510 13525.000000000000000000
0.107986339898805656 1.456272747471975215 13550.000000000000000000
0.108407381364003297 1.460921658378204313 13574.000000000000000000
0.108803394405815088 1.488785691210800177 13599.000000000000000000
0.108959804685785588 1.442593682696118984 13628.000000000000000000
0.109090195643384402 1.362495052733867062 13654.000000000000000000
0.109414113748545511 1.358047631530879373 13681.000000000000000000
0.109834448994998182 1.366803397391604502 13708.000000000000000000
0.110050727043983165 1.272845987239513477 13734.000000000000000000
0.110137286975634768 1.147393593112171928 13760.000000000000000000
0.110473558509919134 1.128334247347641650 13787.000000000000000000
0.110930643545570390 1.125806532159567608 13813.000000000000000000
0.111451588675194446 1.131489269796418506 13841.000000000000000000
0.112009943864334771 1.141439170390186941 13872.000000000000000000
0.112413272645780882 1.176219519466759289 13904.000000000000000000
0.112852857813428020 1.250980540919110373 13932.000000000000000000
0.113402233010534925 1.301266450326113544 13959.000000000000000000
0.113097523895823254 0.951354643128571764 13987.000000000000000000
0.113368579765925043 0.867098579313796858 14021.000000000000000000
0.114191157818733874 0.904572535365775532 14054.000000000000000000
0.113643503985188549 0.740292772514684838 14083.000000000000000000
0.113787022204837690 0.739283291019901423 14111.000000000000000000
0.114217879418625490 0.750794047548482335 14141.000000000000000000
0.114737248810007075 0.764091953983192518 14170.000000000000000000
0.115289638148697596 0.778318115212988881 14199.000000000000000000
0.115857970736149424 0.793217116438041714 14228.000000000000000000
0.116436361843186592 0.808719913362140219 14265.000000000000000000
0.117022558465974993 0.824819126665617297 14299.000000000000000000
0.117454167688578887 0.812459741848660988 14329.000000000000000000
0.117808157413076944 0.782562972064564599 14359.000000000000000000
0.118298888899080065 0.798570307486577091 14389.000000000000000000
0.118853142803115097 0.820552930905795952 14419.000000000000000000
0.119441316966170094 0.846808608531556484 14449.000000000000000000
0.120050319288690449 0.876533821006622027 14481.000000000000000000
0.120674045184007248 0.909292713140029907 14515.000000000000000000
0.121309600163712200 0.944836375064478484 14547.000000000000000000
0.121913697539585614 0.968545559450223803 14578.000000000000000000
0.122372868411476515 0.940960737995299001 14609.000000000000000000
0.122689837380574457 0.863691131830874648 14640.000000000000000000
0.123146977410361735 0.844121546484796870 14672.000000000000000000
0.123785161711924163 0.858080698047511081 14706.000000000000000000
0.124071428306086612 0.870406187014073573 14742.000000000000000000
0.124712673043130690 0.896627694883872950 14779.000000000000000000
0.125405806766121203 0.927217260856881276 14812.000000000000000000
0.125430103805540705 0.853306357312518582 14845.000000000000000000
0.126131284544526406 0.921486881223638088 14916.000000000000000000
0.126135823014268150 1.022981248190192760 14998.000000000000000000
0.125897265239158729 1.061244905072115330 15068.000000000000000000
0.126326061604995349 0.987581341473850904 15139.000000000000000000
0.126915848740041831 0.954387098152908786 15273.000000000000000000
0.127550484057312341 0.941874047472704867 15348.000000000000000000
0.128202778694427394 0.941059439913763729 15419.000000000000000000
0.128866406825640156 0.947939293348446288 15488.000000000000000000
0.129540018520065164 0.960862292590416889 15575.000000000000000000
0.130223479920113544 0.979282839643948466 15646.000000000000000000
0.130916969059299892 1.003159427087463529 15716.000000000000000000
0.131373291523546043 1.080982332034842841 15790.000000000000000000
0.131692487109021678 1.138687321254177265 15861.000000000000000000
0.132225265792637492 1.145825526925761784 15932.000000000000000000
0.132860039347039410 1.166381973841188913 16006.000000000000000000
0.133551215672701062 1.199383720557169353 16078.000000000000000000
0.134278471909658442 1.244714233281118076 16149.000000000000000000
0.135032376337782006 1.302652852886451162 16248.000000000000000000
0.135808628960325584 1.373637664202602915 16322.000000000000000000
0.136504014191638962 1.378438153048784809 16394.000000000000000000
0.136791850886668703 1.304742780721246609 16470.000000000000000000
0.137333356588348721 1.309751366111637561 16541.000000000000000000
0.137985555742349053 1.321509684109669847 16613.000000000000000000
0.138693618119270723 1.338102429175154651 16687.000000000000000000
0.139433946420979116 1.358952462454945165 16760.000000000000000000
0.140195639572139263 1.384142305295114728 16832.000000000000000000
0.140973548286155936 1.414148394040039891 16908.000000000000000000
0.141765322292495971 1.449700988990020978 16980.000000000000000000
0.142570033773079335 1.491686560192938993 17053.000000000000000000
0.143146486959109281 1.452404784324841991 17129.000000000000000000
0.143468299589272819 1.350921162931736585 17203.000000000000000000
0.144064100651177585 1.341165304578508799 17276.000000000000000000
0.144779291069395466 1.350235088805620487 17351.000000000000000000
0.145557797010337414 1.378344318419288728 17426.000000000000000000
0.146376690804434162 1.426144169051421606 17500.000000000000000000
0.147225873018752867 1.493982038912858856 17577.000000000000000000
0.147857288767121925 1.437471292151941693 17651.000000000000000000
0.148142305252876361 1.196354516214798380 17726.000000000000000000
0.148903873450255714 1.198596553680131516 17804.000000000000000000
0.149838673657250621 1.202415434594318544 17879.000000000000000000
0.150852456750959929 1.208113601914273971 17955.000000000000000000
0.151771576067945446 1.213404316000446848 18034.000000000000000000
0.152094047416773070 1.247678233484428967 18112.000000000000000000
0.152765581516583232 1.215137866537299827 18188.000000000000000000
0.153553459179331775 1.187567086899145252 18266.000000000000000000
0.154377601418419164 1.168376894145138456 18345.000000000000000000
0.155218696563012071 1.159277499153544833 18423.000000000000000000
0.156072277816948962 1.161460799369946173 18502.000000000000000000
0.156786519920394191 1.323892429399589510 18581.000000000000000000
0.157608101019336366 1.969234031348758851 18660.000000000000000000
0.157138078568035744 1.221081723318342416 18739.000000000000000000
0.159485662011127655 2.742477896005222959 18817.000000000000000000
0.162671906243539638 3.437806089322561931 18897.000000000000000000
0.160568981828894786 3.530270757947501004 18977.000000000000000000
0.161529630957015446 3.338041528472179831 19056.000000000000000000
0.162634278185458253 3.197053617680365889 19137.000000000000000000
0.163678196469782378 3.091145361016162330 19223.000000000000000000
0.164675331404088410 3.003987035389903859 19319.000000000000000000
0.165648835267528965 2.925904298628218214 19403.000000000000000000
0.166613184796606056 2.851822746140146858 19485.000000000000000000
0.167576205175587994 2.779207127430761037 19567.000000000000000000
0.168542007858482085 2.706849493461144007 19652.000000000000000000
0.169512783452932747 2.634179817369623589 19739.000000000000000000
0.170489791652902123 2.560970984319906663 19826.000000000000000000
0.171473813917863899 2.487125997530013954 19913.000000000000000000
0.172465428028320267 2.412661058342366438 20003.000000000000000000
0.173465092325777503 2.337612379638125848 20092.000000000000000000
0.174473206817006538 2.262040423089552554 20186.000000000000000000
0.175490136755276360 2.186015302797324367 20278.000000000000000000
0.176516226162238443 2.109617200509707136 20367.000000000000000000
0.177551803630568633 2.032934131743340256 20455.000000000000000000
0.178597183677647042 1.956061145316487559 20544.000000000000000000
0.179652664848575366 1.879096686017003082 20631.000000000000000000
0.180718535711896777 1.802157180190421260 20716.000000000000000000
0.181795076165122305 1.725370874581775293 20806.000000000000000000
0.182882549264207828 1.648879561913390246 20894.000000000000000000
0.183981208294526688 1.572849071567579138 20984.000000000000000000
0.185091298706263174 1.497478583872870805 21075.000000000000000000
0.186201001093606877 1.416877026742107581 21165.000000000000000000
0.186966310300223926 1.152353261855486366 21253.000000000000000000
0.187552265017829900 0.865253297820695266 21346.000000000000000000
0.187185991933355889 0.573833980127506194 21440.000000000000000000
0.186358968068024045 1.356759735391375177 21530.000000000000000000
0.185198747012670500 2.379046861784701150 21620.000000000000000000
0.190922327297676775 1.786654421883939747 21714.000000000000000000
0.192659089609157286 0.733481687851914033 21809.000000000000000000
0.196570539851678938 2.101193641145107094 21905.000000000000000000
0.197545057164354082 4.075754274205494632 22000.000000000000000000
0.203305738719391921 4.259355040407800885 22094.000000000000000000
0.206994203800061588 4.283672467376538506 22189.000000000000000000
0.209052026187344919 4.263389282038720474 22286.000000000000000000
0.210494540343251546 4.227614003991653213 22381.000000000000000000
0.211718444225491659 4.187938497142758010 22474.000000000000000000
0.212847758801880282 4.150388063309224940 22569.000000000000000000
0.213936594294010130 4.113211293209569241 22663.000000000000000000
0.215010331512697439 4.075498649837210330 22759.000000000000000000
0.216081456912793235 4.036816753574320238 22853.000000000000000000
0.217156307127362752 3.996999309853985327 22948.000000000000000000
0.218238234368955369 3.956022360497137846 23045.000000000000000000
0.219329123606750581 3.913939797327498749 23140.000000000000000000
0.220430126227791678 3.870845853499923717 23236.000000000000000000
0.221542063773076309 3.826858192189072305 23333.000000000000000000
0.222665529260883621 3.782110229763583575 23431.000000000000000000
0.223801124708013832 3.736739110330326241 23543.000000000000000000
0.224949212861441927 3.690889613263453661 23657.000000000000000000
0.226110327724228538 3.644710454059413962 23771.000000000000000000
0.227284947466057707 3.598333655014637866 23884.000000000000000000
0.228473323478547041 3.551908738312185676 24001.000000000000000000
0.229531725457874147 3.495559991408212053 24114.000000000000000000
0.229978496510185121 3.391311937160685019 24233.000000000000000000
0.230328002742987203 3.286798013311358790 24347.000000000000000000
0.231086755638385877 3.211286470058470677 24465.000000000000000000
0.232053735022294261 3.147908367435988009 24564.000000000000000000
0.232345872769972400 3.050119974116516808 24660.000000000000000000
0.232238140191850656 2.900767189300784032 24765.000000000000000000
0.232808256486673609 2.839641013501507327 24868.000000000000000000
0.233711311985384085 2.798274428939644842 24970.000000000000000000
0.234258827446624129 2.707541997190696659 25069.000000000000000000
0.234381303936673391 2.564485598840494429 25168.000000000000000000
0.234929433805735777 2.495841293896894353 25271.000000000000000000
0.235407759608462108 2.409106016811754625 25373.000000000000000000
0.235463910824939227 2.270581254182973296 25481.000000000000000000
0.235703012700194947 2.164007882858361320 25584.000000000000000000
0.235951466001733168 2.053183815524604050 25691.000000000000000000
0.235751469237270000 1.892166292099473734 25791.000000000000000000
0.235216443545889276 1.723225444155290775 25900.000000000000000000
0.233347321842594935 1.186819624493777647 25999.000000000000000000
0.229761893683960300 0.944539554292254002 26110.000000000000000000
0.230984764067544868 2.519132080065673129 26212.000000000000000000
0.234634655746181281 1.047206417949037682 26321.000000000000000000
0.247246261963303016 1.158500547808593018 26424.000000000000000000
0.252854887384706795 2.637863632030473138 26532.000000000000000000
0.254096422685540835 1.968997506395987696 26635.000000000000000000
0.258298501891009336 2.092636381089956643 26745.000000000000000000
0.243904213611439435 1.056667114313343925 26849.000000000000000000
0.239144555324721952 0.982567451314889984 26957.000000000000000000
0.237741969214458559 0.797891233809487121 27061.000000000000000000
0.235458294225989573 0.589586953551912818 27174.000000000000000000
0.234855595758584140 0.642139459255245182 27281.000000000000000000
0.235472685462448372 0.639413625982567901 27391.000000000000000000
0.236477836204408237 0.639576393671329124 27499.000000000000000000
0.237617158357262909 0.641510668028275166 27609.000000000000000000
0.238812412731780305 0.644589437454828773 27719.000000000000000000
0.240035692689207242 0.648588724395275373 27834.000000000000000000
0.241275727412851138 0.653445967569843744 27950.000000000000000000
0.242527626967201065 0.659175818640220901 28073.000000000000000000
0.243789215047857416 0.665828633079406318 28190.000000000000000000
0.245059556342907853 0.673473934518429518 28304.000000000000000000
0.246338221424057868 0.682189673030006438 28425.000000000000000000
0.247625429404847219 0.692068252073211876 28539.000000000000000000
0.248921131448924277 0.703175219826200570 28651.000000000000000000
0.250223150854758991 0.714442093262446010 28764.000000000000000000
0.251525386953857844 0.726216309985043940 28884.000000000000000000
0.252831050458220019 0.739483024083987139 29001.000000000000000000
0.254142108658485244 0.754362690760065124 29117.000000000000000000
0.255459756681411632 0.770966997603323878 29234.000000000000000000
0.256784728433842369 0.789403064022058953 29352.000000000000000000
0.258117292283444877 0.809786728832522229 29478.000000000000000000
0.259457797778749999 0.832226559846538483 29596.000000000000000000
0.260806261138136875 0.856853900369401789 29722.000000000000000000
0.262163284071826652 0.883751016826888058 29845.000000000000000000
0.263528760683049201 0.913075196110283649 29973.000000000000000000
0.264902884653541337 0.944942656115450919 30098.000000000000000000
0.266285835530627790 0.979484149957929762 30225.000000000000000000
0.267677790031750074 1.016833648314014349 30351.000000000000000000
0.269078916254091971 1.057129669281519968 30480.000000000000000000
0.270489382811737789 1.100512428033371792 30608.000000000000000000
0.271909359305553766 1.147122616313948740 30737.000000000000000000
0.273339016390424905 1.197098956219158294 30869.000000000000000000
0.274778513763962673 1.250579800126155883 30996.000000000000000000
0.276228045160511138 1.307679578981238544 31117.000000000000000000
0.277687763267753851 1.368521439964334840 31243.000000000000000000
0.279157821444238063 1.433207742822903530 31377.000000000000000000
0.280638452252744974 1.501754479993325786 31503.000000000000000000
0.282129779449265983 1.574247377830249928 31627.000000000000000000
0.283631985368740069 1.650653123267643130 31754.000000000000000000
0.285145213640895734 1.730955459921604822 31880.000000000000000000
0.286582219094662249 1.713736903456767990 32019.000000000000000000
0.287777280138369451 1.434993255313949723 32149.000000000000000000
0.288932096161524821 1.240043420558063936 32283.000000000000000000
0.289886037560231458 1.033067467165934339 32413.000000000000000000
0.290607825830948352 0.853811187346292244 32547.000000000000000000
0.291012329052394769 0.836174959262539041 32679.000000000000000000
0.291299751815510488 0.561435790549797531 32805.000000000000000000
0.295579090649430942 0.179391343806277415 32935.000000000000000000
0.293161530165283735 0.198937773357271447 33066.000000000000000000
0.297326741443003362 0.466765175859495729 33190.000000000000000000
0.312572133560735654 0.236369885571654115 33320.000000000000000000
0.319130506976795347 0.387853388791407183 33446.000000000000000000
0.323844098564791461 0.480171836423466170 33577.000000000000000000
0.334198308495068708 2.007619048950093799 33700.000000000000000000
0.335345037005541191 1.668461554153725990 33829.000000000000000000
0.329934116861385851 3.212783915622702047 33959.000000000000000000
0.325452750570818683 2.248797118776098003 34092.000000000000000000
0.324808506772025607 1.898251854290309737 34223.000000000000000000
0.325296475150922804 1.067185635015674983 34353.000000000000000000
0.322863503715671851 2.431967856155795360 34484.000000000000000000
0.322964962489087237 0.786562616997396824 34618.000000000000000000
0.322380104284083258 1.727618467842086503 34751.000000000000000000
0.317756849927210483 1.553146652550120077 34884.000000000000000000
0.316404253195084362 1.434840003390957186 35015.000000000000000000
0.308674888647111179 0.201590717973697264 35147.000000000000000000
0.310046164293340698 0.168427793461931319 35281.000000000000000000
0.309426064712517324 0.071007899380287093 35415.000000000000000000
0.310568398036645377 0.198585378006702284 35544.000000000000000000
0.310540247715004103 0.070568819529631094 35680.000000000000000000
0.310553913004436466 0.111589044575648652 35814.000000000000000000
0.310411513337904010 0.088198571953121016 35947.000000000000000000
0.308606507704339228 0.055617359477827887 36080.000000000000000000
0.308408188657199711 0.084883911121821670 36213.000000000000000000
0.308248743766759870 0.013983084274064724 36349.000000000000000000
0.311357999771071703 0.037191097926483549 36478.000000000000000000
0.307926187208981073 0.015661393636082196 36616.000000000000000000
0.307886420529887406 0.019870782413051513 36748.000000000000000000
0.307888335963064474 0.010935344340634484 36877.000000000000000000
