0.125016701539139297 0.068108966627559123 6.000000000000000000
0.124978093673107471 0.550962579111873962 11.000000000000000000
0.125158629177360481 0.751702491056557509 17.000000000000000000
0.124234752469283824 0.553929309857967178 21.000000000000000000
0.122982082131388462 0.680819566412084076 27.000000000000000000
0.121700500468454695 0.797161045480172192 35.000000000000000000
0.120364739582887612 0.908497797871984814 39.000000000000000000
0.118963009242684201 1.012890047126146387 45.000000000000000000
0.117487679315703003 1.108714377725041222 50.000000000000000000
0.115935981627683024 1.194525091839898412 57.000000000000000000
0.114310069888289234 1.269025331701296944 64.000000000000000000
0.112616151519072935 1.331067394213101052 70.000000000000000000
0.110863390109468024 1.379661348113403019 77.000000000000000000
0.109062937563266266 1.413987359585848980 83.000000000000000000
0.107227180923496659 1.433410394560184820 91.000000000000000000
0.105369176638072493 1.437496026758188883 99.000000000000000000
0.103502220035812970 1.426025720038738731 108.000000000000000000
0.101639505566237950 1.399009812963811772 115.000000000000000000
0.099793848529660834 1.381895054583999416 122.000000000000000000
0.097977451671589361 1.320862301168600039 130.000000000000000000
0.096201709025352508 1.245914115096798724 137.000000000000000000
0.094477044508039634 1.158072140608379152 144.000000000000000000
0.092812784983222665 1.058570337462866329 153.000000000000000000
0.091217068580138644 0.952420645341988670 168.000000000000000000
0.089696787859303129 0.833913956725058525 177.000000000000000000
0.088257567023824798 0.707702847907705213 204.000000000000000000
0.086903771005021724 0.576032546159985892 235.000000000000000000
0.085638543083701876 0.442369962360608104 253.000000000000000000
0.084463867077204172 0.310337645616890589 274.000000000000000000
0.083380649301350737 0.188789622673329383 290.000000000000000000
0.082388815506812610 0.117703557762999164 309.000000000000000000
0.081487417877682364 0.171649478585472803 320.000000000000000000
0.080674747551144024 0.282085680377352710 331.000000000000000000
0.079948448561830324 0.400201506408270402 487.000000000000000000
0.079305629733130975 0.516148985206645428 609.000000000000000000
0.078742971706362130 0.626913378235325447 623.000000000000000000
0.078256826951895869 0.731112190988055799 633.000000000000000000
0.077843311266450207 0.827983864059018138 644.000000000000000000
0.077498385829987526 0.917103302044549817 655.000000000000000000
0.077217929394520185 0.998274467290336420 667.000000000000000000
0.076997800585324488 1.071477258554030865 680.000000000000000000
0.076833890613941885 1.136833893640733173 703.000000000000000000
0.076722166934846819 1.194583291505287415 720.000000000000000000
0.076658708560890257 1.245059298053378560 734.000000000000000000
0.076639733734789023 1.288671177562271453 753.000000000000000000
0.076617307126826198 1.316070987485566501 768.000000000000000000
0.074865407012976157 0.790264289748432214 790.000000000000000000
0.073299737505115925 0.216635563061523817 806.000000000000000000
0.072828353028497994 0.164593877817239331 823.000000000000000000
0.072665787962605644 0.149552086203737611 838.000000000000000000
0.072605096412921261 0.148270584507732728 854.000000000000000000
0.072590772617967869 0.152081804487627203 873.000000000000000000
0.071589256571917573 0.234386150327154097 892.000000000000000000
0.070436782193656428 0.442140254700390922 923.000000000000000000
0.070079971702665028 0.540926484349613879 1006.000000000000000000
0.069949562625842648 0.593013070889192750 1024.000000000000000000
0.069891192376901806 0.619549920407231780 1042.000000000000000000
0.069861780821702038 0.632655201400156297 1060.000000000000000000
0.069848039635280981 0.638646060365209434 1083.000000000000000000
0.069374911205174306 0.508220824660384429 1103.000000000000000000
0.068651803380366735 0.332925103660668908 1118.000000000000000000
0.068335790170767616 0.314530006837413556 1139.000000000000000000
0.068183537970419109 0.302652243975717772 1153.000000000000000000
0.068095401928461308 0.296054838810956011 1186.000000000000000000
0.067461174266194426 0.271597483882515867 1202.000000000000000000
0.066648953144031561 0.272513769337727974 1219.000000000000000000
0.066247007363796684 0.298577115346948418 1237.000000000000000000
0.066029116579250008 0.316998574624712592 1258.000000000000000000
0.065899879812791787 0.331223110542525623 1274.000000000000000000
0.065816116910123679 0.343093294572004548 1290.000000000000000000
0.065757326264848717 0.353534060926294469 1304.000000000000000000
0.065713465679057198 0.363008262793060532 1321.000000000000000000
0.065679498718059573 0.371757766958879410 1336.000000000000000000
0.065388850800599890 0.304127786848897574 1356.000000000000000000
0.065052077884944187 0.242202563970286999 1439.000000000000000000
0.064650165915388386 0.207141617330733940 1460.000000000000000000
0.063708891609335350 0.188880150934404689 1478.000000000000000000
0.063036070787622675 0.233882016331240006 1495.000000000000000000
0.062781851417486420 0.250236466465114327 1513.000000000000000000
0.062643580174234714 0.253770766686863769 1528.000000000000000000
0.062285715614345406 0.139508100371650512 1547.000000000000000000
0.062204307730077638 0.081756101419777127 1593.000000000000000000
0.060914798502261100 0.074815811928707801 1617.000000000000000000
0.062751410684885378 0.402884365980782477 1640.000000000000000000
0.066188590328182195 0.511613173126272969 1666.000000000000000000
0.068463538780001387 0.566342363655203851 1688.000000000000000000
0.069702745867696064 0.594478055901785707 1710.000000000000000000
0.070322596240769683 0.610332553474268846 1730.000000000000000000
0.070608359853624222 0.620344357147236680 1751.000000000000000000
0.070720371154713094 0.627448881510034417 1771.000000000000000000
0.070743054859775861 0.633032886040844733 1793.000000000000000000
0.070719822349436551 0.637774689755633561 1820.000000000000000000
0.070672696904918855 0.642009503041363394 1851.000000000000000000
0.070612830389381973 0.645905804673794215 1884.000000000000000000
0.070466630582516857 0.654800504858727872 1908.000000000000000000
0.070022694971877519 0.649793880722441597 1935.000000000000000000
0.069119719413686900 0.625870573876957326 1963.000000000000000000
0.067147480696582829 0.540676932253950859 1987.000000000000000000
0.063728701399820092 0.334714498204009059 2015.000000000000000000
0.060483119700082799 0.122307014404013009 2041.000000000000000000
0.058593289881100692 0.172282954626641616 2067.000000000000000000
0.058041809412008698 0.496731984476841359 2104.000000000000000000
0.058913256400499152 0.950187719849700296 2126.000000000000000000
0.058686401067389350 0.672406693177805992 2149.000000000000000000
0.060751323877214311 0.083584563449897550 2169.000000000000000000
0.065701860471473875 0.054881607364742069 2193.000000000000000000
0.068639091442073960 0.197497602516910120 2215.000000000000000000
0.073030888038157396 0.556618390904563110 2240.000000000000000000
0.079622878151113380 0.795498491975510813 2322.000000000000000000
0.083286104000213648 1.257249805791342379 2404.000000000000000000
0.082803691216118414 2.909030143899621557 2433.000000000000000000
0.080210208232413760 2.815900256133559321 2480.000000000000000000
0.076702367275812672 1.220868894885480671 2508.000000000000000000
0.077279556001449742 0.856292507221331323 2535.000000000000000000
0.077781873761980022 0.182648962955778454 2559.000000000000000000
0.076849839276664070 0.600646333025649626 2583.000000000000000000
0.076090062287832688 0.470452474448482039 2605.000000000000000000
0.075047837715845403 0.968205162733833280 2629.000000000000000000
0.073432780912181250 0.120488144840505199 2652.000000000000000000
0.072202078730243174 0.029233079054797811 2680.000000000000000000
0.072495764114957145 0.026239007713051828 2726.000000000000000000
0.071860490330817553 0.036207701043747043 2768.000000000000000000
0.071389220699200298 0.058864949255980036 2796.000000000000000000
0.071297289668581842 0.127767653391015951 2822.000000000000000000
0.071321776551809712 0.220633654433669696 2850.000000000000000000
0.071846636415621987 0.236793864212755806 2878.000000000000000000
0.069981044864878786 0.281537284410717736 2916.000000000000000000
0.068851696881334912 0.295195359989936623 2944.000000000000000000
0.068505813362612078 0.167285325957823250 2987.000000000000000000
0.067191312127288558 0.134243305982728184 3064.000000000000000000
0.067260779032381326 0.141142679086796147 3092.000000000000000000
0.067436895411866857 0.196985677516541835 3122.000000000000000000
0.066674428912109535 0.279725052648273798 3207.000000000000000000
0.065946210782020273 0.341348405897295093 3244.000000000000000000
0.064813492803444964 0.283180612047271629 3279.000000000000000000
0.064859169709481218 0.304847264736676948 3325.000000000000000000
0.064123415846507478 0.177131410893856145 3355.000000000000000000
0.062893666036683185 0.103238997678487043 3384.000000000000000000
0.062549614505773746 0.104285024162241710 3451.000000000000000000
0.060750106195413912 0.024550637538603301 3485.000000000000000000
0.059871307704535345 0.099627069309513899 3527.000000000000000000
0.059169105110015503 0.134390365025016001 3556.000000000000000000
0.057196930081204293 0.119161153878959161 3592.000000000000000000
0.056265021723941384 0.160086172639574364 3623.000000000000000000
0.057029359882054598 0.121452699912396281 3653.000000000000000000
0.056484806478483321 0.054032736801719897 3699.000000000000000000
0.054342773975104119 0.015974840803945105 3734.000000000000000000
0.053400639411253295 0.038316980449129991 3768.000000000000000000
0.053061783951846186 0.057412084369932184 3805.000000000000000000
0.052987639885132581 0.074963993543032167 3840.000000000000000000
0.053035982992213744 0.091011801222306635 3874.000000000000000000
0.052498839204609501 0.065042089923643728 3917.000000000000000000
0.051551060031525590 0.045909546699971653 3965.000000000000000000
0.051067926786013275 0.048638513458321375 4002.000000000000000000
0.050808741276132365 0.051264145273148737 4034.000000000000000000
0.050660351030924831 0.054227122239786270 4066.000000000000000000
0.050547903105035097 0.057748693124234224 4098.000000000000000000
0.050255279171479532 0.064320307241355831 4140.000000000000000000
0.049857696748042399 0.063899189179320706 4186.000000000000000000
0.049630664075279433 0.067493710195587808 4222.000000000000000000
0.049487440630477948 0.071156346901585052 4284.000000000000000000
0.049386594658875967 0.074935729642644458 4317.000000000000000000
0.049041600392499697 0.068536192617248595 4391.000000000000000000
0.048576562546351405 0.061632312548625910 4428.000000000000000000
0.048315032215892492 0.065163963822319884 4463.000000000000000000
0.048151229836650628 0.068196648005040592 4497.000000000000000000
0.048036389832895814 0.071323839902967298 4536.000000000000000000
0.047946654580491646 0.074469783976017473 4571.000000000000000000
0.047870199099015617 0.077650608812192226 4613.000000000000000000
0.047715009378906471 0.075214903646480591 4669.000000000000000000
0.047378916320882709 0.065940819780407181 4715.000000000000000000
0.047176882659625871 0.068621945889871958 4752.000000000000000000
0.047039112113472864 0.071060408464208177 4792.000000000000000000
0.046933000370443172 0.073548708377168412 4841.000000000000000000
0.046754907960310801 0.070544313994656355 4887.000000000000000000
0.046383577239844223 0.060113496700179556 4926.000000000000000000
0.046161034945180250 0.063101242176661840 4972.000000000000000000
0.046008590388687452 0.065736575127274169 5198.000000000000000000
0.045889673059718625 0.068301109781550254 5328.000000000000000000
0.045522570857855250 0.057624868148015262 5527.000000000000000000
0.045063879890236441 0.051834072236492265 5584.000000000000000000
0.044785086812155150 0.056534693336897070 5711.000000000000000000
0.044595740800707148 0.059552767701107512 5767.000000000000000000
0.044451744927423611 0.062524593939721068 5819.000000000000000000
0.044244279857696807 0.063125037125832506 5858.000000000000000000
0.043873967813625785 0.061596618583292163 5937.000000000000000000
0.043647633737887652 0.067901873432923199 6068.000000000000000000
0.043498841625831217 0.074296329383965756 6149.000000000000000000
0.043272923499460367 0.078603859134279683 6225.000000000000000000
0.042784763878878397 0.080530431942552549 6310.000000000000000000
0.042499154209778810 0.090989223922094242 6394.000000000000000000
0.042328280435949724 0.101641533731407163 6480.000000000000000000
0.042088867697968213 0.110074838288950094 6587.000000000000000000
0.041444463298949581 0.111324561498701624 6675.000000000000000000
0.041038613752235123 0.122457583086544128 6755.000000000000000000
0.040812353160301885 0.134892599708574090 6834.000000000000000000
0.040684564193811404 0.148392179807020991 6952.000000000000000000
0.040243002353823304 0.144382176073578200 7062.000000000000000000
0.039488575985499895 0.130023589988452787 7151.000000000000000000
0.039124985418849137 0.142042010885135600 7330.000000000000000000
0.038942460144554811 0.153316103557769950 7525.000000000000000000
0.038690066813744546 0.141512496470035970 7759.000000000000000000
0.037956147135320299 0.079607729536052135 8029.000000000000000000
0.037588585741621827 0.079678657985014723 8120.000000000000000000
0.037384844282694001 0.082888679666333273 8204.000000000000000000
0.037091191799016793 0.061527952413282794 8296.000000000000000000
0.036556885130510218 0.023914046162674393 8384.000000000000000000
0.036226766696184819 0.021923744262954584 8474.000000000000000000
0.036028539129695163 0.024598826843880209 8572.000000000000000000
0.035900558379994674 0.030488834992575278 8655.000000000000000000
0.035751293275018400 0.032819237841475155 8745.000000000000000000
0.035301806555380379 0.012962884962320410 8835.000000000000000000
0.035022788082509755 0.014395178336058176 8932.000000000000000000
0.034864951886919376 0.023409504526204040 9035.000000000000000000
0.034767653503935833 0.034250623139112611 9121.000000000000000000
0.034703868193802036 0.045749602566772206 9212.000000000000000000
0.034420422989133795 0.014064493338936404 9302.000000000000000000
0.034072402077289128 0.037198932244169904 9392.000000000000000000
0.033908433087847016 0.033520124820252704 9476.000000000000000000
0.033808623453599494 0.030327059702993858 9574.000000000000000000
0.033736087976566173 0.027423275697513617 9666.000000000000000000
0.033677095008703459 0.024788212728687663 9762.000000000000000000
0.033470478407955438 0.014532976109944274 9852.000000000000000000
0.033250804591384985 0.025158417955688076 9939.000000000000000000
0.033068022931444847 0.102731033468114560 10048.000000000000000000
0.033681431516808309 0.179227163601843348 10131.000000000000000000
0.034438053297420876 0.217774387575224854 10229.000000000000000000
0.034675822327076243 0.221035420176422776 10484.000000000000000000
0.034548991775681256 0.201817352521822257 10584.000000000000000000
0.034273729040542232 0.177116714112118628 10669.000000000000000000
0.033958798751353804 0.151221212993380122 10760.000000000000000000
0.033652635571965107 0.126738261381989320 10854.000000000000000000
0.033369832034383998 0.103010482369663287 10954.000000000000000000
0.033128927677284363 0.082303103251252091 11062.000000000000000000
0.032748531752313126 0.038007770736616264 11157.000000000000000000
0.032426549727943559 0.010972587942833347 11248.000000000000000000
0.032452702480287615 0.033109715068509238 11341.000000000000000000
0.032316986136733776 0.003230975468427498 11425.000000000000000000
0.032324892628142608 0.014489068538727166 11531.000000000000000000
0.032309701107397178 0.000283526060311205 11620.000000000000000000
0.032300958130256317 0.001480448117561929 11706.000000000000000000
0.032297241187782474 0.000303513772708471 11795.000000000000000000
0.032294767682302224 0.000616479580866854 11891.000000000000000000
0.032292629343831689 0.000299690599904142 11984.000000000000000000
0.032290728808328555 0.000200355001388497 12072.000000000000000000
0.032289225814606186 0.000169042828357092 12170.000000000000000000
0.032287970340761293 0.000123007517547675 12259.000000000000000000
0.032286878609054756 0.000140152165905257 12384.000000000000000000
0.032285911449155887 0.000120038827707694 12481.000000000000000000
0.032285047843728716 0.000114649880458535 12571.000000000000000000
0.032284269699141693 0.000123745827156189 12664.000000000000000000
0.032283561789084515 0.000133031489131635 12752.000000000000000000
0.032282912752503369 0.000137433505688469 12844.000000000000000000
0.032282313878632805 0.000140949119480501 12937.000000000000000000
0.032281758248411126 0.000145313903375680 13030.000000000000000000
0.032281240255243634 0.000149560417657536 13127.000000000000000000
0.032280755317878648 0.000153033016279363 13219.000000000000000000
0.032280299655214777 0.000155854086723071 13319.000000000000000000
0.032279870112359978 0.000158211481933803 13413.000000000000000000
0.032279464030304156 0.000160134916902287 13511.000000000000000000
0.032279079147584072 0.000161623332315516 13604.000000000000000000
0.032278713524783662 0.000162708840737438 13694.000000000000000000
0.032278365485784416 0.000163435518847243 13785.000000000000000000
0.032278033571566396 0.000163841215711856 13888.000000000000000000
0.032277716503600055 0.000163958514786308 13985.000000000000000000
0.032277413154582123 0.000163818045320981 14098.000000000000000000
0.032277122524845929 0.000163448557967403 14200.000000000000000000
0.032276843723195878 0.000162876281922268 14336.000000000000000000
0.032276575951220743 0.000162124902073314 14433.000000000000000000
0.032276318490364275 0.000161215810021528 14535.000000000000000000
0.032276070691197006 0.000160168307049576 14632.000000000000000000
0.032275831964457526 0.000158999763896025 14731.000000000000000000
0.032275601773525453 0.000157725783649803 14826.000000000000000000
0.032275379628060853 0.000156360368708075 14923.000000000000000000
0.032275165078599295 0.000154916076141099 15036.000000000000000000
0.032274957711934602 0.000153404160917696 15142.000000000000000000
0.032274757147154699 0.000151834706908053 15245.000000000000000000
0.032274563032221704 0.000150216746190252 15357.000000000000000000
0.032274375041007983 0.000148558367080978 15454.000000000000000000
0.032274192870716048 0.000146866811510015 15552.000000000000000000
0.032274016239623414 0.000145148562538543 15652.000000000000000000
0.032273844885103417 0.000143409422866007 15760.000000000000000000
0.032273678561881632 0.000141654585147868 15893.000000000000000000
0.032273517040494720 0.000139888694913817 15992.000000000000000000
0.032273360105922806 0.000138115906831306 16090.000000000000000000
0.032273207556372467 0.000136339934984995 16205.000000000000000000
0.032273059202189952 0.000134564098345484 16305.000000000000000000
0.032272914864888043 0.000132791365805164 16408.000000000000000000
0.032272774376274439 0.000131024377762369 16507.000000000000000000
0.032272637577662813 0.000129265467440414 16608.000000000000000000
0.032272504319161247 0.000127516756574141 16722.000000000000000000
0.032272374459032548 0.000125780107521456 16825.000000000000000000
0.032272247863109768 0.000124057170549752 16940.000000000000000000
0.032272124404266647 0.000122349410159856 17044.000000000000000000
0.032272003961934685 0.000120658120472831 17152.000000000000000000
0.032271886421662392 0.000118984440813245 17253.000000000000000000
0.032271771674712221 0.000117329370884349 17354.000000000000000000
0.032271659617691129 0.000115693784287919 17461.000000000000000000
0.032271550152211601 0.000114078440519634 17572.000000000000000000
0.032271443184579612 0.000112483995752356 17684.000000000000000000
0.032271338625507566 0.000110911012574119 17788.000000000000000000
0.032271236389849203 0.000109359968760184 17903.000000000000000000
0.032271136396354948 0.000107831265185661 18031.000000000000000000
0.032271038567445100 0.000106325232962734 18142.000000000000000000
0.032270942829000240 0.000104842139889544 18244.000000000000000000
0.032270849110166235 0.000103382196286455 18360.000000000000000000
0.032270757343173265 0.000101945560278666 18464.000000000000000000
0.032270667463167653 0.000100532342567069 18573.000000000000000000
0.032270579408054938 0.000099142610770051 18676.000000000000000000
0.032270493118353713 0.000097776393363315 18789.000000000000000000
0.032270408537058960 0.000096433683252031 18892.000000000000000000
0.032270325609514733 0.000095114441025034 19023.000000000000000000
0.032270244283294516 0.000093818597915921 19127.000000000000000000
0.032270164508089588 0.000092546058501455 19241.000000000000000000
0.032270086235604012 0.000091296703168690 19366.000000000000000000
0.032270009419456430 0.000090070390361433 19490.000000000000000000
0.032269934015087466 0.000088866958639720 19597.000000000000000000
0.032269859979672931 0.000087686228558004 19717.000000000000000000
0.032269787272041932 0.000086528004395124 19867.000000000000000000
0.032269715852599842 0.000085392075737667 19980.000000000000000000
0.032269645683255729 0.000084278218933680 20094.000000000000000000
0.032269576727353630 0.000083186198431619 20210.000000000000000000
0.032269508949608047 0.000082115768010974 20331.000000000000000000
0.032269442316042549 0.000081066671921118 20446.000000000000000000
0.032269376793932089 0.000080038645924383 20561.000000000000000000
0.032269312351748104 0.000079031418266597 20680.000000000000000000
0.032269248959106774 0.000078044710569452 20802.000000000000000000
0.032269186586719671 0.000077078238661367 20930.000000000000000000
0.032269125206347365 0.000076131713345230 21044.000000000000000000
0.032269064790754927 0.000075204841117145 21162.000000000000000000
0.032269005313661399 0.000074297330153954 21285.000000000000000000
0.032268946749734705 0.000073408866173884 21410.000000000000000000
0.032268889074500602 0.000072539157865010 21532.000000000000000000
0.032268832264342642 0.000071687898773537 21658.000000000000000000
0.032268776296458447 0.000070854781776196 21785.000000000000000000
0.032268721148826791 0.000070039500119998 21914.000000000000000000
0.032268666800177259 0.000069241745234358 22032.000000000000000000
0.032268613229958755 0.000068461210650515 22150.000000000000000000
0.032268560418302970 0.000067697599420432 22282.000000000000000000
0.032268508346028575 0.000066950585772165 22410.000000000000000000
0.032268456994580169 0.000066219867687043 22535.000000000000000000
0.032268406346016534 0.000065505143214865 22706.000000000000000000
0.032268356382985482 0.000064806110833941 22840.000000000000000000
0.032268307088705067 0.000064122467527293 22974.000000000000000000
0.032268258446941353 0.000063453909596737 23106.000000000000000000
0.032268210441983899 0.000062800143770522 23229.000000000000000000
0.032268163058625586 0.000062160878313763 23362.000000000000000000
0.032268116282156312 0.000061535808671137 23488.000000000000000000
0.032268070098324726 0.000060924653935089 23612.000000000000000000
0.032268024493334796 0.000060327126007256 23745.000000000000000000
0.032267979453825389 0.000059742939839628 23870.000000000000000000
0.032267934966854428 0.000059171814579717 24014.000000000000000000
0.032267891019883442 0.000058613472754139 24147.000000000000000000
0.032267847600762983 0.000058067640234896 24279.000000000000000000
0.032267804697718588 0.000057534046448517 24419.000000000000000000
0.032267762299337165 0.000057012424422354 24553.000000000000000000
0.032267720394554042 0.000056502510901584 24684.000000000000000000
0.032267678972640539 0.000056004046419013 24814.000000000000000000
0.032267638023192095 0.000055516775357042 24947.000000000000000000
0.032267597536116514 0.000055040446004344 25082.000000000000000000
0.032267557501623335 0.000054574810605145 25214.000000000000000000
0.032267517910212824 0.000054119625400675 25351.000000000000000000
0.032267478752666029 0.000053674650662752 25485.000000000000000000
0.032267440020034892 0.000053239650721304 25623.000000000000000000
0.032267401703632868 0.000052814393985202 25755.000000000000000000
0.032267363795025858 0.000052398652957176 25892.000000000000000000
0.032267326286023440 0.000051992204242642 26040.000000000000000000
0.032267289168670610 0.000051594828552040 26176.000000000000000000
0.032267252435239598 0.000051206310699898 26311.000000000000000000
0.032267216078222125 0.000050826439600194 26489.000000000000000000
0.032267180090322055 0.000050455008250363 26644.000000000000000000
0.032267144464448123 0.000050091813718581 26805.000000000000000000
0.032267109193706969 0.000049736657124489 26969.000000000000000000
0.032267074271396551 0.000049389343615782 27134.000000000000000000
0.032267039690999776 0.000049049682332629 27297.000000000000000000
0.032267005446178200 0.000048717486400194 27463.000000000000000000
0.032266971530766173 0.000048392572868829 27603.000000000000000000
0.032266937938765096 0.000048074762689933 27741.000000000000000000
0.032266904664337931 0.000047763880676446 27876.000000000000000000
0.032266871701803770 0.000047459755460318 28012.000000000000000000
0.032266839045632906 0.000047162219448697 28154.000000000000000000
0.032266806690441713 0.000046871108778643 28300.000000000000000000
0.032266774630988031 0.000046586263258612 28439.000000000000000000
0.032266742862166437 0.000046307526355538 28587.000000000000000000
0.032266711379004005 0.000046034745098951 28737.000000000000000000
0.032266680176655869 0.000045767770049979 28879.000000000000000000
0.032266649250401250 0.000045506455247768 29023.000000000000000000
0.032266618595639417 0.000045250658152971 29160.000000000000000000
0.032266588207885950 0.000045000239592371 29304.000000000000000000
0.032266558082768959 0.000044755063702908 29473.000000000000000000
0.032266528216025610 0.000044514997874977 29613.000000000000000000
0.032266498603498665 0.000044279912695075 29754.000000000000000000
0.032266469241133217 0.000044049681888116 29894.000000000000000000
0.032266440124973393 0.000043824182259492 30051.000000000000000000
0.032266411251159442 0.000043603293636971 30191.000000000000000000
0.032266382615924592 0.000043386898812299 30337.000000000000000000
0.032266354215592402 0.000043174883483064 30477.000000000000000000
0.032266326046573722 0.000042967136194965 30620.000000000000000000
0.032266298105364327 0.000042763548282733 30762.000000000000000000
0.032266270388542094 0.000042564013812923 30909.000000000000000000
0.032266242892764627 0.000042368429526578 31077.000000000000000000
0.032266215614766884 0.000042176694782071 31218.000000000000000000
0.032266188551358758 0.000041988711498433 31360.000000000000000000
0.032266161699422972 0.000041804384099144 31531.000000000000000000
0.032266135055912804 0.000041623619456507 31675.000000000000000000
0.032266108617850023 0.000041446326836602 31818.000000000000000000
0.032266082382322953 0.000041272417844783 31966.000000000000000000
0.032266056346484412 0.000041101806372112 32111.000000000000000000
0.032266030507549885 0.000040934408542179 32263.000000000000000000
0.032266004862795759 0.000040770142658433 32437.000000000000000000
0.032265979409557437 0.000040608929152906 32588.000000000000000000
0.032265954145227767 0.000040450690535345 32739.000000000000000000
0.032265929067255339 0.000040295351343157 32894.000000000000000000
0.032265904173142915 0.000040142838092176 33060.000000000000000000
0.032265879460445838 0.000039993079228233 33208.000000000000000000
0.032265854926770685 0.000039846005079759 33362.000000000000000000
0.032265830569773654 0.000039701547811043 33517.000000000000000000
0.032265806387159396 0.000039559641376309 33667.000000000000000000
0.032265782376679396 0.000039420221474820 33820.000000000000000000
0.032265758536130944 0.000039283225506904 33977.000000000000000000
0.032265734863355794 0.000039148592530662 34132.000000000000000000
0.032265711356238798 0.000039016263219631 34282.000000000000000000
0.032265688012707017 0.000038886179821363 34438.000000000000000000
0.032265664830728263 0.000038758286116873 34621.000000000000000000
0.032265641808310312 0.000038632527370272 34804.000000000000000000
0.032265618943499608 0.000038508850327022 34987.000000000000000000
0.032265596234380321 0.000038387203129611 35149.000000000000000000
0.032265573679073400 0.000038267535303297 35349.000000000000000000
0.032265551275735493 0.000038149797717784 35513.000000000000000000
0.032265529022558144 0.000038033942551525 35665.000000000000000000
0.032265506917766723 0.000037919923255916 35844.000000000000000000
0.032265484959619728 0.000037807694522040 36005.000000000000000000
0.032265463146407776 0.000037697212342054 36171.000000000000000000
0.032265441476452703 0.000037588433877913 36324.000000000000000000
0.032265419948107478 0.000037481316881351 36511.000000000000000000
0.032265398559754431 0.000037375820971310 36666.000000000000000000
0.032265377309802029 0.000037271907528220 36818.000000000000000000
0.032265356196695578 0.000037169535890969 36971.000000000000000000
0.032265335218899363 0.000037068670507195 37121.000000000000000000
0.032265314374909398 0.000036969272927297 37277.000000000000000000
0.032265293663239658 0.000036871317480633 37431.000000000000000000
0.032265273082447872 0.000036774748198570 37590.000000000000000000
0.032265252631099355 0.000036679547450644 37744.000000000000000000
0.032265232307790125 0.000036585679847529 37915.000000000000000000
0.032265212111139766 0.000036493112418404 38088.000000000000000000
0.032265192039790988 0.000036401814340453 38251.000000000000000000
0.032265172092409262 0.000036311755428538 38410.000000000000000000
0.032265152267682409 0.000036222906084017 38572.000000000000000000
0.032265132564319836 0.000036135237709878 38730.000000000000000000
0.032265112981052044 0.000036048722398072 38890.000000000000000000
0.032265093516630219 0.000035963332966703 39057.000000000000000000
0.032265074169825755 0.000035879042967009 39227.000000000000000000
0.032265054939429813 0.000035795826639062 39393.000000000000000000
0.032265035824252795 0.000035713658890853 39558.000000000000000000
0.032265016823124069 0.000035632515210714 39709.000000000000000000
0.032264997934891002 0.000035552372105642 39865.000000000000000000
0.032264979158419874 0.000035473205922077 40026.000000000000000000
0.032264960492593524 0.000035394994558239 40191.000000000000000000
0.032264941936311929 0.000035317716478030 40361.000000000000000000
0.032264923488494107 0.000035241348752442 40536.000000000000000000
0.032264905148073009 0.000035165871796886 40710.000000000000000000
0.032264886913998876 0.000035091265027277 40889.000000000000000000
0.032264868785237502 0.000035017508640819 41074.000000000000000000
0.032264850760770174 0.000034944583409631 41246.000000000000000000
0.032264832839593312 0.000034872470592299 41412.000000000000000000
0.032264815020718089 0.000034801151929363 41586.000000000000000000
0.032264797303170237 0.000034730609634945 41758.000000000000000000
0.032264779685989634 0.000034660826383791 41947.000000000000000000
0.032264762168230030 0.000034591785298418 42119.000000000000000000
0.032264744748958872 0.000034523469937143 42302.000000000000000000
0.032264727427256903 0.000034455864281731 42480.000000000000000000
0.032264710202217828 0.000034388952726074 42659.000000000000000000
0.032264693072948332 0.000034322720065525 42838.000000000000000000
0.032264676038567537 0.000034257151485635 43022.000000000000000000
0.032264659098205889 0.000034192233302119 43197.000000000000000000
0.032264642251008870 0.000034127949524767 43367.000000000000000000
0.032264625496130836 0.000034064287921922 43538.000000000000000000
0.032264608832738718 0.000034001234788201 43707.000000000000000000
0.032264592260010452 0.000033938777335132 43880.000000000000000000
0.032264575777135547 0.000033876902660556 44071.000000000000000000
0.032264559383314448 0.000033815598298740 44238.000000000000000000
0.032264543077758015 0.000033754852416639 44411.000000000000000000
0.032264526859687462 0.000033694653337012 44573.000000000000000000
0.032264510728332807 0.000033634991000358 44736.000000000000000000
0.032264494682940098 0.000033575850468282 44902.000000000000000000
0.032264478722759359 0.000033517223497875 45075.000000000000000000
0.032264462847052151 0.000033459099299197 45238.000000000000000000
0.032264447055089449 0.000033401467360573 45404.000000000000000000
0.032264431346151937 0.000033344317568734 45575.000000000000000000
0.032264415719529330 0.000033287640158069 45748.000000000000000000
0.032264400174520216 0.000033231425669129 45919.000000000000000000
0.032264384710431353 0.000033175665459321 46097.000000000000000000
0.032264369326581409 0.000033120348136868 46288.000000000000000000
0.032264354022295098 0.000033065466382417 46472.000000000000000000
0.032264338796905018 0.000033011011777375 46645.000000000000000000
0.032264323649753297 0.000032956975274085 46820.000000000000000000
0.032264308580189645 0.000032903348932600 46990.000000000000000000
0.032264293587571845 0.000032850124673230 47172.000000000000000000
0.032264278671265648 0.000032797294620605 47350.000000000000000000
0.032264263830644388 0.000032744851202190 47537.000000000000000000
0.032264249065089186 0.000032692786900618 47712.000000000000000000
0.032264234373988378 0.000032641094471615 47905.000000000000000000
0.032264219756737780 0.000032589766840317 48088.000000000000000000
0.032264205212740329 0.000032538797091738 48273.000000000000000000
0.032264190741405525 0.000032488178933691 48444.000000000000000000
0.032264176342151771 0.000032437904512292 48627.000000000000000000
0.032264162014402152 0.000032387968563079 48843.000000000000000000
0.032264147757587465 0.000032338364282054 49033.000000000000000000
0.032264133571144910 0.000032289085772287 49226.000000000000000000
0.032264119454518056 0.000032240127272192 49406.000000000000000000
0.032264105407157399 0.000032191482463708 49596.000000000000000000
0.032264091428519326 0.000032143145941725 49774.000000000000000000
0.032264077518066619 0.000032095112135384 49954.000000000000000000
0.032264063675268004 0.000032047375618462 50142.000000000000000000
0.032264049899598440 0.000031999931107489 50338.000000000000000000
0.032264036190538664 0.000031952773445848 50511.000000000000000000
0.032264022547575266 0.000031905897600017 50685.000000000000000000
0.032264008970200625 0.000031859298656612 50864.000000000000000000
0.032263995457912684 0.000031812971819439 51061.000000000000000000
0.032263982010215055 0.000031766912405941 51241.000000000000000000
0.032263968626616679 0.000031721115901024 51422.000000000000000000
0.032263955306632078 0.000031675577757511 51604.000000000000000000
0.032263942049780926 0.000031630293640806 51800.000000000000000000
0.032263928855588181 0.000031585259301504 51987.000000000000000000
0.032263915723584009 0.000031540470584751 52179.000000000000000000
0.032263902653303561 0.000031495923433276 52374.000000000000000000
0.032263889644287058 0.000031451613886622 52559.000000000000000000
0.032263876696079538 0.000031407538108792 52743.000000000000000000
0.032263863808231055 0.000031363692269053 52939.000000000000000000
0.032263850980296167 0.000031320072856206 53137.000000000000000000
0.032263838211834643 0.000031276675841593 53332.000000000000000000
0.032263825502410526 0.000031233497902086 53565.000000000000000000
0.032263812851592341 0.000031190535802556 53759.000000000000000000
0.032263800258950412 0.000031147787710136 53968.000000000000000000
0.032263787724068210 0.000031105246256862 54152.000000000000000000
0.032263775246524823 0.000031062911263903 54370.000000000000000000
0.032263762825906636 0.000031020779161208 54566.000000000000000000
0.032263750461804214 0.000030978846729046 54782.000000000000000000
0.032263738153812345 0.000030937110983295 54999.000000000000000000
0.032263725901529934 0.000030895569016738 55196.000000000000000000
0.032263713704560007 0.000030854217960010 55398.000000000000000000
0.032263701562509593 0.000030813055018572 55615.000000000000000000
0.032263689474989546 0.000030772077607155 55813.000000000000000000
0.032263677441615089 0.000030731282779063 56018.000000000000000000
0.032263665462004841 0.000030690668135232 56242.000000000000000000
0.032263653535781603 0.000030650230976471 56462.000000000000000000
0.032263641662571597 0.000030609968936783 56718.000000000000000000
0.032263629842000589 0.000030569882183056 56999.000000000000000000
0.032263618073708394 0.000030529963807176 57243.000000000000000000
0.032263606357331311 0.000030490212776905 57493.000000000000000000
0.032263594692510000 0.000030450627385529 57716.000000000000000000
0.032263583078888644 0.000030411205390952 57964.000000000000000000
0.032263571516115003 0.000030371944615928 58203.000000000000000000
0.032263560003840334 0.000030332842957461 58441.000000000000000000
0.032263548541719221 0.000030293898380549 58660.000000000000000000
0.032263537129409652 0.000030255108808697 58928.000000000000000000
0.032263525766572924 0.000030216472333816 59171.000000000000000000
0.032263514452873461 0.000030177986933773 59385.000000000000000000
0.032263503187979027 0.000030139650717526 59601.000000000000000000
0.032263491971560518 0.000030101461837537 59835.000000000000000000
0.032263480803291944 0.000030063418442445 60036.000000000000000000
0.032263469682850383 0.000030025518775391 60244.000000000000000000
0.032263458609916043 0.000029987761100370 60471.000000000000000000
0.032263447584172003 0.000029950143714207 60682.000000000000000000
0.032263436605304389 0.000029912664933950 60907.000000000000000000
0.032263425673002284 0.000029875323137083 61145.000000000000000000
0.032263414786957594 0.000029838116602944 61377.000000000000000000
0.032263403946865235 0.000029801043891204 61606.000000000000000000
0.032263393152422735 0.000029764103494563 61827.000000000000000000
0.032263382403330453 0.000029727293910577 62053.000000000000000000
0.032263371699291568 0.000029690613633133 62281.000000000000000000
0.032263361040012005 0.000029654061239597 62508.000000000000000000
0.032263350425200260 0.000029617635331005 62744.000000000000000000
0.032263339854567662 0.000029581334473384 62979.000000000000000000
0.032263329327827502 0.000029545157689512 63228.000000000000000000
0.032263318844696666 0.000029509103183050 63451.000000000000000000
0.032263308404894213 0.000029473169778215 63682.000000000000000000
0.032263298008141164 0.000029437356493677 63912.000000000000000000
0.032263287654162025 0.000029401661692006 64142.000000000000000000
0.032263277342683243 0.000029366084265749 64373.000000000000000000
0.032263267073433716 0.000029330623047938 64605.000000000000000000
0.032263256846144804 0.000029295276867414 64827.000000000000000000
0.032263246660550193 0.000029260044581170 65055.000000000000000000
0.032263236516385962 0.000029224925070356 65285.000000000000000000
0.032263226413390488 0.000029189917238235 65525.000000000000000000
0.032263216351304448 0.000029155020010075 65754.000000000000000000
0.032263206329870758 0.000029120232354765 65987.000000000000000000
0.032263196348834615 0.000029085553235308 66220.000000000000000000
0.032263186407943366 0.000029050981686037 66445.000000000000000000
0.032263176506946822 0.000029016516555743 66683.000000000000000000
0.032263166645596648 0.000028982156989112 66918.000000000000000000
0.032263156823646832 0.000028947902014393 67158.000000000000000000
0.032263147040853382 0.000028913750687700 67429.000000000000000000
0.032263137296974463 0.000028879702092070 67674.000000000000000000
0.032263127591770274 0.000028845755331284 67926.000000000000000000
0.032263117925003082 0.000028811909521241 68176.000000000000000000
0.032263108296437158 0.000028778163796132 68420.000000000000000000
0.032263098705838850 0.000028744517306870 68682.000000000000000000
0.032263089152976238 0.000028710969292241 68941.000000000000000000
0.032263079637619707 0.000028677518830419 69184.000000000000000000
0.032263070159541420 0.000028644165147642 69421.000000000000000000
0.032263060718515445 0.000028610907463356 69654.000000000000000000
0.032263051314317774 0.000028577745004837 69905.000000000000000000
0.032263041946726245 0.000028544677015377 70169.000000000000000000
0.032263032615520576 0.000028511702752369 70404.000000000000000000
0.032263023320482240 0.000028478821485298 70655.000000000000000000
0.032263014061394653 0.000028446032497690 70901.000000000000000000
0.032263004838042883 0.000028413335086398 71173.000000000000000000
0.032262995650213892 0.000028380728561169 71428.000000000000000000
0.032262986497696343 0.000028348212243989 71693.000000000000000000
0.032262977380280632 0.000028315785471729 71959.000000000000000000
0.032262968297758800 0.000028283447590116 72204.000000000000000000
0.032262959249924734 0.000028251197957737 72448.000000000000000000
0.032262950236573905 0.000028219035943767 72701.000000000000000000
0.032262941257503452 0.000028186960928437 72946.000000000000000000
0.032262932312512198 0.000028154972302942 73209.000000000000000000
0.032262923401400564 0.000028123069469019 73489.000000000000000000
0.032262914523970551 0.000028091251838715 73759.000000000000000000
0.032262905680025863 0.000028059518834150 74010.000000000000000000
0.032262896869371650 0.000028027869887328 74262.000000000000000000
0.032262888091814670 0.000027996304438967 74511.000000000000000000
0.032262879347163279 0.000027964821940001 74766.000000000000000000
0.032262870635227266 0.000027933421851160 75053.000000000000000000
0.032262861955818026 0.000027902103641908 75325.000000000000000000
0.032262853308748340 0.000027870866790391 75573.000000000000000000
0.032262844693832594 0.000027839710783299 75837.000000000000000000
0.032262836110886546 0.000027808635115778 76094.000000000000000000
0.032262827559727460 0.000027777639291127 76347.000000000000000000
0.032262819040173960 0.000027746722816252 76619.000000000000000000
0.032262810552046238 0.000027715885222064 76899.000000000000000000
0.032262802095165695 0.000027685126030853 77186.000000000000000000
0.032262793669355277 0.000027654444777926 77496.000000000000000000
0.032262785274439224 0.000027623841014684 77774.000000000000000000
0.032262776910243172 0.000027593314283565 78039.000000000000000000
0.032262768576594103 0.000027562864141878 78311.000000000000000000
0.032262760273320555 0.000027532490035625 78618.000000000000000000
0.032262752000252005 0.000027502191683425 78947.000000000000000000
0.032262743757219457 0.000027471968627806 79244.000000000000000000
0.032262735544055100 0.000027441820443042 79545.000000000000000000
0.032262727360592519 0.000027411746719551 79829.000000000000000000
0.032262719206666464 0.000027381747053143 80144.000000000000000000
0.032262711082113087 0.000027351821045066 80430.000000000000000000
0.032262702986769608 0.000027321968302432 80696.000000000000000000
0.032262694920474705 0.000027292188438000 80962.000000000000000000
0.032262686883068048 0.000027262481070044 81225.000000000000000000
0.032262678874390625 0.000027232845822241 81514.000000000000000000
0.032262670894284681 0.000027203282323534 81796.000000000000000000
0.032262662942593535 0.000027173790208080 82080.000000000000000000
0.032262655019161771 0.000027144369114291 82394.000000000000000000
0.032262647123835038 0.000027115018684962 82677.000000000000000000
0.032262639256460279 0.000027085738569772 82991.000000000000000000
0.032262631416885436 0.000027056528427499 83283.000000000000000000
0.032262623604959663 0.000027027387912654 83612.000000000000000000
0.032262615820533233 0.000026998316686127 83924.000000000000000000
0.032262608063457494 0.000026969314416858 84250.000000000000000000
0.032262600333584884 0.000026940380776827 84536.000000000000000000
0.032262592630768999 0.000026911515442281 84811.000000000000000000
0.032262584954864462 0.000026882718093702 85223.000000000000000000
0.032262577305726951 0.000026853988417196 85867.000000000000000000
0.032262569683213213 0.000026825326100786 86260.000000000000000000
0.032262562087181063 0.000026796730836953 86656.000000000000000000
0.032262554517489328 0.000026768202322266 87072.000000000000000000
0.032262546973997865 0.000026739740257040 87371.000000000000000000
0.032262539456567610 0.000026711344346598 87827.000000000000000000
0.032262531965061451 0.000026683013701626 88178.000000000000000000
0.032262524499341513 0.000026654748814943 88472.000000000000000000
0.032262517059271398 0.000026626549303189 88724.000000000000000000
0.032262509644715956 0.000026598414833301 88987.000000000000000000
0.032262502255541010 0.000026570345110773 89267.000000000000000000
0.032262494891613341 0.000026542339860312 89546.000000000000000000
0.032262487552800687 0.000026514398810375 89870.000000000000000000
0.032262480238971811 0.000026486521689682 90187.000000000000000000
0.032262472949996283 0.000026458708232724 90450.000000000000000000
0.032262465685744542 0.000026430958242131 90721.000000000000000000
0.032262458446088042 0.000026403271436556 90981.000000000000000000
0.032262451230899172 0.000026375647583144 91246.000000000000000000
0.032262444040051165 0.000026348086392173 91506.000000000000000000
0.032262436873418218 0.000026320587630595 91768.000000000000000000
0.032262429730876362 0.000026293150509138 92041.000000000000000000
0.032262422612300765 0.000026265775478147 92297.000000000000000000
0.032262415517568248 0.000026238462115753 92576.000000000000000000
0.032262408446556513 0.000026211210147480 92840.000000000000000000
0.032262401399144096 0.000026184019340354 93130.000000000000000000
0.032262394375210356 0.000026156889460494 93399.000000000000000000
0.032262387374635569 0.000026129820273952 93730.000000000000000000
0.032262380397300734 0.000026102811549400 94068.000000000000000000
0.032262373443087751 0.000026075863058010 94362.000000000000000000
0.032262366511879290 0.000026048974573232 94650.000000000000000000
0.032262359603558909 0.000026022145917045 94937.000000000000000000
0.032262352718010937 0.000025995376760398 95222.000000000000000000
0.032262345855120451 0.000025968666968401 95492.000000000000000000
0.032262339014773302 0.000025942016279041 95791.000000000000000000
0.032262332196856189 0.000025915424506676 96092.000000000000000000
0.032262325401256599 0.000025888891430159 96590.000000000000000000
0.032262318627862725 0.000025862416846235 96960.000000000000000000
0.032262311876563511 0.000025836000535368 97373.000000000000000000
0.032262305147248690 0.000025809642310819 97702.000000000000000000
0.032262298439808844 0.000025783341887812 98014.000000000000000000
0.032262291754135260 0.000025757099101509 98434.000000000000000000
0.032262285090119323 0.000025730913998543 98769.000000000000000000
0.032262278447654218 0.000025704786039998 99066.000000000000000000
0.032262271826633333 0.000025678715116446 99383.000000000000000000
0.032262265226950776 0.000025652701046314 99677.000000000000000000
0.032262258648501393 0.000025626743631235 99976.000000000000000000
0.032262252091180756 0.000025600842676645 100280.000000000000000000
0.032262245554885077 0.000025574997990263 100576.000000000000000000
0.032262239039511337 0.000025549209381325 100895.000000000000000000
0.032262232544957130 0.000025523476660475 101209.000000000000000000
0.032262226071120718 0.000025497799640728 101632.000000000000000000
0.032262219617901176 0.000025472178135463 102084.000000000000000000
0.032262213185198049 0.000025446611959800 102420.000000000000000000
0.032262206772908898 0.000025421105035792 102712.000000000000000000
0.032262200380937606 0.000025395650920077 103038.000000000000000000
0.032262194009185861 0.000025370251266219 103336.000000000000000000
0.032262187657555876 0.000025344906174440 103624.000000000000000000
0.032262181325950545 0.000025319615417286 103912.000000000000000000
0.032262175014272539 0.000025294379913237 104201.000000000000000000
0.032262168722426994 0.000025269197708560 104556.000000000000000000
0.032262162450318724 0.000025244069183656 104851.000000000000000000
0.032262156197853657 0.000025218993595988 105309.000000000000000000
0.032262149964937217 0.000025193971874536 105668.000000000000000000
0.032262143751475979 0.000025169003499182 105956.000000000000000000
0.032262137557377259 0.000025144088254712 106287.000000000000000000
0.032262131382548888 0.000025119225985783 106640.000000000000000000
0.032262125226899294 0.000025094416530718 106942.000000000000000000
0.032262119090337542 0.000025069659781844 107265.000000000000000000
0.032262112972774898 0.000025044952441384 107626.000000000000000000
0.032262106874115543 0.000025020301180206 107947.000000000000000000
0.032262100794277521 0.000024995699747259 108280.000000000000000000
0.032262094733169371 0.000024971150870806 108605.000000000000000000
0.032262088690702989 0.000024946653982530 108956.000000000000000000
0.032262082666790821 0.000024922208811230 109292.000000000000000000
0.032262076661345902 0.000024897815215361 109612.000000000000000000
0.032262070674281836 0.000024873473007126 109990.000000000000000000
0.032262064705512732 0.000024849182051619 110323.000000000000000000
0.032262058754953277 0.000024824942206655 110689.000000000000000000
0.032262052822517748 0.000024800753785328 111105.000000000000000000
0.032262046908123267 0.000024776615714394 111451.000000000000000000
0.032262041011685394 0.000024752528516562 111768.000000000000000000
0.032262035133120752 0.000024728491962437 112077.000000000000000000
0.032262029272347864 0.000024704505180349 112399.000000000000000000
0.032262023429281417 0.000024680570105179 112707.000000000000000000
0.032262017603842383 0.000024656684352042 113028.000000000000000000
0.032262011795949799 0.000024632848282867 113350.000000000000000000
0.032262006005522918 0.000024609061938741 113659.000000000000000000
0.032262000232481575 0.000024585325172951 113974.000000000000000000
0.032261994476746068 0.000024561637841563 114290.000000000000000000
0.032261988738237247 0.000024537999804920 114644.000000000000000000
0.032261983016876425 0.000024514410923900 115001.000000000000000000
0.032261977312586183 0.000024490870662539 115327.000000000000000000
0.032261971625288065 0.000024467379511180 115660.000000000000000000
0.032261965954904832 0.000024443937133531 116048.000000000000000000
0.032261960301359797 0.000024420543359747 116555.000000000000000000
0.032261954664576695 0.000024397198054029 116887.000000000000000000
0.032261949044479793 0.000024373901076025 117206.000000000000000000
0.032261943440993743 0.000024350652285647 117553.000000000000000000
0.032261937854043653 0.000024327451550892 117866.000000000000000000
0.032261932283555214 0.000024304298720410 118189.000000000000000000
0.032261926729454431 0.000024281193660145 118529.000000000000000000
0.032261921191667854 0.000024258136233329 118863.000000000000000000
0.032261915670122362 0.000024235126303233 119261.000000000000000000
0.032261910164745444 0.000024212163734006 119671.000000000000000000
0.032261904675464893 0.000024189248390745 120104.000000000000000000
0.032261899202208982 0.000024166380138355 120812.000000000000000000
0.032261893744906393 0.000024143558842740 121184.000000000000000000
0.032261888303486266 0.000024120784369809 121609.000000000000000000
0.032261882877878220 0.000024098056586990 121987.000000000000000000
0.032261877468012186 0.000024075375363263 122445.000000000000000000
0.032261872073818566 0.000024052740565016 122918.000000000000000000
0.032261866695228188 0.000024030152061770 123305.000000000000000000
0.032261861332172272 0.000024007609723583 123640.000000000000000000
0.032261855984582498 0.000023985113420228 123975.000000000000000000
0.032261850652390872 0.000023962663022298 124304.000000000000000000
0.032261845335529872 0.000023940258400993 124639.000000000000000000
0.032261840033932350 0.000023917899428067 124988.000000000000000000
0.032261834747531540 0.000023895585975807 125330.000000000000000000
0.032261829476261106 0.000023873317917037 125678.000000000000000000
0.032261824220054872 0.000023851095219794 126182.000000000000000000
0.032261818978844316 0.000023828919138566 126612.000000000000000000
0.032261813752566981 0.000023806787537218 126990.000000000000000000
0.032261808541158475 0.000023784700638431 127509.000000000000000000
0.032261803344558242 0.000023762656591740 128095.000000000000000000
0.032261798162698391 0.000023740658108970 128817.000000000000000000
0.032261792995515189 0.000023718704237507 129445.000000000000000000
0.032261787842945457 0.000023696794736879 129902.000000000000000000
0.032261782704926141 0.000023674929508019 130670.000000000000000000
0.032261777581394743 0.000023653108432982 131152.000000000000000000
0.032261772472289021 0.000023631331389526 131826.000000000000000000
0.032261767377543403 0.000023609600130374 132191.000000000000000000
0.032261762297103959 0.000023587909848580 132619.000000000000000000
0.032261757230902251 0.000023566265710467 132990.000000000000000000
0.032261752178883718 0.000023544663140736 133392.000000000000000000
0.032261747140985932 0.000023523104255812 133827.000000000000000000
0.032261742117148010 0.000023501589129567 134303.000000000000000000
0.032261737107310250 0.000023480117307856 134828.000000000000000000
0.032261732111413324 0.000023458688635762 135432.000000000000000000
0.032261727129398142 0.000023437302985779 135930.000000000000000000
0.032261722161205986 0.000023415960224967 136395.000000000000000000
0.032261717206778548 0.000023394660221708 136769.000000000000000000
0.032261712266058049 0.000023373402079551 137136.000000000000000000
0.032261707338986458 0.000023352186928633 137512.000000000000000000
0.032261702425506376 0.000023331014411189 137864.000000000000000000
0.032261697525560740 0.000023309884277453 138217.000000000000000000
0.032261692639093432 0.000023288794841084 138585.000000000000000000
0.032261687766047493 0.000023267748114317 138986.000000000000000000
0.032261682906366836 0.000023246743403083 139342.000000000000000000
0.032261678059995746 0.000023225780509133 139696.000000000000000000
0.032261673226878694 0.000023204859330812 140049.000000000000000000
0.032261668406960556 0.000023183979754967 140391.000000000000000000
0.032261663600186535 0.000023163141665847 140741.000000000000000000
0.032261658806502065 0.000023142344948558 141092.000000000000000000
0.032261654025852925 0.000023121589489153 141479.000000000000000000
0.032261649258185185 0.000023100875173552 141821.000000000000000000
0.032261644503445250 0.000023080201889214 142184.000000000000000000
0.032261639761579801 0.000023059569520812 142533.000000000000000000
0.032261635032535818 0.000023038977956462 142895.000000000000000000
0.032261630316260552 0.000023018427085668 143237.000000000000000000
0.032261625612701558 0.000022997916797671 143701.000000000000000000
0.032261620921806719 0.000022977446981562 144081.000000000000000000
0.032261616243524166 0.000022957017527734 144466.000000000000000000
0.032261611577802558 0.000022936627735524 144869.000000000000000000
0.032261606924590409 0.000022916278392063 145222.000000000000000000
0.032261602283836670 0.000022895969125077 145631.000000000000000000
0.032261597655490658 0.000022875699794692 146018.000000000000000000
0.032261593039501858 0.000022855470301032 146365.000000000000000000
0.032261588435820207 0.000022835280538929 146723.000000000000000000
0.032261583844395751 0.000022815130403277 147182.000000000000000000
0.032261579265178864 0.000022795019788728 147600.000000000000000000
0.032261574698120250 0.000022774948590149 148081.000000000000000000
0.032261570143170756 0.000022754916701650 148477.000000000000000000
0.032261565600281615 0.000022734924019533 148825.000000000000000000
0.032261561069404240 0.000022714970439468 149256.000000000000000000
0.032261556550490456 0.000022695055857592 149784.000000000000000000
0.032261552043492125 0.000022675180170822 150270.000000000000000000
0.032261547548361538 0.000022655343276250 150720.000000000000000000
0.032261543065051163 0.000022635545070810 151133.000000000000000000
0.032261538593513751 0.000022615785451947 151702.000000000000000000
0.032261534133702342 0.000022596064317469 152111.000000000000000000
0.032261529685570202 0.000022576381565664 152520.000000000000000000
0.032261525249070805 0.000022556737094973 152888.000000000000000000
0.032261520824157945 0.000022537130804213 153247.000000000000000000
0.032261516410785666 0.000022517562587530 153611.000000000000000000
0.032261512008908151 0.000022498032352545 154009.000000000000000000
0.032261507618479950 0.000022478539997259 154506.000000000000000000
0.032261503239455758 0.000022459085421671 154883.000000000000000000
0.032261498871790584 0.000022439668522213 155240.000000000000000000
0.032261494515439651 0.000022420289211770 155705.000000000000000000
0.032261490170358322 0.000022400947419441 156140.000000000000000000
0.032261485836502526 0.000022381642941012 156567.000000000000000000
0.032261481513828079 0.000022362375767444 157022.000000000000000000
0.032261477202291139 0.000022343145782123 157383.000000000000000000
0.032261472901848103 0.000022323952884133 157814.000000000000000000
0.032261468612455622 0.000022304796976498 158182.000000000000000000
0.032261464334070573 0.000022285677956980 158573.000000000000000000
0.032261460066649997 0.000022266595735976 158948.000000000000000000
0.032261455810151246 0.000022247550204982 159324.000000000000000000
0.032261451564531834 0.000022228541280446 159702.000000000000000000
0.032261447329749497 0.000022209568865566 160074.000000000000000000
0.032261443105762275 0.000022190632857515 160499.000000000000000000
0.032261438892528298 0.000022171733168596 160924.000000000000000000
0.032261434690006023 0.000022152869701513 161332.000000000000000000
0.032261430498151528 0.000022134043404204 161759.000000000000000000
0.032261426316926384 0.000022115252554318 162171.000000000000000000
0.032261422146289576 0.000022096497577586 162606.000000000000000000
0.032261417986200427 0.000022077778411069 163070.000000000000000000
0.032261413836618347 0.000022059094972145 163595.000000000000000000
0.032261409697503150 0.000022040447136954 163983.000000000000000000
0.032261405568814579 0.000022021834865200 164417.000000000000000000
0.032261401450512796 0.000022003258031657 164819.000000000000000000
0.032261397342558132 0.000021984716558850 165239.000000000000000000
0.032261393244911014 0.000021966210376294 165683.000000000000000000
0.032261389157532204 0.000021947739362362 166130.000000000000000000
0.032261385080382642 0.000021929303427793 166702.000000000000000000
0.032261381013423490 0.000021910902483566 167109.000000000000000000
0.032261376956616031 0.000021892536441680 167578.000000000000000000
0.032261372909921739 0.000021874205228586 168058.000000000000000000
0.032261368873302443 0.000021855908733071 168506.000000000000000000
0.032261364846719869 0.000021837646918420 168952.000000000000000000
0.032261360830136102 0.000021819419701162 169376.000000000000000000
0.032261356823513311 0.000021801227003802 169866.000000000000000000
0.032261352826813965 0.000021783068759059 170275.000000000000000000
0.032261348840001910 0.000021764944362474 170662.000000000000000000
0.032261344863039249 0.000021746854284007 171070.000000000000000000
0.032261340895888661 0.000021728798459415 171481.000000000000000000
0.032261336938513609 0.000021710776643674 171915.000000000000000000
0.032261332990876641 0.000021692789045157 172331.000000000000000000
0.032261329052941677 0.000021674834897856 172799.000000000000000000
0.032261325124675257 0.000021656914273722 173298.000000000000000000
0.032261321206039965 0.000021639027206114 173716.000000000000000000
0.032261317296999222 0.000021621173885709 174160.000000000000000000
0.032261313397517394 0.000021603354072010 174574.000000000000000000
0.032261309507558997 0.000021585567669088 175012.000000000000000000
0.032261305627088739 0.000021567814595504 175530.000000000000000000
0.032261301756071462 0.000021550094764707 176076.000000000000000000
0.032261297894472268 0.000021532408090483 176581.000000000000000000
0.032261294042256097 0.000021514754568436 177038.000000000000000000
0.032261290199388573 0.000021497134018201 177468.000000000000000000
0.032261286365835168 0.000021479546405822 177905.000000000000000000
0.032261282541561971 0.000021461991463726 178345.000000000000000000
0.032261278726534663 0.000021444469303606 178748.000000000000000000
0.032261274920719327 0.000021426979793532 179155.000000000000000000
0.032261271124082204 0.000021409522843474 179605.000000000000000000
0.032261267336589690 0.000021392098385192 180008.000000000000000000
0.032261263558208374 0.000021374706314912 180474.000000000000000000
0.032261259788904886 0.000021357346605776 180938.000000000000000000
0.032261256028646296 0.000021340019093299 181354.000000000000000000
0.032261252277399149 0.000021322723886581 181769.000000000000000000
0.032261248535131924 0.000021305460374679 182273.000000000000000000
0.032261244801811223 0.000021288228970831 182694.000000000000000000
0.032261241077404613 0.000021271029479204 183217.000000000000000000
0.032261237361879802 0.000021253861797130 183721.000000000000000000
0.032261233655204627 0.000021236725846972 184138.000000000000000000
0.032261229957347155 0.000021219621547507 184577.000000000000000000
0.032261226268275559 0.000021202548817282 185002.000000000000000000
0.032261222587958119 0.000021185507575178 185460.000000000000000000
0.032261218916363375 0.000021168497740162 185873.000000000000000000
0.032261215253459957 0.000021151519231667 186348.000000000000000000
0.032261211599216688 0.000021134571969263 186807.000000000000000000
0.032261207953602405 0.000021117655871723 187255.000000000000000000
0.032261204316586280 0.000021100770860815 187742.000000000000000000
0.032261200688137551 0.000021083916856117 188251.000000000000000000
0.032261197068225576 0.000021067093778273 188714.000000000000000000
0.032261193456819888 0.000021050301548014 189149.000000000000000000
0.032261189853890218 0.000021033540087079 189614.000000000000000000
0.032261186259406355 0.000021016809315749 190103.000000000000000000
0.032261182673338273 0.000021000109156049 190523.000000000000000000
0.032261179095656081 0.000020983439528744 190964.000000000000000000
0.032261175526330045 0.000020966800359716 191422.000000000000000000
0.032261171965330585 0.000020950191563355 191857.000000000000000000
0.032261168412627092 0.000020933613524654 192294.000000000000000000
0.032261164868191500 0.000020917065417968 192749.000000000000000000
0.032261161331995532 0.000020900547068929 193190.000000000000000000
0.032261157804009087 0.000020884058995181 193648.000000000000000000
0.032261154284203265 0.000020867600945731 194128.000000000000000000
0.032261150772549402 0.000020851172767172 194600.000000000000000000
0.032261147269016348 0.000020834775409818 195040.000000000000000000
0.032261143773580414 0.000020818406399852 195565.000000000000000000
0.032261140286210896 0.000020802067499084 196024.000000000000000000
0.032261136806879531 0.000020785758259461 196492.000000000000000000
0.032261133335558245 0.000020769478548505 196984.000000000000000000
0.032261129872219102 0.000020753228286406 197483.000000000000000000
0.032261126416834346 0.000020737007396726 197988.000000000000000000
0.032261122969375965 0.000020720815893370 198484.000000000000000000
0.032261119529816661 0.000020704653594737 198952.000000000000000000
0.032261116098128907 0.000020688520455069 199390.000000000000000000
0.032261112674285462 0.000020672416403809 199835.000000000000000000
0.032261109258259063 0.000020656341366233 200308.000000000000000000
0.032261105850022703 0.000020640295268565 200792.000000000000000000
0.032261102449549522 0.000020624278027211 201252.000000000000000000
0.032261099056812591 0.000020608289584105 201829.000000000000000000
0.032261095671785311 0.000020592329861613 202302.000000000000000000
0.032261092294441081 0.000020576398777366 202898.000000000000000000
0.032261088924753475 0.000020560496272556 203460.000000000000000000
0.032261085562696197 0.000020544622270591 203933.000000000000000000
0.032261082208242989 0.000020528776699236 204418.000000000000000000
0.032261078861367913 0.000020512959479208 204859.000000000000000000
0.032261075522044914 0.000020497170549246 205354.000000000000000000
0.032261072190248125 0.000020481409834158 205869.000000000000000000
0.032261068865951960 0.000020465677262375 206386.000000000000000000
0.032261065549130732 0.000020449972765055 206847.000000000000000000
0.032261062239759011 0.000020434296262874 207324.000000000000000000
0.032261058937811407 0.000020418647694397 207806.000000000000000000
0.032261055643262697 0.000020403026986539 208400.000000000000000000
0.032261052356085188 0.000020387435063330 208912.000000000000000000
0.032261049076259200 0.000020371869273117 209420.000000000000000000
0.032261045803757098 0.000020356331627830 209949.000000000000000000
0.032261042538554038 0.000020340821617011 210629.000000000000000000
0.032261039280625362 0.000020325339107846 211153.000000000000000000
0.032261036029946497 0.000020309884039201 211596.000000000000000000
0.032261032786493039 0.000020294456344268 212135.000000000000000000
0.032261029550240579 0.000020279055953968 212746.000000000000000000
0.032261026321164982 0.000020263682799513 213262.000000000000000000
0.032261023099242066 0.000020248336812384 213733.000000000000000000
0.032261019884447822 0.000020233017924252 214275.000000000000000000
0.032261016676758375 0.000020217726066993 214789.000000000000000000
0.032261013476149909 0.000020202461172670 215310.000000000000000000
0.032261010282598770 0.000020187223173564 215773.000000000000000000
0.032261007096081339 0.000020172012002126 216238.000000000000000000
0.032261003916574167 0.000020156827591030 216701.000000000000000000
0.032261000744053879 0.000020141669873127 217168.000000000000000000
0.032260997578497229 0.000020126538781477 217721.000000000000000000
0.032260994419881020 0.000020111434249321 218232.000000000000000000
0.032260991268182229 0.000020096356210106 218772.000000000000000000
0.032260988123377875 0.000020081304597463 219324.000000000000000000
0.032260984985445156 0.000020066279345230 219785.000000000000000000
0.032260981854361263 0.000020051280387422 220278.000000000000000000
0.032260978730103598 0.000020036307658251 220834.000000000000000000
0.032260975612649602 0.000020021361092130 221433.000000000000000000
0.032260972501976799 0.000020006440623646 222036.000000000000000000
0.032260969398062889 0.000019991546187591 222649.000000000000000000
0.032260966300885562 0.000019976677718941 223152.000000000000000000
0.032260963210422731 0.000019961835152850 223632.000000000000000000
0.032260960126652347 0.000019947018424690 224114.000000000000000000
0.032260957049552404 0.000019932227469998 224907.000000000000000000
0.032260953979101031 0.000019917462224499 225762.000000000000000000
0.032260950915276573 0.000019902722624109 226749.000000000000000000
0.032260947858057283 0.000019888008604934 227258.000000000000000000
0.032260944807421567 0.000019873320103261 227774.000000000000000000
0.032260941763348046 0.000019858657055558 228284.000000000000000000
0.032260938725815258 0.000019844019398489 228782.000000000000000000
0.032260935694801908 0.000019829407068896 229332.000000000000000000
0.032260932670286867 0.000019814820003799 229826.000000000000000000
0.032260929652248978 0.000019800258140413 230408.000000000000000000
0.032260926640667251 0.000019785721416127 230966.000000000000000000
0.032260923635520772 0.000019771209768515 231491.000000000000000000
0.032260920636788738 0.000019756723135330 232084.000000000000000000
0.032260917644450340 0.000019742261454509 232736.000000000000000000
0.032260914658485025 0.000019727824664172 233260.000000000000000000
0.032260911678872135 0.000019713412702609 233760.000000000000000000
0.032260908705591278 0.000019699025508300 234425.000000000000000000
0.032260905738622073 0.000019684663019899 234987.000000000000000000
0.032260902777944189 0.000019670325176236 235640.000000000000000000
0.032260899823537428 0.000019656011916323 236225.000000000000000000
0.032260896875381681 0.000019641723179352 237006.000000000000000000
0.032260893933456991 0.000019627458904681 237787.000000000000000000
0.032260890997743284 0.000019613219031856 238535.000000000000000000
0.032260888068220778 0.000019599003500592 239235.000000000000000000
0.032260885144869716 0.000019584812250780 240107.000000000000000000
0.032260882227670387 0.000019570645222488 240943.000000000000000000
0.032260879316603173 0.000019556502355955 241498.000000000000000000
0.032260876411648549 0.000019542383591597 242072.000000000000000000
0.032260873512787135 0.000019528288869991 242605.000000000000000000
0.032260870619999535 0.000019514218131914 243156.000000000000000000
0.032260867733266474 0.000019500171318298 243674.000000000000000000
0.032260864852568787 0.000019486148370240 244224.000000000000000000
0.032260861977887349 0.000019472149229017 244762.000000000000000000
0.032260859109203170 0.000019458173836076 245336.000000000000000000
0.032260856246497265 0.000019444222133033 245886.000000000000000000
0.032260853389750786 0.000019430294061672 246404.000000000000000000
0.032260850538944973 0.000019416389563947 247030.000000000000000000
0.032260847694061082 0.000019402508581983 247597.000000000000000000
0.032260844855080517 0.000019388651058077 248186.000000000000000000
0.032260842021984704 0.000019374816934678 248772.000000000000000000
0.032260839194755205 0.000019361006154418 249316.000000000000000000
0.032260836373373639 0.000019347218660089 249869.000000000000000000
0.032260833557821653 0.000019333454394652 250460.000000000000000000
0.032260830748081032 0.000019319713301229 250999.000000000000000000
0.032260827944133610 0.000019305995323108 251541.000000000000000000
0.032260825145961347 0.000019292300403755 252089.000000000000000000
0.032260822353546159 0.000019278628486768 252618.000000000000000000
0.032260819566870158 0.000019264979515929 253148.000000000000000000
0.032260816785915511 0.000019251353435186 253676.000000000000000000
0.032260814010664392 0.000019237750188648 254223.000000000000000000
0.032260811241099127 0.000019224169720591 254786.000000000000000000
0.032260808477202065 0.000019210611975442 255369.000000000000000000
0.032260805718955649 0.000019197076897800 255902.000000000000000000
0.032260802966342386 0.000019183564432417 256512.000000000000000000
0.032260800219344889 0.000019170074524213 257057.000000000000000000
0.032260797477945739 0.000019156607130829 257611.000000000000000000
0.032260794742127723 0.000019143162178578 258211.000000000000000000
0.032260792011873637 0.000019129739618603 258791.000000000000000000
0.032260789287166386 0.000019116339397066 259381.000000000000000000
0.032260786567988850 0.000019102961459585 259973.000000000000000000
0.032260783854324113 0.000019089605751990 260578.000000000000000000
0.032260781146155222 0.000019076272220317 261128.000000000000000000
0.032260778443465296 0.000019062960810746 261675.000000000000000000
0.032260775746237640 0.000019049671469614 262398.000000000000000000
0.032260773054455481 0.000019036404143423 263085.000000000000000000
0.032260770368102189 0.000019023158778814 263846.000000000000000000
0.032260767687161233 0.000019009935322600 264434.000000000000000000
0.032260765011616073 0.000018996733721741 264992.000000000000000000
0.032260762341450304 0.000018983553923346 265545.000000000000000000
0.032260759676647474 0.000018970395874683 266128.000000000000000000
0.032260757017191374 0.000018957259523179 266697.000000000000000000
0.032260754363065740 0.000018944144816399 267291.000000000000000000
0.032260751714254417 0.000018931051702069 267886.000000000000000000
0.032260749070741272 0.000018917980128068 268498.000000000000000000
0.032260746432510298 0.000018904930042417 269152.000000000000000000
0.032260743799545494 0.000018891901393302 269796.000000000000000000
0.032260741171830934 0.000018878894129046 270459.000000000000000000
0.032260738549350867 0.000018865908198128 271074.000000000000000000
0.032260735932089418 0.000018852943549172 271659.000000000000000000
0.032260733320030925 0.000018840000130960 272262.000000000000000000
0.032260730713159734 0.000018827077892131 272852.000000000000000000
0.032260728111460232 0.000018814176781818 273510.000000000000000000
0.032260725514916905 0.000018801296749359 274095.000000000000000000
0.032260722923514312 0.000018788437744076 274664.000000000000000000
0.032260720337237002 0.000018775599715463 275247.000000000000000000
0.032260717756069694 0.000018762782613178 275803.000000000000000000
0.032260715179997082 0.000018749986387016 276381.000000000000000000
0.032260712609003955 0.000018737210986903 276953.000000000000000000
0.032260710043075139 0.000018724456363312 277545.000000000000000000
0.032260707482195596 0.000018711722466350 278148.000000000000000000
0.032260704926350234 0.000018699009246367 278728.000000000000000000
0.032260702375524121 0.000018686316653894 279300.000000000000000000
0.032260699829702297 0.000018673644639591 279880.000000000000000000
0.032260697288869905 0.000018660993171549 280485.000000000000000000
0.032260694753012194 0.000018648362174952 281117.000000000000000000
0.032260692222114411 0.000018635751608713 281720.000000000000000000
0.032260689696161887 0.000018623161421936 282358.000000000000000000
0.032260687175139982 0.000018610591570157 282971.000000000000000000
0.032260684659034186 0.000018598042003555 283608.000000000000000000
0.032260682147829949 0.000018585512673690 284245.000000000000000000
0.032260679641512843 0.000018573003532396 284849.000000000000000000
0.032260677140068472 0.000018560514531610 285458.000000000000000000
0.032260674643482520 0.000018548045623405 286037.000000000000000000
0.032260672151740694 0.000018535596760002 286639.000000000000000000
0.032260669664828781 0.000018523167893749 287251.000000000000000000
0.032260667182732627 0.000018510758977141 287862.000000000000000000
0.032260664705438112 0.000018498369962808 288459.000000000000000000
0.032260662232931205 0.000018486000803506 289065.000000000000000000
0.032260659765197881 0.000018473651452174 289676.000000000000000000
0.032260657302224244 0.000018461321861832 290277.000000000000000000
0.032260654843996324 0.000018449011985661 290875.000000000000000000
0.032260652390500390 0.000018436721776960 291516.000000000000000000
0.032260649941722577 0.000018424451189176 292177.000000000000000000
0.032260647497649252 0.000018412200175889 292843.000000000000000000
0.032260645058266632 0.000018399968690811 293516.000000000000000000
0.032260642623561195 0.000018387756687763 294110.000000000000000000
0.032260640193519312 0.000018375564120779 294744.000000000000000000
0.032260637768127397 0.000018363391106110 295382.000000000000000000
0.032260635347372085 0.000018351237359232 296019.000000000000000000
0.032260632931239965 0.000018339102906488 296715.000000000000000000
0.032260630519717705 0.000018326987708395 297431.000000000000000000
0.032260628112791977 0.000018314891718131 298206.000000000000000000
0.032260625710449561 0.000018302814890209 298842.000000000000000000
0.032260623312677240 0.000018290757179414 299771.000000000000000000
0.032260620919461851 0.000018278718540605 300477.000000000000000000
0.032260618530790319 0.000018266698928872 301238.000000000000000000
0.032260616146649587 0.000018254698299400 302066.000000000000000000
0.032260613767026651 0.000018242716607485 302766.000000000000000000
0.032260611391908584 0.000018230753808587 303655.000000000000000000
0.032260609021282478 0.000018218809858323 304704.000000000000000000
0.032260606655135443 0.000018206884712432 305618.000000000000000000
0.032260604293454766 0.000018194978326753 306351.000000000000000000
0.032260601936227644 0.000018183090657255 307186.000000000000000000
0.032260599583441352 0.000018171221660133 308020.000000000000000000
0.032260597235083330 0.000018159371291588 308870.000000000000000000
0.032260594891140894 0.000018147539508014 309573.000000000000000000
0.032260592551601505 0.000018135726265969 310346.000000000000000000
0.032260590216452646 0.000018123931522069 310986.000000000000000000
0.032260587885681875 0.000018112155233067 311761.000000000000000000
0.032260585559276779 0.000018100397355852 312487.000000000000000000
0.032260583237224999 0.000018088657847451 313263.000000000000000000
0.032260580919514198 0.000018076936665031 313926.000000000000000000
0.032260578606132101 0.000018065233765793 314670.000000000000000000
0.032260576297066502 0.000018053549107073 315416.000000000000000000
0.032260573992305246 0.000018041882646433 316115.000000000000000000
0.032260571691836139 0.000018030234341528 317084.000000000000000000
0.032260569395647150 0.000018018604150131 318605.000000000000000000
0.032260567103726205 0.000018006992030121 319755.000000000000000000
0.032260564816061293 0.000017995397939517 320719.000000000000000000
0.032260562532640515 0.000017983821836452 321414.000000000000000000
0.032260560253451906 0.000017972263679185 322086.000000000000000000
0.032260557978483671 0.000017960723426040 322868.000000000000000000
0.032260555707723959 0.000017949201035555 323624.000000000000000000
0.032260553441160994 0.000017937696466323 324334.000000000000000000
0.032260551178783042 0.000017926209677066 325330.000000000000000000
0.032260548920578454 0.000017914740626618 326326.000000000000000000
0.032260546666535578 0.000017903289273975 327141.000000000000000000
0.032260544416642764 0.000017891855578198 328034.000000000000000000
0.032260542170888543 0.000017880439498504 328850.000000000000000000
0.032260539929261353 0.000017869040994181 329601.000000000000000000
0.032260537691749747 0.000017857660024667 330343.000000000000000000
0.032260535458342295 0.000017846296549519 331194.000000000000000000
0.032260533229027617 0.000017834950528416 331967.000000000000000000
0.032260531003794377 0.000017823621921201 332836.000000000000000000
0.032260528782631241 0.000017812310687661 333760.000000000000000000
0.032260526565527047 0.000017801016787867 334466.000000000000000000
0.032260524352470489 0.000017789740181893 335321.000000000000000000
0.032260522143450439 0.000017778480829982 336168.000000000000000000
0.032260519938455759 0.000017767238692462 336969.000000000000000000
0.032260517737475326 0.000017756013729794 337761.000000000000000000
0.032260515540498122 0.000017744805902547 338600.000000000000000000
0.032260513347513411 0.000017733615022229 339598.000000000000000000
0.032260511158509891 0.000017722441278083 340465.000000000000000000
0.032260508973475897 0.000017711285002286 341342.000000000000000000
0.032260506792401944 0.000017700145119556 342186.000000000000000000
0.032260504615276811 0.000017689022269922 343158.000000000000000000
0.032260502442089452 0.000017677916377715 343987.000000000000000000
0.032260500272829118 0.000017666827351095 344695.000000000000000000
0.032260498107485075 0.000017655755151371 345494.000000000000000000
0.032260495946046644 0.000017644699741055 346191.000000000000000000
0.032260493788503181 0.000017633661081682 346965.000000000000000000
0.032260491634844055 0.000017622639134955 348249.000000000000000000
0.032260489485058698 0.000017611633862607 349545.000000000000000000
0.032260487339135169 0.000017600645694551 350450.000000000000000000
0.032260485197063496 0.000017589674179003 351207.000000000000000000
0.032260483058835381 0.000017578718661046 351917.000000000000000000
0.032260480924440185 0.000017567779498492 353007.000000000000000000
0.032260478793866537 0.000017556857012635 354124.000000000000000000
0.032260476667104021 0.000017545950982588 355003.000000000000000000
0.032260474544142360 0.000017535061359965 355813.000000000000000000
0.032260472424971313 0.000017524188111011 356560.000000000000000000
0.032260470309580597 0.000017513331198914 357465.000000000000000000
0.032260468197960052 0.000017502490586540 358603.000000000000000000
0.032260466090099534 0.000017491666236939 359443.000000000000000000
0.032260463985988877 0.000017480858113266 360280.000000000000000000
0.032260461885616772 0.000017470066574717 361185.000000000000000000
0.032260459788975709 0.000017459290594108 362140.000000000000000000
0.032260457696054352 0.000017448530912050 363035.000000000000000000
0.032260455606842792 0.000017437787325671 363914.000000000000000000
0.032260453521330133 0.000017427060082159 364675.000000000000000000
0.032260451439508078 0.000017416348605033 365414.000000000000000000
0.032260449361365982 0.000017405653256910 366182.000000000000000000
0.032260447286894312 0.000017394973504254 366908.000000000000000000
0.032260445216081630 0.000017384310244854 367728.000000000000000000
0.032260443148920723 0.000017373662276511 368472.000000000000000000
0.032260441085399376 0.000017363030725128 369250.000000000000000000
0.032260439025510651 0.000017352414333425 370014.000000000000000000
0.032260436969243515 0.000017341813896518 370771.000000000000000000
0.032260434916588331 0.000017331229200286 371882.000000000000000000
0.032260432867535521 0.000017320660190197 373231.000000000000000000
0.032260430822075511 0.000017310106832710 374248.000000000000000000
0.032260428780197040 0.000017299569647692 375169.000000000000000000
0.032260426741894152 0.000017289047208864 376069.000000000000000000
0.032260424707155726 0.000017278540528044 377003.000000000000000000
0.032260422675972192 0.000017268049439845 378154.000000000000000000
0.032260420648334190 0.000017257573802275 379219.000000000000000000
0.032260418624232373 0.000017247113611175 380121.000000000000000000
0.032260416603657541 0.000017236668802881 380948.000000000000000000
0.032260414586600561 0.000017226239290595 381839.000000000000000000
0.032260412573051983 0.000017215825149834 382786.000000000000000000
0.032260410563002696 0.000017205426269359 383621.000000000000000000
0.032260408556442292 0.000017195042983696 384562.000000000000000000
0.032260406553363673 0.000017184674510668 385588.000000000000000000
0.032260404553757012 0.000017174321298413 386571.000000000000000000
0.032260402557612929 0.000017163983267207 387434.000000000000000000
0.032260400564922381 0.000017153660397512 388289.000000000000000000
0.032260398575676294 0.000017143352612691 389138.000000000000000000
0.032260396589865729 0.000017133059903176 390023.000000000000000000
0.032260394607481438 0.000017122782301073 390849.000000000000000000
0.032260392628514989 0.000017112519586187 391672.000000000000000000
0.032260390652957237 0.000017102271874423 392487.000000000000000000
0.032260388680798446 0.000017092039327679 393228.000000000000000000
0.032260386712029979 0.000017081821795596 393981.000000000000000000
0.032260384746643528 0.000017071619077927 395182.000000000000000000
0.032260382784630733 0.000017061431053509 396119.000000000000000000
0.032260380825983995 0.000017051257451224 397175.000000000000000000
0.032260378870693170 0.000017041098832586 398079.000000000000000000
0.032260376918749334 0.000017030955023334 399180.000000000000000000
0.032260374970144293 0.000017020825824952 400149.000000000000000000
0.032260373024868332 0.000017010711602424 400940.000000000000000000
0.032260371082913943 0.000017000611820342 401910.000000000000000000
0.032260369144273035 0.000016990526455520 402864.000000000000000000
0.032260367208935541 0.000016980456027630 403856.000000000000000000
0.032260365276893764 0.000016970400030428 404974.000000000000000000
0.032260363348140107 0.000016960358269367 406010.000000000000000000
0.032260361422665217 0.000016950331117974 407125.000000000000000000
0.032260359500458656 0.000016940319070207 408241.000000000000000000
0.032260357581514999 0.000016930320811724 409230.000000000000000000
0.032260355665826149 0.000016920336716125 410286.000000000000000000
0.032260353753382598 0.000016910367158987 411187.000000000000000000
0.032260351844174390 0.000016900412446525 412068.000000000000000000
0.032260349938196528 0.000016890471256666 412912.000000000000000000
0.032260348035439118 0.000016880544562115 413799.000000000000000000
0.032260346135893972 0.000016870632113148 414582.000000000000000000
0.032260344239552888 0.000016860733853442 415860.000000000000000000
0.032260342346407692 0.000016850849760856 416968.000000000000000000
0.032260340456450230 0.000016840979801688 418151.000000000000000000
0.032260338569672420 0.000016831123953508 419515.000000000000000000
0.032260336686066197 0.000016821282170378 420682.000000000000000000
0.032260334805623445 0.000016811454431091 422049.000000000000000000
0.032260332928336202 0.000016801640704230 423251.000000000000000000
0.032260331054196442 0.000016791840958157 424261.000000000000000000
0.032260329183195872 0.000016782055258707 425268.000000000000000000
0.032260327315326805 0.000016772283457947 426110.000000000000000000
0.032260325450581571 0.000016762525469411 427618.000000000000000000
0.032260323588952269 0.000016752781320299 428667.000000000000000000
0.032260321730430870 0.000016743051028411 429557.000000000000000000
0.032260319875009484 0.000016733334537456 430731.000000000000000000
0.032260318022680395 0.000016723631816130 431706.000000000000000000
0.032260316173435714 0.000016713942835054 432669.000000000000000000
0.032260314327267746 0.000016704267564486 433578.000000000000000000
0.032260312484168767 0.000016694605974882 434373.000000000000000000
0.032260310644130853 0.000016684958093959 435373.000000000000000000
0.032260308807146691 0.000016675323748541 436468.000000000000000000
0.032260306973208489 0.000016665703022192 437922.000000000000000000
0.032260305142307627 0.000016656096148227 439378.000000000000000000
0.032260303314438410 0.000016646502370039 440486.000000000000000000
0.032260301489592337 0.000016636922230407 441332.000000000000000000
0.032260299667761845 0.000016627355575142 442248.000000000000000000
0.032260297848938531 0.000016617802614267 443111.000000000000000000
0.032260296033116066 0.000016608262854593 443991.000000000000000000
0.032260294220286020 0.000016598736728072 444887.000000000000000000
0.032260292410442253 0.000016589223557948 445827.000000000000000000
0.032260290603576797 0.000016579723907977 446722.000000000000000000
0.032260288799682374 0.000016570237465733 447622.000000000000000000
0.032260286998751393 0.000016560764328669 448586.000000000000000000
0.032260285200776485 0.000016551304430431 449457.000000000000000000
0.032260283405750358 0.000016541857732731 450267.000000000000000000
0.032260281613664329 0.000016532424653458 451113.000000000000000000
0.032260279824512322 0.000016523004532562 451978.000000000000000000
0.032260278038287356 0.000016513597486064 452885.000000000000000000
0.032260276254982394 0.000016504203458639 453767.000000000000000000
0.032260274474590470 0.000016494822373710 454721.000000000000000000
0.032260272697103728 0.000016485454457731 455569.000000000000000000
0.032260270922514968 0.000016476099586234 456459.000000000000000000
0.032260269150817748 0.000016466757515112 457327.000000000000000000
0.032260267382004347 0.000016457428492320 458185.000000000000000000
0.032260265616067707 0.000016448112411942 459059.000000000000000000
0.032260263853000758 0.000016438809239740 459901.000000000000000000
0.032260262092796275 0.000016429519009143 460887.000000000000000000
0.032260260335447599 0.000016420241543245 461745.000000000000000000
0.032260258580946999 0.000016410977115691 462668.000000000000000000
0.032260256829288327 0.000016401725306960 463600.000000000000000000
0.032260255080464637 0.000016392486228841 464452.000000000000000000
0.032260253334467907 0.000016383260187708 465354.000000000000000000
0.032260251591291603 0.000016374046878933 466270.000000000000000000
0.032260249850929297 0.000016364846185805 467178.000000000000000000
0.032260248113374163 0.000016355658139569 468055.000000000000000000
0.032260246378619364 0.000016346482722175 469112.000000000000000000
0.032260244646658741 0.000016337319716635 470143.000000000000000000
0.032260242917485298 0.000016328169247445 471058.000000000000000000
0.032260241191091665 0.000016319031442856 471976.000000000000000000
0.032260239467471127 0.000016309906181031 472962.000000000000000000
0.032260237746617015 0.000016300793424096 473929.000000000000000000
0.032260236028522578 0.000016291693142969 474821.000000000000000000
0.032260234313181237 0.000016282605310431 475810.000000000000000000
0.032260232600586275 0.000016273529895639 476750.000000000000000000

