Residual Convergence speed Computational time
0.1250083026777685 0.0562102604672979 174.0000000000000000
0.1249064718310009 0.4487657809358098 282.0000000000000000
0.1249095893242545 0.5997242909019309 289.0000000000000000
0.1246273576246571 0.7477179244168753 293.0000000000000000
0.1240553546810292 0.8958287802371345 300.0000000000000000
0.1234254215798335 1.0325257937131676 304.0000000000000000
0.1227392622614767 1.1660328529631472 311.0000000000000000
0.1219924006797894 1.2950797399835321 317.0000000000000000
0.1211811615091104 1.4187292777700276 322.0000000000000000
0.1203043947933188 1.5361876988788463 328.0000000000000000
0.1193633609092290 1.6467504665454336 333.0000000000000000
0.1183611517324534 1.7497847263288699 338.0000000000000000
0.1173021148563945 1.8447235059075300 345.0000000000000000
0.1161914104331683 1.9310647369320095 350.0000000000000000
0.1150346938868723 2.0083725610039709 357.0000000000000000
0.1138378963218984 2.0762797581755845 364.0000000000000000
0.1126070649995932 2.1344903123560850 373.0000000000000000
0.1113482530967786 2.1827820217217058 392.0000000000000000
0.1100674330407799 2.2210084035678137 569.0000000000000000
0.1087704324107360 2.2491000211406509 740.0000000000000000
0.1074628785790251 2.2670645997392174 803.0000000000000000
0.1061501578837831 2.2749864150305119 812.0000000000000000
0.1048373830563695 2.2730246552434141 822.0000000000000000
0.1035293675262502 2.2614108032772444 830.0000000000000000
0.1022306068429857 2.2404451980716265 841.0000000000000000
0.1009452664226639 2.2104928952379352 851.0000000000000000
0.0996771689711940 2.1719782938200840 865.0000000000000000
0.0984298174781873 2.1253830094438371 875.0000000000000000
0.0972063552598022 2.0712350822786689 885.0000000000000000
0.0960096046839282 2.0101085363291231 957.0000000000000000
0.0948420661030300 1.9426162566857190 966.0000000000000000
0.0937059288418177 1.8694056025954346 976.0000000000000000
0.0926030850218253 1.7911546405601075 986.0000000000000000
0.0915351435256530 1.7085692618360415 997.0000000000000000
0.0905034465677762 1.6223820821128119 1008.0000000000000000
0.0895090851154852 1.5333530435273648 1020.0000000000000000
0.0885529161244503 1.4422730097706806 1034.0000000000000000
0.0876355783812889 1.3499706652260337 1049.0000000000000000
0.0867575124202248 1.2573250061765167 1154.0000000000000000
0.0859189708371201 1.1652822669893128 1167.0000000000000000
0.0851200388621373 1.0748831950126925 1182.0000000000000000
0.0843606463550785 0.9872980582160985 1197.0000000000000000
0.0836405900201541 0.9038739330643381 1215.0000000000000000
0.0829595340812136 0.8261833607044698 1284.0000000000000000
0.0823170343657153 0.7560698347033293 1300.0000000000000000
0.0817125465451558 0.6956458398909741 1317.0000000000000000
0.0811454386655619 0.6471862160719155 1332.0000000000000000
0.0806149986535646 0.6128396376764386 1347.0000000000000000
0.0801204583250316 0.5941487096188504 1365.0000000000000000
0.0796609792392616 0.5915278934339138 1433.0000000000000000
0.0792356803110514 0.6040239151535416 1460.0000000000000000
0.0788436398936619 0.6295437575129105 1484.0000000000000000
0.0784839034316630 0.6654152170064791 1514.0000000000000000
0.0781554903690845 0.7089450804513415 1539.0000000000000000
0.0778574004959550 0.7577638294365772 1615.0000000000000000
0.0775886197915415 0.8099489981007755 1636.0000000000000000
0.0773481255692506 0.8640129687511600 1656.0000000000000000
0.0771348914106072 0.9188354267403214 1676.0000000000000000
0.0769478913250217 0.9735860806964525 1696.0000000000000000
0.0767861036958636 1.0276565906289241 1777.0000000000000000
0.0766485148080087 1.0806064359375280 1794.0000000000000000
0.0765341218626707 1.1321217567808359 1810.0000000000000000
0.0764419357674528 1.1819847287965493 1826.0000000000000000
0.0763709835439362 1.2300508041772442 1842.0000000000000000
0.0763203098819501 1.2762315882729953 1858.0000000000000000
0.0752075384269119 0.9447294491165464 1947.0000000000000000
0.0735849246163268 0.5104608947173789 1962.0000000000000000
0.0727900017266456 0.5230733341244878 1983.0000000000000000
0.0723515345028830 0.5379529979894416 2001.0000000000000000
0.0720822504080951 0.5539981385607748 2016.0000000000000000
0.0719005433302402 0.5702108640586167 2032.0000000000000000
0.0717682125484755 0.5859880263542572 2148.0000000000000000
0.0716664752720069 0.6010047606639288 2166.0000000000000000
0.0710916495186473 0.5948477249119830 2183.0000000000000000
0.0700178449177551 0.5791263820457386 2202.0000000000000000
0.0695025883591723 0.6724495933990461 2220.0000000000000000
0.0692223734772840 0.7313030293787481 2334.0000000000000000
0.0690513640302508 0.7713938350437072 2355.0000000000000000
0.0689360756111442 0.8012298606417961 2376.0000000000000000
0.0688520648093728 0.8251799269883336 2480.0000000000000000
0.0685247753368060 0.7115216244516910 2501.0000000000000000
0.0678073943234923 0.4374185521802703 2521.0000000000000000
0.0674737869093484 0.4114086793018077 2541.0000000000000000
0.0672986656901353 0.3937596571773852 2558.0000000000000000
0.0667208321824019 0.3627938903640704 2579.0000000000000000
0.0657361139657535 0.3393613378569137 2700.0000000000000000
0.0653242663712477 0.4012367383751188 2718.0000000000000000
0.0651212327698968 0.4391281474818332 2738.0000000000000000
0.0650043692376821 0.4640867042038571 2824.0000000000000000
0.0649281982488775 0.4821128383450811 2844.0000000000000000
0.0648741987281004 0.4962724221829191 2863.0000000000000000
0.0648342233310342 0.5080937491608332 2882.0000000000000000
0.0643872033630581 0.3913224991841519 2901.0000000000000000
0.0639842625435065 0.2803747417555377 2978.0000000000000000
0.0637534383762910 0.2168768865122860 2999.0000000000000000
0.0624434218269033 0.1424619524449159 3017.0000000000000000
0.0618148823575909 0.1933457692637026 3038.0000000000000000
0.0620103194605933 0.2443426255607482 3058.0000000000000000
0.0606584409989103 0.2276235646168231 3144.0000000000000000
0.0605050766192625 0.2506138724561477 3163.0000000000000000
0.0605272871467754 0.2568223139834880 3184.0000000000000000
0.0592244947733861 0.1127801920316744 3207.0000000000000000
0.0591155436131074 0.1921948132896837 3227.0000000000000000
0.0596604953672675 0.2070196919684050 3317.0000000000000000
0.0588145137013080 0.1854959806091041 3342.0000000000000000
0.0586200401291735 0.2003336599762705 3366.0000000000000000
0.0585797716282860 0.2104811476585769 3387.0000000000000000
0.0585743379185801 0.2179632311566552 3407.0000000000000000
0.0585782639308868 0.2241543354316825 3477.0000000000000000
0.0585878975130283 0.2297523720126160 3502.0000000000000000
0.0584490335555849 0.2176338079126579 3525.0000000000000000
0.0579195919495633 0.1701779253154635 3554.0000000000000000
0.0576539198928693 0.1649481270040956 3641.0000000000000000
0.0574891200597285 0.1614688769356737 3667.0000000000000000
0.0571395919790920 0.1453687433900599 3692.0000000000000000
0.0566652713214010 0.1231185921827557 3713.0000000000000000
0.0565436586835299 0.1255238664421767 3736.0000000000000000
0.0564791200054435 0.1278498321757394 3812.0000000000000000
0.0564125597473281 0.1301152878822531 3837.0000000000000000
0.0561764659226524 0.1399273745696020 3861.0000000000000000
0.0558201330908728 0.1505873003236776 3884.0000000000000000
0.0556223969869871 0.1518941796815905 3971.0000000000000000
0.0554832039339175 0.1534699877952912 3999.0000000000000000
0.0553649769627047 0.1550581030962027 4023.0000000000000000
0.0552560445225648 0.1568385175050665 4048.0000000000000000
0.0551522837295843 0.1586378593175120 4137.0000000000000000
0.0550521112658629 0.1603731831769006 4165.0000000000000000
0.0549548731220827 0.1620032304146064 4195.0000000000000000
0.0548602756371477 0.1635080579137420 4298.0000000000000000
0.0547681723432119 0.1648782607951782 4329.0000000000000000
0.0545972698505326 0.1730368016410617 4363.0000000000000000
0.0544040568351150 0.1801664815152306 4391.0000000000000000
0.0541484290386078 0.2164367125976058 4463.0000000000000000
0.0538192143417340 0.3217186406056129 4499.0000000000000000
0.0544302609932079 0.3651357471331765 4524.0000000000000000
0.0596181234700788 0.3657625280571097 4549.0000000000000000
0.0579568927455888 0.7472105801266459 4627.0000000000000000
0.0502091070486499 0.9338310372793732 4660.0000000000000000
0.0512155347270715 0.7223584382362133 4689.0000000000000000
0.0528805103616263 0.5005723092727022 4717.0000000000000000
0.0537793898754919 0.5033384873664195 4787.0000000000000000
0.0541383049980727 0.5377031741227617 4821.0000000000000000
0.0530001856311602 0.5414570693767589 4850.0000000000000000
0.0516216353612442 0.5500604652726098 4877.0000000000000000
0.0509433930971762 0.5709261411056035 5021.0000000000000000
0.0505691545973194 0.5872444030679693 5048.0000000000000000
0.0503303425379908 0.6004089257722066 5084.0000000000000000
0.0501577822837476 0.6111306707042475 5269.0000000000000000
0.0494245229642743 0.6061034136419025 5445.0000000000000000
0.0484808181379252 0.6154554294695979 5625.0000000000000000
0.0479883883355852 0.6275078142910355 5780.0000000000000000
0.0476912007098831 0.6452339243368855 5815.0000000000000000
0.0474862407299011 0.6630536395109393 5848.0000000000000000
0.0473284773541229 0.6815968332901733 5878.0000000000000000
0.0470160209201664 0.6892859521192570 5907.0000000000000000
0.0461415210101389 0.6854541723749600 5939.0000000000000000
0.0456625869791705 0.6838830412043055 5970.0000000000000000
0.0453710807722853 0.6993413593907801 6009.0000000000000000
0.0451719354059116 0.7228931314293358 6045.0000000000000000
0.0450216199150110 0.7499994609201387 6084.0000000000000000
0.0441847318143533 0.7155198365390900 6115.0000000000000000
0.0429730445501663 0.6722555811600047 6148.0000000000000000
0.0423346082181135 0.6512831660880405 6187.0000000000000000
0.0419534504472142 0.6345975212891096 6223.0000000000000000
0.0416987849713464 0.6207268577308264 6259.0000000000000000
0.0415126769158939 0.6119322876069602 6293.0000000000000000
0.0413687999353274 0.6358011578712777 6331.0000000000000000
0.0412486475149112 0.6674524723776410 6366.0000000000000000
0.0411449455228919 0.7040234360422720 6402.0000000000000000
0.0401936772123735 0.6131937375907821 6441.0000000000000000
0.0388878937611729 0.4794536208817402 6480.0000000000000000
0.0382407028026694 0.4463018481809589 6516.0000000000000000
0.0378521927613067 0.4225609173788466 6552.0000000000000000
0.0375818808463519 0.4047645248774630 6589.0000000000000000
0.0373727679555976 0.3907538798360884 6623.0000000000000000
0.0372011618456458 0.3888735253782419 6660.0000000000000000
0.0370534260038511 0.4066001937955399 6696.0000000000000000
0.0369201309083957 0.4300997377007769 6733.0000000000000000
0.0367981081942721 0.4582435063137322 6772.0000000000000000
0.0366859918108876 0.4901044861655651 6811.0000000000000000
0.0364703907772510 0.4825760277150776 6850.0000000000000000
0.0354043134428057 0.3454977425751131 6897.0000000000000000
0.0346489809495161 0.4640167179716375 6939.0000000000000000
0.0342872463059074 0.4783550414080725 6977.0000000000000000
0.0340739495833360 0.4904880780892850 7016.0000000000000000
0.0339264484738593 0.5006357347658333 7093.0000000000000000
0.0338131130154840 0.5094904127441763 7174.0000000000000000
0.0337040950436726 0.4957929301582808 7249.0000000000000000
0.0335968574956676 0.4753748028940555 7325.0000000000000000
0.0334933769231709 0.4530042593010715 7403.0000000000000000
0.0333948850235787 0.4300586181387355 7481.0000000000000000
0.0333019967063536 0.4073603396875203 7559.0000000000000000
0.0332150200620989 0.3855087958748020 7636.0000000000000000
0.0330970532939443 0.3577971941241099 7717.0000000000000000
0.0322710288174477 0.3568758359272181 7792.0000000000000000
0.0318431430984529 0.5821071762418675 7869.0000000000000000
0.0305251079078834 0.9249183901660301 7944.0000000000000000
0.0318445050117893 1.0499826885275647 8019.0000000000000000
0.0329020778210602 1.0562369531009386 8100.0000000000000000
0.0333892253308446 1.0303550136393187 8188.0000000000000000
0.0335794925132855 1.0242179285698862 8262.0000000000000000
0.0336124823779988 1.0161808699796961 8344.0000000000000000
0.0335665964577610 1.0070395712599571 8437.0000000000000000
0.0334825619045712 0.9971787199320834 8514.0000000000000000
0.0333810662967060 0.9867944733783872 8594.0000000000000000
0.0332724858283032 0.9759887920841266 8670.0000000000000000
0.0331620566725661 0.9648246763472766 8746.0000000000000000
0.0330523553831746 0.9533397632216046 8850.0000000000000000
0.0329446626687853 0.9415638840327268 8927.0000000000000000
0.0328396053336205 0.9295193636925622 9015.0000000000000000
0.0327374812682618 0.9172266097479630 9096.0000000000000000
0.0326380306244890 0.9044391181516536 9336.0000000000000000
0.0325301499278073 0.8836333254489168 9420.0000000000000000
0.0324204065712924 0.8616288616867441 9502.0000000000000000
0.0323122732046109 0.8391983949574094 9583.0000000000000000
0.0322074097845608 0.8166887403547484 9674.0000000000000000
0.0319185176049445 0.7769776802292886 9760.0000000000000000
0.0311616780598492 0.7148152476523031 9842.0000000000000000
0.0307666200919560 0.6851242973349667 9924.0000000000000000
0.0305418977260124 0.6579502404292559 10009.0000000000000000
0.0296257522519817 0.5882928950727117 10092.0000000000000000
0.0283478298382035 0.4777852895722007 10176.0000000000000000
0.0267398782905563 0.3799129317496258 10262.0000000000000000
0.0257687499615386 0.7829848304196696 10391.0000000000000000
0.0274624938820362 1.0773779153688243 10482.0000000000000000
0.0329849202082535 1.1646772869408848 10562.0000000000000000
0.0349917004637095 1.0847881395972288 10644.0000000000000000
0.0303025628286749 1.1928828030043317 10725.0000000000000000
0.0298898206812679 1.2675754432461197 10807.0000000000000000
0.0217412097178118 0.9359178297454078 10891.0000000000000000
0.0217603250030472 0.9538867627653911 10973.0000000000000000
0.0227545019424507 1.1500435516685106 11054.0000000000000000
0.0234739376433508 1.1866672332766981 11134.0000000000000000
0.0238320426699760 1.1885607572633123 11216.0000000000000000
0.0239853182764169 1.1720018246187009 11309.0000000000000000
0.0240340244942679 1.1467090731208445 11395.0000000000000000
0.0240260153318284 1.1188127981162455 11488.0000000000000000
0.0240023422963771 1.1021974254779519 11579.0000000000000000
0.0239774799377009 1.0924277517786942 11669.0000000000000000
0.0239535390242363 1.0842742424504797 11757.0000000000000000
0.0239306704386085 1.0770445598049041 11846.0000000000000000
0.0239084942013141 1.0703532624780261 11940.0000000000000000
0.0238880815532715 1.0636780492734790 12032.0000000000000000
0.0238668149665437 1.0584642689074986 12126.0000000000000000
0.0238453051465882 1.0536291071866017 12216.0000000000000000
0.0238248919217218 1.0484924429989317 12306.0000000000000000
0.0238070220366529 1.0430236083223738 12396.0000000000000000
0.0237918909458729 1.0374267716672152 12489.0000000000000000
0.0237798064427547 1.0317405090336154 12578.0000000000000000
0.0237708779548785 1.0260426020668074 12669.0000000000000000
0.0237651823982304 1.0203942695926833 12768.0000000000000000
0.0237626703884286 1.0148680930707943 12861.0000000000000000
0.0237633028544983 1.0095207670395927 12956.0000000000000000
0.0237672811681212 1.0043798282629190 13052.0000000000000000
0.0235428918783099 0.9670079451818206 13144.0000000000000000
0.0231186571711509 0.9075643255715337 13248.0000000000000000
0.0228440410478797 0.8871815097500724 13348.0000000000000000
0.0222036169032012 0.8109677073027491 13597.0000000000000000
0.0212925777873071 0.7120526086573464 13696.0000000000000000
0.0200019981264793 0.6060430901540895 13789.0000000000000000
0.0172053396048031 0.4096288235309506 13878.0000000000000000
0.0139677661222873 0.3321275262620980 14035.0000000000000000
0.0133775516377028 0.2570337282014857 14124.0000000000000000
0.0144474838609975 1.2478584381194717 14317.0000000000000000
0.0184272769198473 2.0507740114496076 14425.0000000000000000
0.0175082892505882 1.0786404973227288 14546.0000000000000000
0.0198031224671437 1.0274786538680980 14640.0000000000000000
0.0099265396640782 0.1359986693677939 14739.0000000000000000
0.0119104169272861 0.3469390675859074 14831.0000000000000000
0.0103240239373130 0.3520020892509195 14926.0000000000000000
0.0172321849385784 0.4314902003760382 15042.0000000000000000
0.0211520247405362 0.5843305588619764 15148.0000000000000000
0.0294521050611579 1.2624341776838313 15248.0000000000000000
0.0135222096824831 0.1974798928440968 15344.0000000000000000
0.0106528976952437 0.2917587472091368 15442.0000000000000000
0.0114344092565246 0.4628148474466747 15534.0000000000000000
0.0118539512265767 0.3030327895957122 15627.0000000000000000
0.0100354985243021 0.6335342071448038 15720.0000000000000000
0.0132291609774353 0.9380656596780833 15814.0000000000000000
0.0107748624135973 0.2800157790251612 15908.0000000000000000
0.0092919825719082 0.2569397083219149 16000.0000000000000000
0.0035350676122707 0.0295621889979228 16091.0000000000000000
0.0008303086262605 0.0752989383112087 16183.0000000000000000
0.0001338022187052 0.0098277056676300 16289.0000000000000000
0.0000907460152617 0.0342942009641059 16380.0000000000000000
0.0000865314761283 0.0197222024395895 16475.0000000000000000
0.0000835082038912 0.0184590509512058 16579.0000000000000000
0.0000815598822499 0.0175443127652327 16673.0000000000000000
0.0000806010311419 0.0169480314935135 16768.0000000000000000
0.0000640714171155 0.0107036236430156 16863.0000000000000000
0.0000430288432665 0.0062678738833720 16957.0000000000000000
0.0000303103732277 0.0038843547301030 17049.0000000000000000
0.0000285221848937 0.0039184695669643 17144.0000000000000000
0.0000275334449173 0.0040806680031135 17259.0000000000000000
0.0000265821201306 0.0037972514087639 17390.0000000000000000
0.0000256634681656 0.0034858852962683 17486.0000000000000000
0.0000248367811246 0.0032902914780511 17582.0000000000000000
0.0000240906599155 0.0031412184530149 17679.0000000000000000
0.0000234039954090 0.0030031064070128 17779.0000000000000000
0.0000227663160746 0.0028769106219614 17874.0000000000000000
0.0000221716651092 0.0027647618191133 17974.0000000000000000
0.0000216149101881 0.0026642766811199 18084.0000000000000000
0.0000210916044884 0.0025729566268919 18189.0000000000000000
0.0000205981134937 0.0024893503743040 18296.0000000000000000
0.0000201314433747 0.0024124583968489 18401.0000000000000000
0.0000196890645798 0.0023414192664692 18502.0000000000000000
0.0000192688083710 0.0022755000196639 18609.0000000000000000
0.0000188687988314 0.0022140978923356 18712.0000000000000000
0.0000184873995261 0.0021567122279462 18818.0000000000000000
0.0000181231713657 0.0021029191514726 18923.0000000000000000
0.0000177748398486 0.0020523559987234 19023.0000000000000000
0.0000174412693460 0.0020047104607574 19124.0000000000000000
0.0000171214425097 0.0019597117703813 19228.0000000000000000
0.0000168144435465 0.0019171235776200 19330.0000000000000000
0.0000165194445263 0.0018767383750440 19430.0000000000000000
0.0000162356940495 0.0018383730360929 19531.0000000000000000
0.0000159625077778 0.0018018651894274 19641.0000000000000000
0.0000156992604581 0.0017670702492986 19747.0000000000000000
0.0000154453791532 0.0017338589621462 19863.0000000000000000
0.0000152003374544 0.0017021153632305 19962.0000000000000000
0.0000149636505047 0.0016717350625169 20064.0000000000000000
0.0000147348706927 0.0016426237969454 20176.0000000000000000
0.0000145135839073 0.0016146962004202 20277.0000000000000000
0.0000142994062653 0.0015878747527595 20380.0000000000000000
0.0000140919812381 0.0015620888774829 20481.0000000000000000
0.0000138909771196 0.0015372741633495 20584.0000000000000000
0.0000136960847854 0.0015133716897864 20687.0000000000000000
0.0000135070157033 0.0014903274407627 20790.0000000000000000
0.0000133235001615 0.0014680917936921 20894.0000000000000000
0.0000131452856830 0.0014466190677306 20998.0000000000000000
0.0000129721356177 0.0014258671398182 21105.0000000000000000
0.0000128038278303 0.0014057970707956 21209.0000000000000000
0.0000126401536059 0.0013863728424317 21314.0000000000000000
0.0000124809165774 0.0013675610495593 21419.0000000000000000
0.0000123259317950 0.0013493306716665 21529.0000000000000000
0.0000121750248902 0.0013316528651099 21636.0000000000000000
0.0000120280312607 0.0013145007456720 21742.0000000000000000
0.0000118847954066 0.0012978492483958 21848.0000000000000000
0.0000117451702748 0.0012816749561255 21957.0000000000000000
0.0000116090166765 0.0012659559715368 22063.0000000000000000
0.0000114762027445 0.0012506717810432 22171.0000000000000000
0.0000113466034428 0.0012358031494572 22277.0000000000000000
0.0000112201001162 0.0012213320200798 22386.0000000000000000
0.0000110965800744 0.0012072414210040 22500.0000000000000000
0.0000109759362087 0.0011935153813308 22614.0000000000000000
0.0000108580666420 0.0011801388598131 22794.0000000000000000
0.0000107428744008 0.0011670976712852 22907.0000000000000000
0.0000106302671158 0.0011543784271267 23021.0000000000000000
0.0000105201567429 0.0011419684777524 23137.0000000000000000
0.0000104124593067 0.0011298558613366 23251.0000000000000000
0.0000103070946595 0.0011180292542772 23369.0000000000000000
0.0000102039862609 0.0011064779296244 23496.0000000000000000
0.0000101030609707 0.0010951917162183 23610.0000000000000000
0.0000100042488574 0.0010841609619617 23730.0000000000000000
0.0000099074830188 0.0010733765000643 23845.0000000000000000
0.0000098126994160 0.0010628296179167 23960.0000000000000000
0.0000097198367173 0.0010525120283515 24074.0000000000000000
0.0000096288361499 0.0010424158414101 24224.0000000000000000
0.0000095396413731 0.0010325335452655 24340.0000000000000000
0.0000094521983437 0.0010228579780439 24470.0000000000000000
0.0000093664551980 0.0010133823080849 24591.0000000000000000
0.0000092823621405 0.0010041000148640 24712.0000000000000000
0.0000091998713417 0.0009950048720399 24834.0000000000000000
0.0000091189368370 0.0009860909286525 24954.0000000000000000
0.0000090395144359 0.0009773524947053 25075.0000000000000000
0.0000089615616352 0.0009687841264042 25204.0000000000000000
0.0000088850375448 0.0009603806160627 25329.0000000000000000
0.0000088099027891 0.0009521369666800 25453.0000000000000000
0.0000087361194563 0.0009440483962957 25582.0000000000000000
0.0000086636510234 0.0009361103189301 25704.0000000000000000
0.0000085924622912 0.0009283183342157 25827.0000000000000000
0.0000085225193242 0.0009206682192538 25950.0000000000000000
0.0000084537893935 0.0009131559189378 26077.0000000000000000
0.0000083862409220 0.0009057775374788 26198.0000000000000000
0.0000083198434330 0.0008985293297827 26326.0000000000000000
0.0000082545675036 0.0008914076960764 26462.0000000000000000
0.0000081903847167 0.0008844091722319 26594.0000000000000000
0.0000081272676210 0.0008775304265642 26720.0000000000000000
0.0000080651896833 0.0008707682472242 26861.0000000000000000
0.0000080041252550 0.0008641195432188 26988.0000000000000000
0.0000079440495281 0.0008575813312831 27114.0000000000000000
0.0000078849385162 0.0008511507460564 27237.0000000000000000
0.0000078267690050 0.0008448250165523 27365.0000000000000000
0.0000077695185262 0.0008386014708878 27500.0000000000000000
0.0000077131653268 0.0008324775309164 27629.0000000000000000
0.0000076576883495 0.0008264507141342 27769.0000000000000000
0.0000076030671802 0.0008205186075034 27895.0000000000000000
0.0000075492820461 0.0008146788913387 28021.0000000000000000
0.0000074963137836 0.0008089293219732 28152.0000000000000000
0.0000074441438142 0.0008032677295040 28283.0000000000000000
0.0000073927541230 0.0007976920165234 28421.0000000000000000
0.0000073421272361 0.0007922001532615 28559.0000000000000000
0.0000072922462007 0.0007867901758748 28691.0000000000000000
0.0000072430945654 0.0007814601834993 28839.0000000000000000
0.0000071946563619 0.0007762083356462 28971.0000000000000000
0.0000071469160871 0.0007710328497662 29115.0000000000000000
0.0000070998586858 0.0007659319989273 29244.0000000000000000
0.0000070534695350 0.0007609041096055 29376.0000000000000000
0.0000070077344279 0.0007559475595818 29512.0000000000000000
0.0000069626395589 0.0007510607757045 29642.0000000000000000
