Residual Convergence speed Computational time
0.1259392662372186 0.0562102604672979 6.0000000000000000
0.1260172307279470 0.4487657809358098 148.0000000000000000
0.1265770619133792 0.5997242909019309 316.0000000000000000
0.1268942200157483 0.7477179244168753 541.0000000000000000
0.1269494335389923 0.8958287802371345 606.0000000000000000
0.1269593710295124 1.0325257937131676 610.0000000000000000
0.1269206888283798 1.1660328529631472 618.0000000000000000
0.1268282598993534 1.2950797399835321 625.0000000000000000
0.1266800428647525 1.4187292777700276 629.0000000000000000
0.1264733227755533 1.5361876988788463 637.0000000000000000
0.1262055529331205 1.6467504665454336 647.0000000000000000
0.1258802776621146 1.7497847263288699 653.0000000000000000
0.1255011339826379 1.8447235059075300 659.0000000000000000
0.1250711084068333 1.9310647369320095 672.0000000000000000
0.1245951964939305 2.0083725610039709 694.0000000000000000
0.1240800752774144 2.0762797581755845 704.0000000000000000
0.1235320312670037 2.1344903123560850 711.0000000000000000
0.1229561846409372 2.1827820217217058 718.0000000000000000
0.1223583306425863 2.2210084035678137 725.0000000000000000
0.1217442964636117 2.2491000211406509 732.0000000000000000
0.1211197092763580 2.2670645997392174 750.0000000000000000
0.1204902119328756 2.2749864150305119 763.0000000000000000
0.1198614344111789 2.2730246552434141 772.0000000000000000
0.1192374162113681 2.2614108032772444 786.0000000000000000
0.1186226528697177 2.2404451980716265 799.0000000000000000
0.1180213097977166 2.2104928952379352 809.0000000000000000
0.1174372096258044 2.1719782938200840 822.0000000000000000
0.1168738555221987 2.1253830094438371 839.0000000000000000
0.1163343906766145 2.0712350822786689 880.0000000000000000
0.1158216374634686 2.0101085363291231 893.0000000000000000
0.1153380962408968 1.9426162566857190 911.0000000000000000
0.1148859563358805 1.8694056025954346 922.0000000000000000
0.1144671098710659 1.7911546405601075 938.0000000000000000
0.1140831657314530 1.7085692618360415 949.0000000000000000
0.1137354661280837 1.6223820821128119 964.0000000000000000
0.1134251020296883 1.5333530435273648 980.0000000000000000
0.1131529303939467 1.4422730097706806 1003.0000000000000000
0.1129199049582893 1.3499706652260337 1017.0000000000000000
0.1127261618764356 1.2573250061765167 1039.0000000000000000
0.1125719431702085 1.1652822669893128 1057.0000000000000000
0.1124575205373341 1.0748831950126925 1069.0000000000000000
0.1123827088998649 0.9872980582160985 1083.0000000000000000
0.1123472334815851 0.9038739330643381 1096.0000000000000000
0.1123507584491030 0.8261833607044698 1117.0000000000000000
0.1123928396381290 0.7560698347033293 1135.0000000000000000
0.1124729839711349 0.6956458398909741 1157.0000000000000000
0.1125906240887676 0.6471862160719155 1175.0000000000000000
0.1127449319994831 0.6128396376764386 1196.0000000000000000
0.1129351397056604 0.5941487096188504 1235.0000000000000000
0.1131604086355229 0.5915278934339138 1295.0000000000000000
0.1134198577127387 0.6040239151535416 1318.0000000000000000
0.1137125652958730 0.6295437575129105 1345.0000000000000000
0.1140375768319443 0.6654152170064791 1362.0000000000000000
0.1143939117661930 0.7089450804513415 1383.0000000000000000
0.1147805698900785 0.7577638294365772 1410.0000000000000000
0.1151965371815513 0.8099489981007755 1432.0000000000000000
0.1156407909552059 0.8640129687511600 1450.0000000000000000
0.1161123047932089 0.9188354267403214 1471.0000000000000000
0.1166100527034953 0.9735860806964525 1495.0000000000000000
0.1171330130703577 1.0276565906289241 1517.0000000000000000
0.1176801721781353 1.0806064359375280 1547.0000000000000000
0.1182505272278481 1.1321217567808359 1564.0000000000000000
0.1188430891285390 1.1819847287965493 1579.0000000000000000
0.1194568849010104 1.2300508041772442 1633.0000000000000000
0.1200909592321171 1.2762315882729953 1650.0000000000000000
0.1196577606377685 0.9447294491165464 1670.0000000000000000
0.1187102113771310 0.5104608947173789 1699.0000000000000000
0.1185956689417229 0.5230733341244878 1715.0000000000000000
0.1188395588775895 0.5379529979894416 1731.0000000000000000
0.1192535258414839 0.5539981385607748 1745.0000000000000000
0.1197555167716577 0.5702108640586167 1766.0000000000000000
0.1203071074705725 0.5859880263542572 1786.0000000000000000
0.1208894034078451 0.6010047606639288 1845.0000000000000000
0.1209956796012900 0.5948477249119830 1871.0000000000000000
0.1205984816785389 0.5791263820457386 1890.0000000000000000
0.1207633933784527 0.6724495933990461 1906.0000000000000000
0.1211651275454848 0.7313030293787481 1924.0000000000000000
0.1216769575432029 0.7713938350437072 1941.0000000000000000
0.1222449537672215 0.8012298606417961 1957.0000000000000000
0.1228444502062432 0.8251799269883336 1984.0000000000000000
0.1231993384262233 0.7115216244516910 2010.0000000000000000
0.1231604270531975 0.4374185521802703 2029.0000000000000000
0.1235077959202520 0.4114086793018077 2064.0000000000000000
0.1240149043027272 0.3937596571773852 2094.0000000000000000
0.1241150976634793 0.3627938903640704 2135.0000000000000000
0.1238055693388932 0.3393613378569137 2160.0000000000000000
0.1240780078881047 0.4012367383751188 2181.0000000000000000
0.1245588819191863 0.4391281474818332 2200.0000000000000000
0.1251259067987659 0.4640867042038571 2240.0000000000000000
0.1257334731447390 0.4821128383450811 2261.0000000000000000
0.1263631354196497 0.4962724221829191 2310.0000000000000000
0.1270067841142375 0.5080937491608332 2380.0000000000000000
0.1272446841307713 0.3913224991841519 2401.0000000000000000
0.1275272172732995 0.2803747417555377 2431.0000000000000000
0.1279816575398403 0.2168768865122860 2458.0000000000000000
0.1273524861371490 0.1424619524449159 2477.0000000000000000
0.1273964160832269 0.1933457692637026 2497.0000000000000000
0.1282698074042034 0.2443426255607482 2543.0000000000000000
0.1276264875751303 0.2276235646168231 2566.0000000000000000
0.1281696521539575 0.2506138724561477 2598.0000000000000000
0.1288820734312836 0.2568223139834880 2628.0000000000000000
0.1282192029438859 0.1127801920316744 2661.0000000000000000
0.1287530844347918 0.1921948132896837 2681.0000000000000000
0.1299657229453545 0.2070196919684050 2700.0000000000000000
0.1298810540501527 0.1854959806091041 2731.0000000000000000
0.1304210904995486 0.2003336599762705 2757.0000000000000000
0.1310933510639538 0.2104811476585769 2784.0000000000000000
0.1317894559800784 0.2179632311566552 2807.0000000000000000
0.1324894254446447 0.2241543354316825 2832.0000000000000000
0.1331923548494526 0.2297523720126160 2859.0000000000000000
0.1337388321731297 0.2176338079126579 2883.0000000000000000
0.1338732690907202 0.1701779253154635 2909.0000000000000000
0.1342817716943255 0.1649481270040956 2932.0000000000000000
0.1347979517575861 0.1614688769356737 2964.0000000000000000
0.1351232430769335 0.1453687433900599 3001.0000000000000000
0.1353164281256323 0.1231185921827557 3041.0000000000000000
0.1358750992256105 0.1255238664421767 3063.0000000000000000
0.1364945932080617 0.1278498321757394 3094.0000000000000000
0.1371138604421070 0.1301152878822531 3119.0000000000000000
0.1375698425295755 0.1399273745696020 3145.0000000000000000
0.1379144769068348 0.1505873003236776 3176.0000000000000000
0.1384107390968611 0.1518941796815905 3205.0000000000000000
0.1389648574798487 0.1534699877952912 3235.0000000000000000
0.1395389497274266 0.1550581030962027 3261.0000000000000000
0.1401218412792974 0.1568385175050665 3285.0000000000000000
0.1407096562979984 0.1586378593175120 3312.0000000000000000
0.1413009358626496 0.1603731831769006 3375.0000000000000000
0.1418950878579924 0.1620032304146064 3409.0000000000000000
0.1424918495692178 0.1635080579137420 3442.0000000000000000
0.1430910899268356 0.1648782607951782 3480.0000000000000000
0.1436060157926521 0.1730368016410617 3508.0000000000000000
0.1440953243267353 0.1801664815152306 3550.0000000000000000
0.1445052043557398 0.2164367125976058 3581.0000000000000000
0.1448548390693691 0.3217186406056129 3629.0000000000000000
0.1462067777457490 0.3651357471331765 3701.0000000000000000
0.1521234133320530 0.3657625280571097 3744.0000000000000000
0.1511732582091354 0.7472105801266459 3780.0000000000000000
0.1442405532582051 0.9338310372793732 3812.0000000000000000
0.1460728629863607 0.7223584382362133 3849.0000000000000000
0.1485162290326087 0.5005723092727022 3878.0000000000000000
0.1501523741147157 0.5033384873664195 3913.0000000000000000
0.1512276743036406 0.5377031741227617 3941.0000000000000000
0.1507831975939666 0.5414570693767589 3979.0000000000000000
0.1500920743531079 0.5500604652726098 4009.0000000000000000
0.1501019658406705 0.5709261411056035 4039.0000000000000000
0.1504181540655556 0.5872444030679693 4066.0000000000000000
0.1508731374187256 0.6004089257722066 4104.0000000000000000
0.1513960530947919 0.6111306707042475 4139.0000000000000000
0.1513538999767895 0.6061034136419025 4171.0000000000000000
0.1511070994393933 0.6154554294695979 4204.0000000000000000
0.1513100636513527 0.6275078142910355 4236.0000000000000000
0.1517101279286131 0.6452339243368855 4279.0000000000000000
0.1522028319538336 0.6630536395109393 4312.0000000000000000
0.1527429387681299 0.6815968332901733 4351.0000000000000000
0.1531303347604428 0.6892859521192570 4390.0000000000000000
0.1529714993306935 0.6854541723749600 4430.0000000000000000
0.1531918160221342 0.6838830412043055 4460.0000000000000000
0.1535974694821967 0.6993413593907801 4496.0000000000000000
0.1540959478150041 0.7228931314293358 4531.0000000000000000
0.1546436004763194 0.7499994609201387 4565.0000000000000000
0.1545272134802843 0.7155198365390900 4597.0000000000000000
0.1540584594094211 0.6722555811600047 4650.0000000000000000
0.1541338281031602 0.6512831660880405 4686.0000000000000000
0.1544519113485454 0.6345975212891096 4732.0000000000000000
0.1548892048538351 0.6207268577308264 4783.0000000000000000
0.1553920646461779 0.6119322876069602 4825.0000000000000000
0.1559420399083842 0.6358011578712777 4865.0000000000000000
0.1565181819815434 0.6674524723776410 4911.0000000000000000
0.1571119956346533 0.7040234360422720 4962.0000000000000000
0.1568805444327494 0.6131937375907821 5000.0000000000000000
0.1563178514464392 0.4794536208817402 5037.0000000000000000
0.1563837996293522 0.4463018481809589 5080.0000000000000000
0.1566928625931375 0.4225609173788466 5119.0000000000000000
0.1571122856267240 0.4047645248774630 5160.0000000000000000
0.1575889880055275 0.3907538798360884 5203.0000000000000000
0.1581043881504225 0.3888735253782419 5248.0000000000000000
0.1586495699310008 0.4066001937955399 5299.0000000000000000
0.1592121513241644 0.4300997377007769 5344.0000000000000000
0.1597874845814921 0.4582435063137322 5385.0000000000000000
0.1603734640080936 0.4901044861655651 5426.0000000000000000
0.1608561552698002 0.4825760277150776 5463.0000000000000000
0.1605202313813910 0.3454977425751131 5513.0000000000000000
0.1604881556684761 0.4640167179716375 5554.0000000000000000
0.1608334388660518 0.4783550414080725 5593.0000000000000000
0.1613190407943751 0.4904880780892850 5643.0000000000000000
0.1618663790697349 0.5006357347658333 5747.0000000000000000
0.1624458697026774 0.5094904127441763 5827.0000000000000000
0.1630323365999415 0.4957929301582808 5915.0000000000000000
0.1636224502782595 0.4753748028940555 6003.0000000000000000
0.1642172544149020 0.4530042593010715 6079.0000000000000000
0.1648175139664204 0.4300586181387355 6162.0000000000000000
0.1654236099183481 0.4073603396875203 6239.0000000000000000
0.1660357347307456 0.3855087958748020 6316.0000000000000000
0.1666148096359936 0.3577971941241099 6397.0000000000000000
0.1664450358608503 0.3568758359272181 6475.0000000000000000
0.1666604163971089 0.5821071762418675 6554.0000000000000000
0.1661051683560771 0.9249183901660301 6634.0000000000000000
0.1682092786382302 1.0499826885275647 6713.0000000000000000
0.1700178577556962 1.0562369531009386 6798.0000000000000000
0.1712339259581390 1.0303550136393187 6879.0000000000000000
0.1721331320750041 1.0242179285698862 6961.0000000000000000
0.1728650700453364 1.0161808699796961 7039.0000000000000000
0.1735131366635519 1.0070395712599571 7125.0000000000000000
0.1741205569495521 0.9971787199320834 7212.0000000000000000
0.1747104214924683 0.9867944733783872 7294.0000000000000000
0.1752939780325820 0.9759887920841266 7378.0000000000000000
0.1758753074324466 0.9648246763472766 7459.0000000000000000
0.1764571747819237 0.9533397632216046 7536.0000000000000000
0.1770409550949153 0.9415638840327268 7617.0000000000000000
0.1776273231071048 0.9295193636925622 7697.0000000000000000
0.1782166007672148 0.9172266097479630 7801.0000000000000000
0.1788085961666364 0.9044391181516536 7893.0000000000000000
0.1793938559211429 0.8836333254489168 7976.0000000000000000
0.1799781276999237 0.8616288616867441 8059.0000000000000000
0.1805644468144659 0.8391983949574094 8144.0000000000000000
0.1811542547686248 0.8166887403547484 8226.0000000000000000
0.1815580621849909 0.7769776802292886 8341.0000000000000000
0.1814886983281051 0.7148152476523031 8425.0000000000000000
0.1817848435761336 0.6851242973349667 8512.0000000000000000
0.1822532809918894 0.6579502404292559 8597.0000000000000000
0.1820235599999585 0.5882928950727117 8679.0000000000000000
0.1814328680479728 0.4777852895722007 8763.0000000000000000
0.1805373539530586 0.3799129317496258 8848.0000000000000000
0.1803631331827842 0.7829848304196696 8929.0000000000000000
0.1828547247323661 1.0773779153688243 9013.0000000000000000
0.1892223519917134 1.1646772869408848 9096.0000000000000000
0.1920338966653119 1.0847881395972288 9193.0000000000000000
0.1881241190889334 1.1928828030043317 9276.0000000000000000
0.1884418365448507 1.2675754432461197 9360.0000000000000000
0.1809907621692484 0.9359178297454078 9442.0000000000000000
0.1817028691454060 0.9538867627653911 9527.0000000000000000
0.1834077633825600 1.1500435516685106 9611.0000000000000000
0.1848339761360085 1.1866672332766981 9694.0000000000000000
0.1858907025787984 1.1885607572633123 9786.0000000000000000
0.1867385218097743 1.1720018246187009 9869.0000000000000000
0.1874797625876170 1.1467090731208445 9950.0000000000000000
0.1881634554513463 1.1188127981162455 10041.0000000000000000
0.1888246630826514 1.1021974254779519 10129.0000000000000000
0.1894785807473880 1.0924277517786942 10216.0000000000000000
0.1901303750399299 1.0842742424504797 10304.0000000000000000
0.1907817428501534 1.0770445598049041 10389.0000000000000000
0.1914330860374055 1.0703532624780261 10482.0000000000000000
0.1920858359450822 1.0636780492734790 10574.0000000000000000
0.1927377032027494 1.0584642689074986 10662.0000000000000000
0.1933893884649185 1.0536291071866017 10749.0000000000000000
0.1940422125134238 1.0484924429989317 10836.0000000000000000
0.1946975921783547 1.0430236083223738 10930.0000000000000000
0.1953557205816235 1.0374267716672152 11018.0000000000000000
0.1960168993621611 1.0317405090336154 11106.0000000000000000
0.1966812357689884 1.0260426020668074 11194.0000000000000000
0.1973488050702392 1.0203942695926833 11285.0000000000000000
0.1980195592014641 1.0148680930707943 11378.0000000000000000
0.1986934599783700 1.0095207670395927 11467.0000000000000000
0.1993707038413915 1.0043798282629190 11561.0000000000000000
0.1998217853977754 0.9670079451818206 11649.0000000000000000
0.2000723697243194 0.9075643255715337 11743.0000000000000000
0.2004731407410336 0.8871815097500724 11850.0000000000000000
0.2005064957660170 0.8109677073027491 11942.0000000000000000
0.2002676043462550 0.7120526086573464 12039.0000000000000000
0.1996436963635037 0.6060430901540895 12136.0000000000000000
0.1974919471192011 0.4096288235309506 12229.0000000000000000
0.1948670565176637 0.3321275262620980 12329.0000000000000000
0.1948684566335245 0.2570337282014857 12425.0000000000000000
0.1962579146484287 1.2478584381194717 12520.0000000000000000
0.2005655454203552 2.0507740114496076 12624.0000000000000000
0.1999541930786087 1.0786404973227288 12723.0000000000000000
0.2028136109739363 1.0274786538680980 12818.0000000000000000
0.1936025477377125 0.1359986693677939 12917.0000000000000000
0.1964337088257476 0.3469390675859074 13008.0000000000000000
0.1947990544102317 0.3520020892509195 13101.0000000000000000
0.2018392406078367 0.4314902003760382 13199.0000000000000000
0.2059091945697911 0.5843305588619764 13309.0000000000000000
0.2145890306430525 1.2624341776838313 13404.0000000000000000
0.1989501587861544 0.1974798928440968 13499.0000000000000000
0.1965125109235583 0.2917587472091368 13597.0000000000000000
0.1978036780088376 0.4628148474466747 13690.0000000000000000
0.1985276939359217 0.3030327895957122 13790.0000000000000000
0.1971914245782866 0.6335342071448038 13882.0000000000000000
0.2007775887829548 0.9380656596780833 13987.0000000000000000
0.1988466259246659 0.2800157790251612 14129.0000000000000000
0.1979887905441618 0.2569397083219149 14230.0000000000000000
0.1926091361309620 0.0295621889979228 14340.0000000000000000
0.1903298238725949 0.0752989383112087 14443.0000000000000000
0.1895283473768198 0.0098277056676300 14549.0000000000000000
0.1893488376350362 0.0342942009641059 14654.0000000000000000
0.1893270101944133 0.0197222024395895 14758.0000000000000000
0.1893103575795498 0.0184590509512058 14863.0000000000000000
0.1892986141270504 0.0175443127652327 14957.0000000000000000
0.1892920511405718 0.0169480314935135 15054.0000000000000000
0.1892673750919638 0.0107036236430156 15157.0000000000000000
0.1892346726990465 0.0062678738833720 15249.0000000000000000
0.1892077252413567 0.0038843547301030 15347.0000000000000000
0.1892059460928540 0.0039184695669643 15441.0000000000000000
0.1892069278422317 0.0040806680031135 15540.0000000000000000
0.1892079314667292 0.0037972514087639 15672.0000000000000000
0.1892090502287576 0.0034858852962683 15776.0000000000000000
0.1892101692131158 0.0032902914780511 15878.0000000000000000
0.1892112421468221 0.0031412184530149 15981.0000000000000000
0.1892123054254810 0.0030031064070128 16073.0000000000000000
0.1892133744197662 0.0028769106219614 16202.0000000000000000
0.1892144445411058 0.0027647618191133 16300.0000000000000000
0.1892155131507413 0.0026642766811199 16416.0000000000000000
0.1892165813360920 0.0025729566268919 16516.0000000000000000
0.1892176501074768 0.0024893503743040 16626.0000000000000000
0.1892187196722530 0.0024124583968489 16723.0000000000000000
0.1892197900052267 0.0023414192664692 16830.0000000000000000
0.1892208610536661 0.0022755000196639 16931.0000000000000000
0.1892219326988446 0.0022140978923356 17030.0000000000000000
0.1892230047416972 0.0021567122279462 17135.0000000000000000
0.1892240769256356 0.0021029191514726 17244.0000000000000000
0.1892254815055731 0.0020523559987234 17346.0000000000000000
0.1892270645211372 0.0020047104607574 17445.0000000000000000
0.1892286306313462 0.0019597117703813 17542.0000000000000000
0.1892301804287038 0.0019171235776200 17643.0000000000000000
0.1892317144245878 0.0018767383750440 17745.0000000000000000
0.1892332330638582 0.0018383730360929 17842.0000000000000000
0.1892347367369147 0.0018018651894274 17964.0000000000000000
0.1892362257894779 0.0017670702492986 18067.0000000000000000
0.1892377182486418 0.0017338589621462 18176.0000000000000000
0.1892392083777651 0.0017021153632305 18277.0000000000000000
0.1892406834605900 0.0016717350625169 18389.0000000000000000
0.1892421438005343 0.0016426237969454 18493.0000000000000000
0.1892435896791794 0.0016146962004202 18601.0000000000000000
0.1892450213597184 0.0015878747527595 18731.0000000000000000
0.1892464390897972 0.0015620888774829 18842.0000000000000000
0.1892478431038607 0.0015372741633495 18944.0000000000000000
0.1892492336251310 0.0015133716897864 19053.0000000000000000
0.1892506108671960 0.0014903274407627 19160.0000000000000000
0.1892519750352347 0.0014680917936921 19272.0000000000000000
0.1892533263275226 0.0014466190677306 19376.0000000000000000
0.1892546649354808 0.0014258671398182 19482.0000000000000000
0.1892559910464666 0.0014057970707956 19583.0000000000000000
0.1892573048415616 0.0013863728424317 19697.0000000000000000
0.1892586064979739 0.0013675610495593 19809.0000000000000000
0.1892598961890218 0.0013493306716665 19918.0000000000000000
0.1892611740838812 0.0013316528651099 20027.0000000000000000
0.1892624403496703 0.0013145007456720 20143.0000000000000000
0.1892636951499165 0.0012978492483958 20275.0000000000000000
0.1892649386456328 0.0012816749561255 20392.0000000000000000
0.1892661709944251 0.0012659559715368 20512.0000000000000000
0.1892673923519099 0.0012506717810432 20629.0000000000000000
0.1892686028714126 0.0012358031494572 20746.0000000000000000
0.1892698027038334 0.0012213320200798 20856.0000000000000000
0.1892709919978504 0.0012072414210040 20978.0000000000000000
0.1892721709001490 0.0011935153813308 21088.0000000000000000
0.1892733395549756 0.0011801388598131 21198.0000000000000000
0.1892744981047287 0.0011670976712852 21307.0000000000000000
0.1892756466897612 0.0011543784271267 21430.0000000000000000
0.1892767854484609 0.0011419684777524 21546.0000000000000000
0.1892779145171495 0.0011298558613366 21659.0000000000000000
0.1892790340303598 0.0011180292542772 21812.0000000000000000
0.1892801441206489 0.0011064779296244 21929.0000000000000000
0.1892812449186775 0.0010951917162183 22088.0000000000000000
0.1892823365532293 0.0010841609619617 22208.0000000000000000
0.1892834191512285 0.0010733765000643 22332.0000000000000000
0.1892844928377539 0.0010628296179167 22463.0000000000000000
0.1892855577360570 0.0010525120283515 22596.0000000000000000
0.1892866139678135 0.0010424158414101 22720.0000000000000000
0.1892876616525376 0.0010325335452655 22839.0000000000000000
0.1892887009079808 0.0010228579780439 22960.0000000000000000
0.1892897318502234 0.0010133823080849 23092.0000000000000000
0.1892907545936484 0.0010041000148640 23213.0000000000000000
0.1892917692508101 0.0009950048720399 23357.0000000000000000
0.1892927759326080 0.0009860909286525 23479.0000000000000000
0.1892937747482386 0.0009773524947053 23600.0000000000000000
0.1892947658051967 0.0009687841264042 23722.0000000000000000
0.1892957492087695 0.0009603806160627 23851.0000000000000000
0.1892967250636872 0.0009521369666800 23980.0000000000000000
0.1892976934725198 0.0009440483962957 24105.0000000000000000
0.1892986545361683 0.0009361103189301 24235.0000000000000000
0.1892996083540470 0.0009283183342157 24363.0000000000000000
0.1893005550239500 0.0009206682192538 24494.0000000000000000
0.1893014946421209 0.0009131559189378 24619.0000000000000000
0.1893024273032717 0.0009057775374788 24751.0000000000000000
0.1893033531007386 0.0008985293297827 24895.0000000000000000
0.1893042721261477 0.0008914076960764 25022.0000000000000000
0.1893051844697865 0.0008844091722319 25150.0000000000000000
0.1893060902200842 0.0008775304265642 25270.0000000000000000
0.1893069894646838 0.0008707682472242 25404.0000000000000000
0.1893078822895495 0.0008641195432188 25525.0000000000000000
0.1893087687801724 0.0008575813312831 25663.0000000000000000
0.1893096490189258 0.0008511507460564 25785.0000000000000000
0.1893105230876741 0.0008448250165523 25920.0000000000000000
0.1893113910669646 0.0008386014708878 26046.0000000000000000
0.1893122530360420 0.0008324775309164 26180.0000000000000000
0.1893131090714580 0.0008264507141342 26305.0000000000000000
0.1893139592511984 0.0008205186075034 26447.0000000000000000
0.1893148036507227 0.0008146788913387 26580.0000000000000000
0.1893156423442516 0.0008089293219732 26714.0000000000000000
0.1893170060231561 0.0008032677295040 26846.0000000000000000
0.1893183850530255 0.0007976920165234 26984.0000000000000000
0.1893197543580348 0.0007922001532615 27141.0000000000000000
0.1893211140667280 0.0007867901758748 27279.0000000000000000
0.1893224643052960 0.0007814601834993 27418.0000000000000000
0.1893238051976301 0.0007762083356462 27560.0000000000000000
0.1893251368653748 0.0007710328497662 27699.0000000000000000
0.1893264594279781 0.0007659319989273 27829.0000000000000000
0.1893277730027409 0.0007609041096055 27975.0000000000000000
0.1893290777048653 0.0007559475595818 28116.0000000000000000
0.1893303736475584 0.0007510607757045 28247.0000000000000000