Residual Convergence speed Computational time
0.1256732766488043 0.0562102604672979 6.0000000000000000
0.1256998710431052 0.4487657809358098 10.0000000000000000
0.1261006411736293 0.5997242909019309 14.0000000000000000
0.1262465450468651 0.7477179244168753 19.0000000000000000
0.1261225538652886 0.8958287802371345 24.0000000000000000
0.1259496711867470 1.0325257937131676 28.0000000000000000
0.1257259955235503 1.1660328529631472 32.0000000000000000
0.1254465858366208 1.2950797399835321 48.0000000000000000
0.1251089339059976 1.4187292777700276 53.0000000000000000
0.1247107719234863 1.5361876988788463 59.0000000000000000
0.1242506409262944 1.6467504665454336 72.0000000000000000
0.1237319559679257 1.7497847263288699 88.0000000000000000
0.1231585570894255 1.8447235059075300 93.0000000000000000
0.1225340518429290 1.9310647369320095 100.0000000000000000
0.1218636243204853 2.0083725610039709 106.0000000000000000
0.1211537384329813 2.0762797581755845 113.0000000000000000
0.1204106123334578 2.1344903123560850 119.0000000000000000
0.1196396327711776 2.1827820217217058 131.0000000000000000
0.1188466456134988 2.2210084035678137 139.0000000000000000
0.1180374781627901 2.2491000211406509 147.0000000000000000
0.1172177576485486 2.2670645997392174 163.0000000000000000
0.1163930536331349 2.2749864150305119 170.0000000000000000
0.1155688483098048 2.2730246552434141 179.0000000000000000
0.1147494023013344 2.2614108032772444 189.0000000000000000
0.1139392111477942 2.2404451980716265 198.0000000000000000
0.1131424402619873 2.2104928952379352 211.0000000000000000
0.1123629122959157 2.1719782938200840 221.0000000000000000
0.1116041303667669 2.1253830094438371 233.0000000000000000
0.1108692377003824 2.0712350822786689 243.0000000000000000
0.1101610566693142 2.0101085363291231 255.0000000000000000
0.1094820876300777 1.9426162566857190 312.0000000000000000
0.1088345199090054 1.8694056025954346 321.0000000000000000
0.1082202456284257 1.7911546405601075 334.0000000000000000
0.1076408736726530 1.7085692618360415 347.0000000000000000
0.1070977462537102 1.6223820821128119 358.0000000000000000
0.1065919543399160 1.5333530435273648 370.0000000000000000
0.1061243548883763 1.4422730097706806 381.0000000000000000
0.1056958116505749 1.3499706652260337 393.0000000000000000
0.1053065477460897 1.2573250061765167 406.0000000000000000
0.1049568082178975 1.1652822669893128 432.0000000000000000
0.1046468114872778 1.0748831950126925 638.0000000000000000
0.1043764053156402 0.9872980582160985 790.0000000000000000
0.1041453353497477 0.9038739330643381 807.0000000000000000
0.1039532657725632 0.8261833607044698 821.0000000000000000
0.1037997524174394 0.7560698347033293 848.0000000000000000
0.1036842875637123 0.6956458398909741 863.0000000000000000
0.1036062853964232 0.6471862160719155 880.0000000000000000
0.1035649510435064 0.6128396376764386 898.0000000000000000
0.1035595164540522 0.5941487096188504 918.0000000000000000
0.1035891430937340 0.5915278934339138 960.0000000000000000
0.1036529498836852 0.6040239151535416 977.0000000000000000
0.1037500151809556 0.6295437575129105 996.0000000000000000
0.1038793844318639 0.6654152170064791 1016.0000000000000000
0.1040400770813048 0.7089450804513415 1035.0000000000000000
0.1042310929203290 0.7577638294365772 1057.0000000000000000
0.1044514179272628 0.8099489981007755 1086.0000000000000000
0.1047000294163616 0.8640129687511600 1108.0000000000000000
0.1049759009696084 0.9188354267403214 1135.0000000000000000
0.1052780065953600 0.9735860806964525 1160.0000000000000000
0.1056053246776451 1.0276565906289241 1183.0000000000000000
0.1059568415009563 1.0806064359375280 1202.0000000000000000
0.1063315542663688 1.1321217567808359 1215.0000000000000000
0.1067284738825144 1.1819847287965493 1228.0000000000000000
0.1071466273704178 1.2300508041772442 1241.0000000000000000
0.1075850594177837 1.2762315882729953 1254.0000000000000000
0.1069576971489523 0.9447294491165464 1268.0000000000000000
0.1058172723026155 0.5104608947173789 1287.0000000000000000
0.1055083354517009 0.5230733341244878 1302.0000000000000000
0.1055572661991020 0.5379529979894416 1322.0000000000000000
0.1057760185748014 0.5539981385607748 1338.0000000000000000
0.1060826672169670 0.5702108640586167 1355.0000000000000000
0.1064388517785448 0.5859880263542572 1371.0000000000000000
0.1068257096547485 0.6010047606639288 1386.0000000000000000
0.1067373852919635 0.5948477249119830 1400.0000000000000000
0.1061468711754578 0.5791263820457386 1416.0000000000000000
0.1061174490872297 0.6724495933990461 1431.0000000000000000
0.1063243406688560 0.7313030293787481 1447.0000000000000000
0.1066410736823594 0.7713938350437072 1462.0000000000000000
0.1070138457226280 0.8012298606417961 1480.0000000000000000
0.1074180543785660 0.8251799269883336 1497.0000000000000000
0.1075780346863898 0.7115216244516910 1515.0000000000000000
0.1073452748447103 0.4374185521802703 1533.0000000000000000
0.1074980790599939 0.4114086793018077 1556.0000000000000000
0.1078102646991295 0.3937596571773852 1574.0000000000000000
0.1077167360974572 0.3627938903640704 1590.0000000000000000
0.1072142963751390 0.3393613378569137 1608.0000000000000000
0.1072912245975742 0.4012367383751188 1627.0000000000000000
0.1075766964479607 0.4391281474818332 1648.0000000000000000
0.1079483246384562 0.4640867042038571 1668.0000000000000000
0.1083605374602071 0.4821128383450811 1717.0000000000000000
0.1087948677934928 0.4962724221829191 1789.0000000000000000
0.1092431953190366 0.5080937491608332 1808.0000000000000000
0.1092854039114247 0.3913224991841519 1827.0000000000000000
0.1093720873505015 0.2803747417555377 1849.0000000000000000
0.1096307377788262 0.2168768865122860 1867.0000000000000000
0.1088070391913645 0.1424619524449159 1886.0000000000000000
0.1086588350187595 0.1933457692637026 1904.0000000000000000
0.1093385251346005 0.2443426255607482 1945.0000000000000000
0.1084927599819245 0.2276235646168231 1969.0000000000000000
0.1088369162869018 0.2506138724561477 1993.0000000000000000
0.1093521344928527 0.2568223139834880 2020.0000000000000000
0.1085064291808860 0.1127801920316744 2044.0000000000000000
0.1088566442000249 0.1921948132896837 2093.0000000000000000
0.1098785150659010 0.2070196919684050 2119.0000000000000000
0.1095763282361971 0.1854959806091041 2139.0000000000000000
0.1099065046794414 0.2003336599762705 2164.0000000000000000
0.1103751855109058 0.2104811476585769 2188.0000000000000000
0.1108708508196503 0.2179632311566552 2212.0000000000000000
0.1113719507264282 0.2241543354316825 2233.0000000000000000
0.1118767956104743 0.2297523720126160 2257.0000000000000000
0.1122274611395455 0.2176338079126579 2283.0000000000000000
0.1121722184789611 0.1701779253154635 2306.0000000000000000
0.1123880997510523 0.1649481270040956 2335.0000000000000000
0.1127097141296268 0.1614688769356737 2361.0000000000000000
0.1128421999061216 0.1453687433900599 2386.0000000000000000
0.1128446690387091 0.1231185921827557 2415.0000000000000000
0.1132089733564446 0.1255238664421767 2484.0000000000000000
0.1136330294358851 0.1278498321757394 2511.0000000000000000
0.1140563459578845 0.1301152878822531 2535.0000000000000000
0.1143145920704547 0.1399273745696020 2557.0000000000000000
0.1144589501022742 0.1505873003236776 2578.0000000000000000
0.1147569270654686 0.1518941796815905 2602.0000000000000000
0.1151129564667255 0.1534699877952912 2627.0000000000000000
0.1154892432232204 0.1550581030962027 2657.0000000000000000
0.1158744707773738 0.1568385175050665 2682.0000000000000000
0.1162646927070229 0.1586378593175120 2709.0000000000000000
0.1166584145492820 0.1603731831769006 2736.0000000000000000
0.1170550265048754 0.1620032304146064 2762.0000000000000000
0.1174542570171978 0.1635080579137420 2789.0000000000000000
0.1178559706172289 0.1648782607951782 2819.0000000000000000
0.1181749455234751 0.1730368016410617 2870.0000000000000000
0.1184692479005581 0.1801664815152306 2900.0000000000000000
0.1186889828365593 0.2164367125976058 2938.0000000000000000
0.1188446605757590 0.3217186406056129 2967.0000000000000000
0.1199849158164516 0.3651357471331765 2992.0000000000000000
0.1256933305143461 0.3657625280571097 3018.0000000000000000
0.1245400109338364 0.7472105801266459 3047.0000000000000000
0.1173744257697607 0.9338310372793732 3076.0000000000000000
0.1189707691979924 0.7223584382362133 3107.0000000000000000
0.1211917379837566 0.5005723092727022 3134.0000000000000000
0.1226172357606518 0.5033384873664195 3172.0000000000000000
0.1234878545020498 0.5377031741227617 3200.0000000000000000
0.1228451941760219 0.5414570693767589 3230.0000000000000000
0.1219576632125754 0.5500604652726098 3261.0000000000000000
0.1217709450568150 0.5709261411056035 3298.0000000000000000
0.1218898685032024 0.5872444030679693 3330.0000000000000000
0.1221466245956585 0.6004089257722066 3359.0000000000000000
0.1224708328630650 0.6111306707042475 3395.0000000000000000
0.1222312208303566 0.6061034136419025 3431.0000000000000000
0.1217853047818310 0.6154554294695979 3459.0000000000000000
0.1217895849897049 0.6275078142910355 3493.0000000000000000
0.1219904344375474 0.6452339243368855 3526.0000000000000000
0.1222838058898529 0.6630536395109393 3560.0000000000000000
0.1226245212212708 0.6815968332901733 3593.0000000000000000
0.1228119593775067 0.6892859521192570 3635.0000000000000000
0.1224486483819636 0.6854541723749600 3666.0000000000000000
0.1224691791527160 0.6838830412043055 3727.0000000000000000
0.1226756441365077 0.6993413593907801 3769.0000000000000000
0.1229748014124062 0.7228931314293358 3811.0000000000000000
0.1233230346016599 0.7499994609201387 3855.0000000000000000
0.1230007901471611 0.7155198365390900 3888.0000000000000000
0.1223197694496340 0.6722555811600047 3922.0000000000000000
0.1221911938502897 0.6512831660880405 3963.0000000000000000
0.1223094939481651 0.6345975212891096 4004.0000000000000000
0.1225490848874098 0.6207268577308264 4043.0000000000000000
0.1228550967232396 0.6119322876069602 4078.0000000000000000
0.1232068284875108 0.6358011578712777 4111.0000000000000000
0.1235840292767913 0.6674524723776410 4144.0000000000000000
0.1239785527455786 0.7040234360422720 4181.0000000000000000
0.1235414395126420 0.6131937375907821 4228.0000000000000000
0.1227664349649346 0.4794536208817402 4268.0000000000000000
0.1226286291074428 0.4463018481809589 4304.0000000000000000
0.1227383854983287 0.4225609173788466 4340.0000000000000000
0.1229607414037605 0.4047645248774630 4378.0000000000000000
0.1232414965626904 0.3907538798360884 4415.0000000000000000
0.1235606092062007 0.3888735253782419 4493.0000000000000000
0.1239078145232438 0.4066001937955399 4537.0000000000000000
0.1242715740625162 0.4300997377007769 4575.0000000000000000
0.1246476627565721 0.4582435063137322 4613.0000000000000000
0.1250341862374633 0.4901044861655651 4660.0000000000000000
0.1253173654147861 0.4825760277150776 4735.0000000000000000
0.1247728262560809 0.3454977425751131 4775.0000000000000000
0.1245341057487733 0.4640167179716375 4811.0000000000000000
0.1246773838488677 0.4783550414080725 4873.0000000000000000
0.1249633004483639 0.4904880780892850 4934.0000000000000000
0.1253121131851990 0.5006357347658333 5012.0000000000000000
0.1256936535063365 0.5094904127441763 5087.0000000000000000
0.1260814104410075 0.4957929301582808 5177.0000000000000000
0.1264722809118047 0.4753748028940555 5252.0000000000000000
0.1268675751315503 0.4530042593010715 5341.0000000000000000
0.1272681914113228 0.4300586181387355 5419.0000000000000000
0.1276745775720639 0.4073603396875203 5505.0000000000000000
0.1280869591111322 0.3855087958748020 5590.0000000000000000
0.1284668792525510 0.3577971941241099 5668.0000000000000000
0.1281096052770210 0.3568758359272181 5742.0000000000000000
0.1281411954546358 0.5821071762418675 5819.0000000000000000
0.1273680082280217 0.9249183901660301 5897.0000000000000000
0.1292479147449614 1.0499826885275647 5988.0000000000000000
0.1308419206315145 1.0562369531009386 6072.0000000000000000
0.1318497257789120 1.0303550136393187 6154.0000000000000000
0.1325463779145131 1.0242179285698862 6233.0000000000000000
0.1330786164260971 1.0161808699796961 6326.0000000000000000
0.1335284108904688 1.0070395712599571 6423.0000000000000000
0.1339382726509862 0.9971787199320834 6504.0000000000000000
0.1343306057222505 0.9867944733783872 6583.0000000000000000
0.1347164088313595 0.9759887920841266 6666.0000000000000000
0.1351000929296236 0.9648246763472766 6746.0000000000000000
0.1354843692394240 0.9533397632216046 6826.0000000000000000
0.1358705858303068 0.9415638840327268 6904.0000000000000000
0.1362594037432521 0.9295193636925622 6981.0000000000000000
0.1366511380532282 0.9172266097479630 7066.0000000000000000
0.1370455774403086 0.9044391181516536 7150.0000000000000000
0.1374327970659042 0.8836333254489168 7231.0000000000000000
0.1378187788060291 0.8616288616867441 7325.0000000000000000
0.1382066829259359 0.8391983949574094 7404.0000000000000000
0.1385980133446066 0.8166887403547484 7485.0000000000000000
0.1388039065906920 0.7769776802292886 7567.0000000000000000
0.1385381211086034 0.7148152476523031 7650.0000000000000000
0.1386367797235114 0.6851242973349667 7748.0000000000000000
0.1389071714873531 0.6579502404292559 7835.0000000000000000
0.1384813292148223 0.5882928950727117 7918.0000000000000000
0.1376942857023245 0.4777852895722007 8011.0000000000000000
0.1365952180494865 0.3799129317496258 8091.0000000000000000
0.1361933094052855 0.7829848304196696 8183.0000000000000000
0.1384569444894147 1.0773779153688243 8266.0000000000000000
0.1445830857678677 1.1646772869408848 8350.0000000000000000
0.1471646977505684 1.0847881395972288 8454.0000000000000000
0.1430322458717167 1.1928828030043317 8535.0000000000000000
0.1431412605838271 1.2675754432461197 8622.0000000000000000
0.1354908900402665 0.9359178297454078 8713.0000000000000000
0.1360049993904463 0.9538867627653911 8807.0000000000000000
0.1375068315425288 1.1500435516685106 8936.0000000000000000
0.1387311079952491 1.1866672332766981 9023.0000000000000000
0.1395882283191348 1.1885607572633123 9106.0000000000000000
0.1402376065145294 1.1720018246187009 9191.0000000000000000
0.1407809802752316 1.1467090731208445 9276.0000000000000000
0.1412670439886269 1.1188127981162455 9360.0000000000000000
0.1417325714294302 1.1021974254779519 9455.0000000000000000
0.1421925519446202 1.0924277517786942 9596.0000000000000000
0.1426512790354460 1.0842742424504797 9690.0000000000000000
0.1431100078754263 1.0770445598049041 9783.0000000000000000
0.1435689169413794 1.0703532624780261 9871.0000000000000000
0.1440293346902792 1.0636780492734790 9966.0000000000000000
0.1444888779924049 1.0584642689074986 10053.0000000000000000
0.1449482218025384 1.0536291071866017 10141.0000000000000000
0.1454086923443661 1.0484924429989317 10255.0000000000000000
0.1458717149950114 1.0430236083223738 10354.0000000000000000
0.1463374835428377 1.0374267716672152 10455.0000000000000000
0.1468063013851879 1.0317405090336154 10555.0000000000000000
0.1472782763935284 1.0260426020668074 10654.0000000000000000
0.1477534843068081 1.0203942695926833 10758.0000000000000000
0.1482318766834540 1.0148680930707943 10866.0000000000000000
0.1487134150858352 1.0095207670395927 10952.0000000000000000
0.1491982973633143 1.0043798282629190 11045.0000000000000000
0.1494563872493567 0.9670079451818206 11129.0000000000000000
0.1495141661376998 0.9075643255715337 11220.0000000000000000
0.1497219694001325 0.8871815097500724 11321.0000000000000000
0.1495628160909268 0.8109677073027491 11415.0000000000000000
0.1491318824722699 0.7120526086573464 11504.0000000000000000
0.1483174968672110 0.6060430901540895 11597.0000000000000000
0.1459814878293731 0.4096288235309506 11687.0000000000000000
0.1431815449761276 0.3321275262620980 11787.0000000000000000
0.1430139123490040 0.2570337282014857 11881.0000000000000000
0.1443120772805912 1.2478584381194717 11971.0000000000000000
0.1485260401344958 2.0507740114496076 12060.0000000000000000
0.1478267919848886 1.0786404973227288 12155.0000000000000000
0.1505248999719955 1.0274786538680980 12245.0000000000000000
0.1411236882881027 0.1359986693677939 12337.0000000000000000
0.1437127682833300 0.3469390675859074 12427.0000000000000000
0.1420919028465407 0.3520020892509195 12519.0000000000000000
0.1490943675594772 0.4314902003760382 12613.0000000000000000
0.1531214317614326 0.5843305588619764 12712.0000000000000000
0.1616927661910826 1.2624341776838313 12846.0000000000000000
0.1459707447565340 0.1974798928440968 12940.0000000000000000
0.1434097642868970 0.2917587472091368 13036.0000000000000000
0.1445553155081768 0.4628148474466747 13129.0000000000000000
0.1451923388761089 0.3030327895957122 13224.0000000000000000
0.1437183028485767 0.6335342071448038 13316.0000000000000000
0.1471923236956635 0.9380656596780833 13413.0000000000000000
0.1451118363500749 0.2800157790251612 13507.0000000000000000
0.1440754168378036 0.2569397083219149 13607.0000000000000000
0.1385879736970502 0.0295621889979228 13699.0000000000000000
0.1361871052307851 0.0752989383112087 13793.0000000000000000
0.1354156201887871 0.0098277056676300 13892.0000000000000000
0.1352750971722435 0.0342942009641059 13987.0000000000000000
0.1352583019891890 0.0197222024395895 14079.0000000000000000
0.1352455434722188 0.0184590509512058 14171.0000000000000000
0.1352365986285360 0.0175443127652327 14267.0000000000000000
0.1352316368235918 0.0169480314935135 14387.0000000000000000
0.1352092883277215 0.0107036236430156 14485.0000000000000000
0.1351799173116807 0.0062678738833720 14576.0000000000000000
0.1351570352790341 0.0038843547301030 14678.0000000000000000
0.1351552535477225 0.0039184695669643 14776.0000000000000000
0.1351556723001419 0.0040806680031135 14868.0000000000000000
0.1351561173677010 0.0037972514087639 14981.0000000000000000
0.1351566540114456 0.0034858852962683 15075.0000000000000000
0.1351572170896897 0.0032902914780511 15171.0000000000000000
0.1351577702934202 0.0031412184530149 15275.0000000000000000
0.1351583335883176 0.0030031064070128 15369.0000000000000000
0.1351589149615686 0.0028769106219614 15462.0000000000000000
0.1351595094336782 0.0027647618191133 15567.0000000000000000
0.1351601136534404 0.0026642766811199 15666.0000000000000000
0.1351607271270624 0.0025729566268919 15763.0000000000000000
0.1351613495377674 0.0024893503743040 15871.0000000000000000
0.1351619801782878 0.0024124583968489 15978.0000000000000000
0.1351626183078990 0.0023414192664692 16083.0000000000000000
0.1351632632692961 0.0022755000196639 16191.0000000000000000
0.1351639144416980 0.0022140978923356 16301.0000000000000000
0.1351645712153626 0.0021567122279462 16411.0000000000000000
0.1351652329958442 0.0021029191514726 16519.0000000000000000
0.1351661367439375 0.0020523559987234 16623.0000000000000000
0.1351671721634826 0.0020047104607574 16720.0000000000000000
0.1351681994345358 0.0019597117703813 16823.0000000000000000
0.1351692187186589 0.0019171235776200 16923.0000000000000000
0.1351702301445702 0.0018767383750440 17024.0000000000000000
0.1351712338153414 0.0018383730360929 17127.0000000000000000
0.1351722298143042 0.0018018651894274 17223.0000000000000000
0.1351732182097580 0.0017670702492986 17320.0000000000000000
0.1351742117145022 0.0017338589621462 17458.0000000000000000
0.1351752060805335 0.0017021153632305 17561.0000000000000000
0.1351761920862799 0.0016717350625169 17668.0000000000000000
0.1351771698205796 0.0016426237969454 17775.0000000000000000
0.1351781393662445 0.0016146962004202 17882.0000000000000000
0.1351791008015890 0.0015878747527595 17989.0000000000000000
0.1351800542016375 0.0015620888774829 18092.0000000000000000
0.1351809996390775 0.0015372741633495 18195.0000000000000000
0.1351819371850323 0.0015133716897864 18310.0000000000000000
0.1351828669096266 0.0014903274407627 18412.0000000000000000
0.1351837888823566 0.0014680917936921 18512.0000000000000000
0.1351847031727113 0.0014466190677306 18620.0000000000000000
0.1351856098498057 0.0014258671398182 18722.0000000000000000
0.1351865089839991 0.0014057970707956 18836.0000000000000000
0.1351874006450028 0.0013863728424317 18952.0000000000000000
0.1351882849032892 0.0013675610495593 19075.0000000000000000
0.1351891618298142 0.0013493306716665 19210.0000000000000000
0.1351900314955981 0.0013316528651099 19330.0000000000000000
0.1351908939729818 0.0013145007456720 19445.0000000000000000
0.1351917493343423 0.0012978492483958 19558.0000000000000000
0.1351925976526734 0.0012816749561255 19671.0000000000000000
0.1351934390007827 0.0012659559715368 19789.0000000000000000
0.1351942734521484 0.0012506717810432 19903.0000000000000000
0.1351951010805641 0.0012358031494572 20020.0000000000000000
0.1351959219599142 0.0012213320200798 20142.0000000000000000
0.1351967361642001 0.0012072414210040 20259.0000000000000000
0.1351975437675946 0.0011935153813308 20376.0000000000000000
0.1351983448440232 0.0011801388598131 20505.0000000000000000
0.1351991394674921 0.0011670976712852 20619.0000000000000000
0.1351999277118625 0.0011543784271267 20733.0000000000000000
0.1352007096508272 0.0011419684777524 20850.0000000000000000
0.1352014853577658 0.0011298558613366 20973.0000000000000000
0.1352022549058740 0.0011180292542772 21085.0000000000000000
0.1352030183679666 0.0011064779296244 21239.0000000000000000
0.1352037758164755 0.0010951917162183 21352.0000000000000000
0.1352045273234088 0.0010841609619617 21487.0000000000000000
0.1352052729603114 0.0010733765000643 21598.0000000000000000
0.1352060127982288 0.0010628296179167 21724.0000000000000000
0.1352067469076742 0.0010525120283515 21842.0000000000000000
0.1352074753587668 0.0010424158414101 21969.0000000000000000
0.1352081982207763 0.0010325335452655 22098.0000000000000000
0.1352089155623702 0.0010228579780439 22215.0000000000000000
0.1352096274516447 0.0010133823080849 22339.0000000000000000
0.1352103339560747 0.0010041000148640 22466.0000000000000000
0.1352110351423906 0.0009950048720399 22601.0000000000000000
0.1352117310766735 0.0009860909286525 22736.0000000000000000
0.1352124218242950 0.0009773524947053 22861.0000000000000000
0.1352131074498934 0.0009687841264042 22995.0000000000000000
0.1352137880169910 0.0009603806160627 23123.0000000000000000
0.1352144635891449 0.0009521369666800 23257.0000000000000000
0.1352151342287874 0.0009440483962957 23406.0000000000000000
0.1352157999975555 0.0009361103189301 23534.0000000000000000
0.1352164609564025 0.0009283183342157 23664.0000000000000000
0.1352171171654855 0.0009206682192538 23796.0000000000000000
0.1352177686841988 0.0009131559189378 23921.0000000000000000
0.1352184155711718 0.0009057775374788 24057.0000000000000000
0.1352190578843656 0.0008985293297827 24178.0000000000000000
0.1352196956808208 0.0008914076960764 24307.0000000000000000
0.1352203290169094 0.0008844091722319 24457.0000000000000000
0.1352209579479519 0.0008775304265642 24594.0000000000000000
0.1352215825289694 0.0008707682472242 24724.0000000000000000
0.1352222028140368 0.0008641195432188 24850.0000000000000000
0.1352228188571312 0.0008575813312831 24977.0000000000000000
0.1352234307102373 0.0008511507460564 25144.0000000000000000
0.1352240384251972 0.0008448250165523 25275.0000000000000000
0.1352246420531251 0.0008386014708878 25403.0000000000000000
0.1352252416444091 0.0008324775309164 25528.0000000000000000
0.1352258372477127 0.0008264507141342 25667.0000000000000000
0.1352264289129075 0.0008205186075034 25796.0000000000000000
0.1352270166882437 0.0008146788913387 25929.0000000000000000
0.1352276006212607 0.0008089293219732 26059.0000000000000000
0.1352285597719155 0.0008032677295040 26225.0000000000000000
0.1352295301104819 0.0007976920165234 26356.0000000000000000
0.1352304937206638 0.0007922001532615 26490.0000000000000000
0.1352314506894345 0.0007867901758748 26624.0000000000000000
0.1352324011022301 0.0007814601834993 26762.0000000000000000
0.1352333450429821 0.0007762083356462 26905.0000000000000000
0.1352342825941497 0.0007710328497662 27035.0000000000000000
0.1352352138367517 0.0007659319989273 27173.0000000000000000
0.1352361388503964 0.0007609041096055 27336.0000000000000000
0.1352370577133118 0.0007559475595818 27477.0000000000000000
0.1352379705024157 0.0007510607757045 27618.0000000000000000
