0.1901
   0.1481
   0.1312
   0.1295
   0.1213
   0.1118
   0.1115
   0.1005
   0.0951
   0.0950
   0.0870
   0.0759
   0.0734
   0.0602
   0.0475
   0.0481
   0.0296
   0.0194
   0.0203
   0.0218
   0.0098
   0.0080
   0.0045
   0.0030
   0.0015
   0.0002
   7.0482e-05
   1.3786e-05
   3.5773e-06
   9.0049e-07
   2.2041e-07
   5.3007e-08
   1.2602e-08
   2.9718e-09
   6.9649e-10
   1.6248e-10
   3.7772e-11
   8.7597e-12
   2.0280e-12
   4.6898e-13
   1.0837e-13
   2.5029e-14
   5.7790e-15
   1.3340e-15
   3.0791e-16
   7.1063e-17
   1.6400e-17
   3.7846e-18
   8.7336e-19
   2.0154e-19
   4.6507e-20
   1.0732e-20
   2.4764e-21
   5.7145e-22
   1.3186e-22
