0.253754019491346960 3.511190389514010413 2.000000000000000000
0.235770512308697833 2.169010579929413041 55.000000000000000000
0.202858704852079380 2.002131729636579482 103.000000000000000000
0.194817167082738274 3.233763526570851088 162.000000000000000000
0.185650981183114988 2.518526238061063349 163.000000000000000000
0.159506577637702207 1.317200788370800790 221.000000000000000000
0.151107805176349946 0.875560618177809169 269.000000000000000000
0.150428178898515869 0.907818020783020097 318.000000000000000000
0.144052788738697424 1.217192380174592747 373.000000000000000000
0.130358441386574764 3.598516516624230555 437.000000000000000000
0.120308915554059703 2.416962418734976747 438.000000000000000000
0.108363619865081640 1.368361483237826137 487.000000000000000000
0.107885184542347357 1.320789938960331478 488.000000000000000000
0.101348559216813100 2.029310424322487982 537.000000000000000000
0.101006620586346074 1.986722295108909186 594.000000000000000000
0.097783670401132824 1.319825745970391484 660.000000000000000000
0.097578533224648642 1.324638651927446009 717.000000000000000000
0.097374348055639520 1.329466476961653765 773.000000000000000000
0.097171113889807287 1.334309184179974572 848.000000000000000000
0.096968829726549313 1.339166735566385880 905.000000000000000000
0.096767494568879425 1.344039091980309353 961.000000000000000000
0.096567107423349022 1.348926213155261067 1017.000000000000000000
0.096367667299967541 1.353828057697731069 1080.000000000000000000
0.096169173212123121 1.358744583086308078 1150.000000000000000000
0.095971624176503165 1.363675745670996253 1207.000000000000000000
0.095775019213014095 1.368621500672799973 1262.000000000000000000
0.095579357344702173 1.373581802183504230 1338.000000000000000000
0.095384637597672794 1.378556603165694838 1395.000000000000000000
0.095190859001010805 1.383545855452991802 1495.000000000000000000
0.094998020586699775 1.388549509750531152 1558.000000000000000000
0.094806121389542183 1.393567515635638188 1627.000000000000000000
0.094615160447078142 1.398599821558748291 1682.000000000000000000
0.094425136799505330 1.403646374844530254 1738.000000000000000000
0.094236049489597989 1.408707121693243192 1812.000000000000000000
0.094047897562626187 1.413782007182299738 1868.000000000000000000
0.093860680066274696 1.418870975268059276 1925.000000000000000000
0.093674396050562200 1.423973968787821009 1981.000000000000000000
0.093489044567760110 1.429090929462047743 2045.000000000000000000
0.093304624672311237 1.434221797896779504 2112.000000000000000000
0.093121135420748791 1.439366513586290752 2207.000000000000000000
0.092938575871614915 1.444525014915921890 2270.000000000000000000
0.092756945085379253 1.449697239165143481 2338.000000000000000000
0.092576242124357694 1.454883122510800320 2421.000000000000000000
0.092396466052630952 1.460082600030597311 2519.000000000000000000
0.092217615936561900 1.465295605645662524 2580.000000000000000000
0.092039690842313157 1.470522072368850353 2637.000000000000000000
0.091862689839374248 1.475761931941999672 2699.000000000000000000
0.091686611998069364 1.481015115084827416 2773.000000000000000000
0.091511456390079654 1.486281551438184856 2830.000000000000000000
0.091337222088361661 1.491561169568706324 2886.000000000000000000
