  0.1775
   0.1457
   0.1443
   0.1150
   0.1381
   0.1232
   0.1074
   0.1153
   0.1181
   0.0986
   0.1024
   0.0818
   0.0807
   0.0780
   0.0649
   0.0616
   0.0551
   0.0433
   0.0335
   0.0288
   0.0229
   0.0128
   0.0073
   0.0024
   0.0034
   0.0004
   2.0183e-05
   2.3556e-06
   2.5797e-07
   3.3643e-08
   5.8690e-09
   8.6069e-10
   1.2248e-10
   1.8468e-11
   3.1359e-12
   6.3153e-13
   1.5342e-13
   4.2047e-14
   1.1896e-14
   3.4503e-15
   1.0225e-15
   2.8976e-16
   7.5960e-17
   1.8775e-17
   4.4852e-18
   1.0532e-18
   2.4543e-19
   5.7040e-20
   1.3253e-20
   3.0816e-21
   7.1734e-22
   1.6717e-22
   3.8998e-23
   9.1040e-24
   2.1261e-24
