0.1917132799311760 1.5678467501449302 110.0
0.1801163986961015 2.8633042784140388 111.0
0.1653050339147669 1.5063946542906039 247.0
0.1483797690064631 1.2743048558271326 382.0
0.1442763629997420 1.3528968098379544 498.0
0.1431950565039734 1.2267185628248598 500.0
0.1401851684551581 0.7596333685200161 631.0
0.1393065817641979 0.5561107228219317 752.0
0.1389473383001524 0.5239672819175654 758.0
0.1368756606820198 0.4067221159658567 878.0
0.1363484133092423 0.4194588215246499 1002.0
0.1354837454847753 0.4718567478868509 1129.0
0.1342192664863455 0.5852309790733367 1246.0
0.1330207472052091 0.7171092462960049 1370.0
0.1329283559755714 0.7195622853979696 1375.0
0.1267232126285940 0.6993918961621552 1501.0
0.1236527319212352 0.4211339577183272 1635.0
0.1235253608478531 0.4237986527995816 1776.0
0.1233984338206909 0.4264951562458695 1913.0
0.1232719500578463 0.4292230520595415 2052.0
0.1231459087777799 0.4319819262665196 2181.0
0.1230203091993134 0.4347713671344340 2315.0
0.1228951505416270 0.4375909653763562 2449.0
0.1227704320242576 0.4404403143405471 2599.0
0.1226461528670966 0.4433190101866501 2734.0
0.1225223122903879 0.4462266520487640 2914.0
0.1223989095147257 0.4491628421858406 3044.0
0.1222759437610529 0.4521271861198745 3186.0
0.1221534142506586 0.4551192927623428 3313.0
0.1220313202051766 0.4581387745293524 3474.0
0.1219096608465832 0.4611852474459689 3614.0
0.1217884353971956 0.4642583312401884 3752.0
0.1216676430796697 0.4673576494270069 3870.0
0.1215472831169986 0.4704828293830486 4020.0
0.1214273547325104 0.4736335024122005 4159.0
0.1213078571498669 0.4768093038026926 4299.0
0.1211887895930616 0.4800098728760597 4429.0
0.1210701512864183 0.4832348530284060 4620.0
0.1224534060707032 0.4403557309437581 4741.0
0.1223280829502657 0.4434037434269684 4897.0
0.1222032033277653 0.4464801560565429 5053.0
0.1241719451924534 0.3925445863149520 5058.0
0.1166828769287191 0.4451139093751000 5199.0
0.1165314142930265 0.4483877432472252 5325.0
0.1163804483970699 0.4516739286187906 5468.0
0.1162299786422768 0.4549724372822433 5607.0
0.1160800044304457 0.4582832412216052 5742.0
0.1159305251637347 0.4616063125997866 5863.0
0.1157815402446495 0.4649416237461976 6009.0
0.1156330490760323 0.4682891471446667 6142.0
