0.2005615040352650 5.0629607029616537 1.0000000000000000
0.1663701356834606 1.6906777010747265 3.0000000000000000
0.1494709892498465 1.4507100130726063 142.0000000000000000
0.1440084444652780 1.5776138709172010 144.0000000000000000
0.1342861454950272 2.7437671073488725 154.0000000000000000
0.1271712934266084 1.1030170026066266 167.0000000000000000
0.1227821312145702 0.4764933026343524 292.0000000000000000
0.1153075616957867 1.5288389925683177 294.0000000000000000
0.1090033590255909 1.2881287314407810 409.0000000000000000
0.1015031102541496 0.5479209188860561 411.0000000000000000
0.0993598420324397 0.3728574032484908 534.0000000000000000
0.0985250333116359 0.3636614459969832 651.0000000000000000
0.0898006645426531 0.4332759761730327 653.0000000000000000
0.0839912285572887 0.3278161637605713 786.0000000000000000
0.0782071849520087 0.6420740744449352 911.0000000000000000
0.0781650958717717 0.6420280895059827 914.0000000000000000
0.0588885148396758 0.2799494528555309 1047.0000000000000000
0.0588584450742280 0.2803028258252334 1147.0000000000000000
0.0579508849785614 0.1698814618271132 1282.0000000000000000
0.0579131536373330 0.1701297045554470 1399.0000000000000000
0.0578755351048094 0.1703782130731447 1531.0000000000000000
0.0578380293326062 0.1706269869454476 1658.0000000000000000
0.0578006362723324 0.1708760257338630 1783.0000000000000000
0.0577633558755888 0.1711253289961530 1910.0000000000000000
0.0577261880939681 0.1713748962863271 2037.0000000000000000
0.0576891328790540 0.1716247271546259 2187.0000000000000000
0.0576521901824208 0.1718748211475165 2260.0000000000000000
0.0576153599556328 0.1721251778076766 2377.0000000000000000
0.0575786421502439 0.1723757966739877 2511.0000000000000000
0.0575420367177966 0.1726266772815229 2629.0000000000000000
0.0575055436098219 0.1728778191615381 2768.0000000000000000
0.0574691627778387 0.1731292218414620 2891.0000000000000000
0.0574328941733529 0.1733808848448875 3032.0000000000000000
0.0573967377478573 0.1736328076915626 3162.0000000000000000
0.0573606934528305 0.1738849898973789 3243.0000000000000000
0.0573247612397371 0.1741374309743663 3363.0000000000000000
0.0572889410600263 0.1743901304306833 3503.0000000000000000
0.0572532328651321 0.1746430877706076 3619.0000000000000000
0.0572176366064720 0.1748963024945274 3759.0000000000000000
0.0571821522354474 0.1751497740989365 3828.0000000000000000
0.0571467797034419 0.1754035020764260 4032.0000000000000000
0.0595931214111439 0.0923729932050496 4175.0000000000000000
0.0595426578688701 0.0925905971539510 4311.0000000000000000
0.0594923117049471 0.0928089990593728 4435.0000000000000000
0.0594420828843687 0.0930282013033873 4565.0000000000000000
0.0593919713721791 0.0932482062555415 4700.0000000000000000
0.0593419771334720 0.0934690162727179 4844.0000000000000000
0.0592921001333896 0.0936906336989952 4975.0000000000000000
0.0592423403371221 0.0939130608655115 5169.0000000000000000
0.0591926977099068 0.0941363000903281 5324.0000000000000000
