0.2035652682867513 3.2748447565735237 104.0000000000000000
0.1848460365277438 2.7442756935224328 209.0000000000000000
0.1763032283891816 2.2312498324006507 362.0000000000000000
0.1713935952366128 2.0492313675855667 683.0000000000000000
0.1510234746640072 0.7287555812637324 1056.0000000000000000
0.1308293426793206 1.4788635475359360 1358.0000000000000000
0.1292620702870117 1.3041113651960028 1558.0000000000000000
0.1176496590898384 1.2074080821909998 1574.0000000000000000
0.1098135001286646 1.0125169062189514 2026.0000000000000000
0.1053242267894320 0.8778939393016566 2040.0000000000000000
0.0953256233260030 0.7011909623227690 2512.0000000000000000
0.0937708388556652 0.6356598390674211 2834.0000000000000000
0.0932862563014308 0.5717602563557943 3331.0000000000000000
0.0919814813634235 0.4294548810930157 3696.0000000000000000
0.0918130787608672 0.4314481155861196 4041.0000000000000000
0.0916456427899590 0.4334847553480622 4198.0000000000000000
0.0914791724941253 0.4355650169575033 4376.0000000000000000
0.0913136669158629 0.4376891039944103 4496.0000000000000000
0.0911491250966518 0.4398572070433312 4642.0000000000000000
0.0909855460768673 0.4420695037130359 4789.0000000000000000
0.0908229288956929 0.4443261586721380 4937.0000000000000000
0.0906612725910330 0.4466273237002771 5262.0000000000000000
0.0905005761994263 0.4489731377543745 5453.0000000000000000
0.0942202090583168 0.3742791750652283 5742.0000000000000000
0.0940324399347157 0.3765464821717108 5920.0000000000000000
0.0938456621436636 0.3788546940267266 6145.0000000000000000
0.0936598748299219 0.3812039825944849 6367.0000000000000000
0.0934750771386939 0.3835945091201513 6519.0000000000000000
0.0932912682155273 0.3860264241999271 6683.0000000000000000
0.0931084472062146 0.3884998678623152 6832.0000000000000000
0.0929266132566952 0.3910149696600625 7086.0000000000000000
0.0927457655129567 0.3935718487722364 7260.0000000000000000
0.0925659031209365 0.3961706141158843 7452.0000000000000000
0.0923870252264233 0.3988113644667170 7613.0000000000000000
0.0922091309749594 0.4014941885882393 7804.0000000000000000
0.0920322195117423 0.4042191653687620 7951.0000000000000000
0.0918562899815271 0.4069863639657053 8126.0000000000000000
0.0916813415285279 0.4097958439566257 8283.0000000000000000
0.0915073732963213 0.4126476554963867 8425.0000000000000000
0.0913343844277480 0.4155418394798932 8535.0000000000000000
0.0911623740648157 0.4184784277098480 8723.0000000000000000
0.0909913413486021 0.4214574430689449 8829.0000000000000000
0.0908212854191575 0.4244788996959835 8976.0000000000000000
0.0906522054154087 0.4275428031653487 9126.0000000000000000
0.0904841004750616 0.4306491506693552 9326.0000000000000000
0.0903169697345050 0.4337979312029449 9475.0000000000000000
0.0901508123287147 0.4369891257502512 9653.0000000000000000
0.0899856273911573 0.4402227074725706 9769.0000000000000000
0.0898214140536942 0.4434986418972816 9946.0000000000000000
0.0896581714464864 0.4468168871072865 10047.0000000000000000
