0.250509708970902023 4.490335267122732787 3.000000000000000000
0.198956156120201760 1.579025318108543852 8.000000000000000000
0.172885375542163877 1.715298196416969567 9.000000000000000000
0.159166973582205440 1.662487649315764759 14.000000000000000000
0.147481019230216698 0.466571735295500056 27.000000000000000000
0.136860260212714746 0.326358534824213897 71.000000000000000000
0.127636465698498514 0.607784685200291497 119.000000000000000000
0.120945947010299037 1.098345439198136653 165.000000000000000000
0.115464889896322837 0.485030573875035287 219.000000000000000000
0.111841838863260851 0.766976674503976552 276.000000000000000000
0.100598051021164744 1.767976884653401859 277.000000000000000000
0.096195314027266304 2.071406776632041868 322.000000000000000000
0.088826750880248023 0.657226467044142337 325.000000000000000000
0.082179622117687506 0.753063404122141899 372.000000000000000000
0.080495691081895610 0.788944670326763853 416.000000000000000000
0.076862810992119779 0.572904881905805796 496.000000000000000000
0.076791508261153135 0.573180802480345530 547.000000000000000000
0.076536058214620714 0.521726717581290966 592.000000000000000000
0.074185779742836799 0.257131851081831453 644.000000000000000000
0.074103871645949282 0.257682738195029126 695.000000000000000000
0.074022087119745880 0.258234123968772100 916.000000000000000000
0.073940426103388704 0.258786004679281312 969.000000000000000000
0.073858888536488282 0.259338376597361864 1021.000000000000000000
0.073777474359103770 0.259891235988600644 1073.000000000000000000
0.073696183511743410 0.260444579113564556 1135.000000000000000000
0.073615015935364861 0.260998402228005799 1196.000000000000000000
0.073533971571375492 0.261552701583057767 1249.000000000000000000
0.073453050361632771 0.262107473425448878 1300.000000000000000000
0.073372252248444486 0.262662713997707353 1359.000000000000000000
0.073291577174569092 0.263218419538374881 1421.000000000000000000
0.073211025083215975 0.263774586282218282 1473.000000000000000000
0.073130595918045688 0.264331210460443167 1525.000000000000000000
0.073050289623170242 0.264888288300918928 1582.000000000000000000
0.072970106143153288 0.265445816028391901 1639.000000000000000000
0.072890045423010405 0.266003789864715345 1691.000000000000000000
0.072810107408209160 0.266562206029065552 1744.000000000000000000
0.072730292044669437 0.267121060738177540 1802.000000000000000000
0.072650599278763633 0.267680350206568551 1860.000000000000000000
0.072571029057316633 0.268240070646769857 1912.000000000000000000
0.072491581327606108 0.268800218269562852 1964.000000000000000000
0.072412256037362607 0.269360789284211977 2025.000000000000000000
0.072333053134769509 0.269921779898703529 2083.000000000000000000
0.072253972568463470 0.270483186319982249 2135.000000000000000000
0.072175014287534131 0.271045004754192687 2186.000000000000000000
0.072096178241524367 0.271607231406925997 2246.000000000000000000
0.072017464380430246 0.272169862483457037 2306.000000000000000000
0.071938872654701197 0.272732894188998598 2358.000000000000000000
0.071860403015239785 0.273296322728942609 2410.000000000000000000
0.071782055413402004 0.273860144309114817 2469.000000000000000000
0.071703829800996946 0.274424355136021925 2527.000000000000000000
0.071625726130286976 0.274988951417104999 2580.000000000000000000
0.071547744353987586 0.275553929360995986 2632.000000000000000000
0.071469884425267333 0.276119285177771401 2693.000000000000000000
0.071392146297747719 0.276685015079207342 2752.000000000000000000
0.071314529925503134 0.277251115279043392 2805.000000000000000000
0.071237035263060730 0.277817581993233698 2857.000000000000000000
0.071159662265400159 0.278384411440215973 2916.000000000000000000
0.071082410887953570 0.278951599841170406 2975.000000000000000000
0.071005281086605337 0.279519143420278948 3028.000000000000000000
0.070928272817691804 0.280087038404999100 3080.000000000000000000
0.070851386038001202 0.280655281026314873 3138.000000000000000000
0.070774620704773333 0.281223867519017623 3198.000000000000000000
0.070697976775699278 0.281792794121962453 3250.000000000000000000
0.070621454208921228 0.282362057078342998 3302.000000000000000000
0.070545052963032054 0.282931652635955211 3362.000000000000000000
0.070468772997075102 0.283501577047469366 3421.000000000000000000
0.070392614270543885 0.284071826570701069 3474.000000000000000000
0.070316576743381570 0.284642397468879427 3527.000000000000000000
0.070240660375980743 0.285213286010922107 3585.000000000000000000
0.070164865129183046 0.285784488471704012 3643.000000000000000000
0.070089190964278639 0.286356001132331783 3697.000000000000000000
0.070013637843005863 0.286927820280414470 3780.000000000000000000
0.069938205727550828 0.287499942210336867 3845.000000000000000000
0.069862894580546800 0.288072363223538908 3899.000000000000000000
0.069787704365073880 0.288645079628780887 3951.000000000000000000
0.069712635044658341 0.289218087742421470 4003.000000000000000000
0.069637686583272268 0.289791383888693965 4061.000000000000000000
0.069562858945332887 0.290364964399975278 4120.000000000000000000
0.069488152095702013 0.290938825617064967 4173.000000000000000000
0.069413565999685484 0.291512963889454579 4225.000000000000000000
0.069339100623032640 0.292087375575605712 4284.000000000000000000
0.069264755931935484 0.292662057043221957 4343.000000000000000000
0.069190531893028234 0.293237004669521406 4395.000000000000000000
0.069116428473386615 0.293812214841513208 4449.000000000000000000
0.069042445640527042 0.294387683956264579 4508.000000000000000000
0.068968583362406077 0.294963408421178408 4567.000000000000000000
0.068894841607419599 0.295539384654265103 4619.000000000000000000
0.068821220344402093 0.296115609084406484 4671.000000000000000000
0.068747719542625832 0.296692078151640171 4730.000000000000000000
0.068674339171800186 0.297268788307413379 4789.000000000000000000
0.068601079202070675 0.297845736014863804 4842.000000000000000000
0.068527939604018179 0.298422917749086969 4894.000000000000000000
0.068454920348658230 0.299000329997394843 4954.000000000000000000
0.068382021407439902 0.299577969259592070 5013.000000000000000000
0.068309242752245050 0.300155832048238314 5065.000000000000000000
0.068236584355387347 0.300733914888910048 5117.000000000000000000
0.068164046189611444 0.301312214320470617 5180.000000000000000000
0.068091628228091769 0.301890726895323258 5238.000000000000000000
0.068019330444431883 0.302469449179678163 5290.000000000000000000
0.067947152812663170 0.303048377753813047 5342.000000000000000000
0.067875095307243977 0.303627509212323177 5400.000000000000000000
0.067803157903058520 0.304206840164389036 5460.000000000000000000
0.067731340575415855 0.304786367234021360 5553.000000000000000000
0.067659643300048741 0.305366087060321145 5615.000000000000000000
0.067588066053112558 0.305945996297726341 5668.000000000000000000
0.067516608811184167 0.306526091616269258 5721.000000000000000000
0.067445271551260746 0.307106369701814541 5773.000000000000000000
0.067374054250758653 0.307686827256315409 5833.000000000000000000
0.067302956887512172 0.308267460998050913 5892.000000000000000000
0.067231979439772327 0.308848267661874509 5945.000000000000000000
0.067161121886205710 0.309429243999447601 5997.000000000000000000
0.067090384205893069 0.310010386779480784 6058.000000000000000000
0.067019766378328183 0.310591692787972662 6116.000000000000000000
0.066949268383416471 0.311173158828440599 6168.000000000000000000
0.066878890201473626 0.311754781722150820 6220.000000000000000000
0.066808631813224439 0.312336558308351442 6279.000000000000000000
0.066738493199801199 0.312918485444493299 6338.000000000000000000
0.066668474342742548 0.313500560006459539 6391.000000000000000000
0.066598575223991860 0.314082778888783554 6443.000000000000000000
0.066528795825895937 0.314665139004868588 6503.000000000000000000
0.066459136131203508 0.315247637287204785 6562.000000000000000000
0.066389596123063763 0.315830270687579961 6615.000000000000000000
0.066320175785024860 0.316413036177293217 6667.000000000000000000
0.066250875101032392 0.316995930747356436 6726.000000000000000000
0.066181694055427898 0.317578951408707455 6786.000000000000000000
0.066112632632947171 0.318162095192404293 6838.000000000000000000
0.066043690818718942 0.318745359149823271 6890.000000000000000000
0.065974868598262945 0.319328740352861074 6949.000000000000000000
0.065906165957488549 0.319912235894117380 7007.000000000000000000
0.065837582882692924 0.320495842887089155 7052.000000000000000000
0.052865061731920585 2.387775666199315694 7104.000000000000000000
0.052841341343905952 2.388884244691138026 7149.000000000000000000
0.051388014053451274 1.585104234367211040 7190.000000000000000000
0.051357663783114529 1.586326528700447991 7246.000000000000000000
0.051327422961610025 1.587547490974672515 7298.000000000000000000
0.051297291596271735 1.588767108400300554 7311.000000000000000000
0.051267269694289019 1.589985368172707636 7362.000000000000000000
0.051237357262704980 1.591202257472938753 7422.000000000000000000
0.051207554308414907 1.592417763468347625 7474.000000000000000000
0.051177100427743392 1.593161222598383109 7528.000000000000000000
0.051147508458007043 1.594374266921740002 7580.000000000000000000
0.051118025989243573 1.595585890050397193 7605.000000000000000000
0.051088653027753464 1.596796079097917431 7674.000000000000000000
0.051059389579678101 1.598004821165505129 7741.000000000000000000
0.051030235650997166 1.599212103342026570 7796.000000000000000000
0.051001191247524329 1.600417912702932988 7851.000000000000000000
0.050972256374907265 1.601622236312031156 7885.000000000000000000
0.050943431038624060 1.602825061220830571 7937.000000000000000000
0.050914438970971629 1.603851949626676765 7991.000000000000000000
0.050885829783768294 1.605051857108981350 8042.000000000000000000
0.050854732408412477 1.604609019039992646 8105.000000000000000000
0.050826314691875957 1.605806946915990130 8165.000000000000000000
0.050798006552141485 1.607003313784686860 8216.000000000000000000
0.050769807993703758 1.608198106623429213 8268.000000000000000000
0.050741719020872142 1.609391312398679608 8325.000000000000000000
0.050713739637768568 1.610582918066205904 8385.000000000000000000
0.050685869848325127 1.611772910571355633 8457.000000000000000000
0.050578672599191701 1.482351045122898503 8510.000000000000000000
0.050548951165364037 1.483590861519392012 8568.000000000000000000
0.050519340320438484 1.484829220568332664 8626.000000000000000000
0.050489840072872938 1.486066109108733935 8678.000000000000000000
0.050460450430961278 1.487301513967883348 8742.000000000000000000
0.050431171402830904 1.488535421961578509 8777.000000000000000000
0.050402002996440168 1.489767819894244338 8835.000000000000000000
0.050372945219575985 1.490998694559169335 8888.000000000000000000
0.050343998079851307 1.492228032738669219 8940.000000000000000000
0.050315161584702665 1.493455821204299871 9003.000000000000000000
0.050286435741387719 1.494682046716990564 9061.000000000000000000
0.050257820556982830 1.495906696027301752 9112.000000000000000000
0.050229316038380475 1.497129755875516111 9164.000000000000000000
0.050200922192287029 1.498351212991977821 9226.000000000000000000
0.050172639025220157 1.499571054097145195 9285.000000000000000000
0.050144466543506447 1.500789265901801173 9338.000000000000000000
0.050116404753278949 1.502005835107269371 9389.000000000000000000
0.050088453660474833 1.503220748405622142 9452.000000000000000000
0.050060613270832902 1.504433992479811355 9510.000000000000000000
0.050032883589891289 1.505645554003931741 9562.000000000000000000
0.050005264622984907 1.506855419643339244 9615.000000000000000000
0.049977756375243279 1.508063576054892607 9673.000000000000000000
0.049950358851587898 1.509270009887048181 9730.000000000000000000
0.049923072056730147 1.510474707780277148 9783.000000000000000000
0.049895895995168707 1.511677656366965605 9811.000000000000000000
0.049868830671187213 1.512878842271756064 9863.000000000000000000
0.049841876088852183 1.514078252111822565 9928.000000000000000000
0.049815032252010248 1.515275872496861354 9985.000000000000000000
0.049788299164286190 1.516471690029444375 10035.000000000000000000
0.049761676829080420 1.517665691305130515 10087.000000000000000000
0.049735165249566705 1.518857862912669221 10151.000000000000000000
0.049708764428689906 1.520048191434242968 10208.000000000000000000
0.049682474369163648 1.521236663445582504 10260.000000000000000000
0.049656295073468033 1.522423265516245294 10312.000000000000000000
0.049630226543847356 1.523607984209726318 10371.000000000000000000
0.049604268782307802 1.524790806083698991 10454.000000000000000000
0.049521248609413322 1.388716101214275689 10506.000000000000000000
0.049493253270851939 1.389940380641147666 10534.000000000000000000
0.049465369857590716 1.391162964425689985 10593.000000000000000000
0.049437598377487582 1.392383839066165141 10651.000000000000000000
0.049409938838187700 1.393602991053027429 10704.000000000000000000
0.049382391247120877 1.394820406869136553 10757.000000000000000000
0.049354955611499211 1.396036072989957910 10816.000000000000000000
0.049327631938314527 1.397249975883743778 10875.000000000000000000
0.049300420234335965 1.398462102011737374 10927.000000000000000000
0.049273320506107568 1.399672437828358706 10979.000000000000000000
0.049246332759945770 1.400880969781428398 11037.000000000000000000
0.049219457001937000 1.402087684312311566 11097.000000000000000000
0.049192693237935285 1.403292567856154749 11150.000000000000000000
0.049166041473559761 1.404495606842062427 11201.000000000000000000
0.049139501714192312 1.405696787693300198 11264.000000000000000000
0.049113073964975162 1.406896096827504383 11323.000000000000000000
0.049086758230808505 1.408093520656837239 11376.000000000000000000
0.049060554516348095 1.409289045588248301 11429.000000000000000000
0.049034462826002823 1.410482658023590519 11489.000000000000000000
0.049008483163932505 1.411674344359887368 11548.000000000000000000
0.048982615534045350 1.412864090989491395 11601.000000000000000000
0.048956859939995732 1.414051884300334905 11631.000000000000000000
0.048931216385181796 1.415237710676028993 11683.000000000000000000
0.048905684872743174 1.416421556496148204 11719.000000000000000000
0.048880265405558558 1.417603408136379750 11782.000000000000000000
0.048854957986243577 1.418783251968817050 11837.000000000000000000
0.048829762617148345 1.419961074361999920 11867.000000000000000000
0.048804679300355189 1.421136861681246089 11918.000000000000000000
0.048779708037676457 1.422310600288771099 11983.000000000000000000
0.048754848830652162 1.423482276543986513 12040.000000000000000000
0.048730101680547727 1.424651876803587403 12092.000000000000000000
0.048705466588351828 1.425819387421821016 12143.000000000000000000
0.048680943554773974 1.426984794750642216 12203.000000000000000000
0.048656532580242509 1.428148085139997248 12263.000000000000000000
0.048632233664902186 1.429309244937917223 12316.000000000000000000
0.048608046808612096 1.430468260490813659 12368.000000000000000000
0.048583972010943409 1.431625118143609043 12426.000000000000000000
0.048560009271177151 1.432779804239963983 12486.000000000000000000
0.048536158588302201 1.433932305122596063 12539.000000000000000000
0.048512419961012888 1.435082607133276511 12591.000000000000000000
0.048488793387707001 1.436230696613124858 12649.000000000000000000
0.048465278866483573 1.437376559902872941 12720.000000000000000000
0.048441876395140783 1.438520183342999470 12772.000000000000000000
0.048418585971173801 1.439661553273922534 12823.000000000000000000
0.048395407591772778 1.440800656036331562 12881.000000000000000000
0.048372341253820575 1.441937477971197312 12916.000000000000000000
0.048349386953890863 1.443072005420157122 12945.000000000000000000
0.048326544688245904 1.444204224725589958 12997.000000000000000000
0.048303814452834534 1.445334122230892193 13049.000000000000000000
0.048281196243290185 1.446461684280709648 13108.000000000000000000
0.048258690054928791 1.447586897221073476 13138.000000000000000000
0.048236295882746645 1.448709747399635761 13196.000000000000000000
0.048214013721418592 1.449830221165916422 13247.000000000000000000
0.048191843565295871 1.450948304871432892 13299.000000000000000000
0.048169785408404123 1.452063984869941482 13366.000000000000000000
0.048147839244441722 1.453177247517832837 13422.000000000000000000
0.048126005066777278 1.454288079173991388 13476.000000000000000000
0.048104282868448096 1.455396466200268080 13528.000000000000000000
0.048082672642158091 1.456502394961603608 13600.000000000000000000
0.048279603343708878 0.938104233017635791 13661.000000000000000000
0.048247688405687626 0.939401450679000383 13743.000000000000000000
0.048215890246624704 0.940697365586815937 13797.000000000000000000
0.048184208893377885 0.941991962979901842 13863.000000000000000000
0.048152644372633203 0.943285228087193617 13916.000000000000000000
0.048121196710901780 0.944577146127995149 13969.000000000000000000
0.048089865934516834 0.945867702312219616 14022.000000000000000000
0.048058652069630531 0.947156881840639508 14084.000000000000000000
0.048027555142211034 0.948444669905139426 14142.000000000000000000
0.047996575178039326 0.949731051688960659 14195.000000000000000000
0.047965712202706179 0.951016012366953434 14248.000000000000000000
0.047934966241609138 0.952299537105825267 14308.000000000000000000
0.047904337319949433 0.953581611064386547 14368.000000000000000000
0.047873825462728926 0.954862219393804668 14420.000000000000000000
0.047843430694747086 0.956141347237839945 14473.000000000000000000
0.047813153040597862 0.957418979733111963 14533.000000000000000000
0.047782992524666786 0.958695102009333500 14593.000000000000000000
0.047752949171127747 0.959969699189568870 14646.000000000000000000
0.047723023003940115 0.961242756390474296 14698.000000000000000000
0.047693214046845650 0.962514258722544480 14757.000000000000000000
0.047663522323365425 0.963784191290371184 14817.000000000000000000
0.047633947856796859 0.965052539192878367 14869.000000000000000000
0.047604490670210720 0.966319287523578430 14922.000000000000000000
0.047575150786448035 0.967584421370819681 14982.000000000000000000
0.047545928228117110 0.968847925818024369 15041.000000000000000000
0.047516823017590568 0.970109785943948366 15093.000000000000000000
0.047487835177002224 0.971369986822923970 15145.000000000000000000
0.047458964728244291 0.972628513525104599 15205.000000000000000000
0.047430211692964186 0.973885351116714926 15264.000000000000000000
0.047401576092561647 0.975140484660293461 15321.000000000000000000
0.047373057948185728 0.976393899214950234 15373.000000000000000000
0.047344657280731860 0.977645579836595280 15432.000000000000000000
0.047316374110838839 0.978895511578207311 15492.000000000000000000
0.047288208458885837 0.980143679490068753 15545.000000000000000000
0.047260160344989546 0.981390068620009992 15597.000000000000000000
0.047232229789001157 0.982634664013658732 15655.000000000000000000
0.047204416810503406 0.983877450714695789 15712.000000000000000000
0.047176721428807654 0.985118413765086132 15765.000000000000000000
0.047149143662950976 0.986357538205337225 15820.000000000000000000
0.047121683531693263 0.987594809074742841 15881.000000000000000000
0.047094341053514191 0.988830211411622972 15940.000000000000000000
0.047067116246610433 0.990063730253576968 15993.000000000000000000
0.047040009128892744 0.991295350637732886 16046.000000000000000000
0.047013019717983009 0.992525057600980753 16105.000000000000000000
0.046986148031211344 0.993752836180237908 16164.000000000000000000
0.046959394085613344 0.994978671412678595 16217.000000000000000000
0.046932757897927058 0.996202548335988536 16270.000000000000000000
0.046906239484590287 0.997424451988607297 16328.000000000000000000
0.046879838861737536 0.998644367409977862 16387.000000000000000000
0.046853556045197399 0.999862279640787222 16440.000000000000000000
0.046827391050489504 1.001078173723228160 16493.000000000000000000
0.046801343892821839 1.002292034701224965 16553.000000000000000000
0.046775414587087873 1.003503847620684564 16615.000000000000000000
0.046749603147863736 1.004713597529759861 16667.000000000000000000
0.046723909589405491 1.005921269479070679 16719.000000000000000000
0.046698333925646221 1.007126848521965545 16779.000000000000000000
0.046672876170193389 1.008330319714781709 16837.000000000000000000
0.046647536336325922 1.009531668117048087 16890.000000000000000000
0.046622314436991615 1.010730878791774812 16943.000000000000000000
0.046597210484804218 1.011927936805679940 17002.000000000000000000
0.046572224492040834 1.013122827229437695 17061.000000000000000000
0.046547356470639061 1.014315535137923385 17114.000000000000000000
0.046522606432194358 1.015506045610470087 17166.000000000000000000
0.046497974387957344 1.016694343731103123 17226.000000000000000000
0.046473460348831049 1.017880414588792526 17285.000000000000000000
0.046449064325368217 1.019064243277697512 17351.000000000000000000
0.052149292408118733 0.285084526381573555 17403.000000000000000000
0.052100471116447999 0.285950187440492776 17465.000000000000000000
0.052051767882664739 0.286816362955747972 17524.000000000000000000
0.052003182768477797 0.287683043303312236 17577.000000000000000000
0.051954715835792475 0.288550218836338024 17629.000000000000000000
0.051906367146707370 0.289417879885415397 17690.000000000000000000
0.051858136763511316 0.290286016758833587 17770.000000000000000000
0.056998655002563077 0.160804633191242496 17823.000000000000000000
0.056938981775527066 0.161460224335501695 17875.000000000000000000
0.056879423459362227 0.162116917997603888 17935.000000000000000000
0.056819980099322917 0.162774708055657663 17996.000000000000000000
0.056760651741098574 0.163433588365308385 18049.000000000000000000
0.056701438430812184 0.164093552759850575 18102.000000000000000000
0.056642340215018600 0.164754595050351560 18169.000000000000000000
0.056583357140702846 0.165416709025768188 18229.000000000000000000
0.056524489255278441 0.166079888453079999 18281.000000000000000000
0.056465736606585631 0.166744127077417009 18334.000000000000000000
0.056407099242889627 0.167409418622198963 18399.000000000000000000
0.056348577212878836 0.168075756789266534 18459.000000000000000000
0.056290170565663045 0.168743135259032923 18512.000000000000000000
0.056231879350771688 0.169411547690621306 18565.000000000000000000
0.056173703618151841 0.170080987722024068 18630.000000000000000000
0.056115643418166515 0.170751448970247105 18691.000000000000000000
0.056057698801592636 0.171422925031476436 18756.000000000000000000
0.055999869819619207 0.172095409481232642 18809.000000000000000000
0.055942156523845321 0.172768895874537670 18870.000000000000000000
0.055884558966278197 0.173443377746082789 18930.000000000000000000
0.055827077199331269 0.174118848610399835 18984.000000000000000000
0.055769711275822094 0.174795301962039490 19036.000000000000000000
0.055712461248970377 0.175472731275742450 19097.000000000000000000
0.055655327172395831 0.176151130006628132 19157.000000000000000000
0.055598309100116192 0.176830491590375477 19210.000000000000000000
0.055541407086545092 0.177510809443412826 19263.000000000000000000
0.055484621186489898 0.178192076963109430 19323.000000000000000000
0.055427951455149574 0.178874287527969328 19383.000000000000000000
0.055371397948112550 0.179557434497831014 19436.000000000000000000
0.055314960721354473 0.180241511214066924 19490.000000000000000000
0.055258639831236002 0.180926510999786044 19551.000000000000000000
0.055202435334500574 0.181612427160044249 19613.000000000000000000
0.055146347288272078 0.182299252982052490 19666.000000000000000000
0.055090375750052725 0.182986981735387549 19719.000000000000000000
0.055034520777720489 0.183675606672212943 19779.000000000000000000
0.054978782429526994 0.184365121027493500 19921.000000000000000000
0.054923160764095008 0.185055518019217574 19974.000000000000000000
0.054867655840416078 0.185746790848623888 20035.000000000000000000
0.054812267717848188 0.186438932700425136 20088.000000000000000000
0.054756996456113247 0.187131936743039434 20140.000000000000000000
0.054701842115294656 0.187825796128821554 20193.000000000000000000
0.054646804755834819 0.188520503994299732 20252.000000000000000000
0.054591884438532662 0.189216053460412342 20312.000000000000000000
0.054537081224541033 0.189912437632746262 20365.000000000000000000
0.054482395175364261 0.190609649601781977 20417.000000000000000000
0.054427826352855438 0.191307682443137034 20478.000000000000000000
0.054373374819213886 0.192006529217812638 20539.000000000000000000
0.054319040636982584 0.192706182972447432 20592.000000000000000000
0.054264823869045367 0.193406636739561988 20644.000000000000000000
0.054210724578624428 0.194107883537821296 20705.000000000000000000
0.054156742829277460 0.194809916372286979 20765.000000000000000000
0.054102878684895002 0.195512728234674832 20818.000000000000000000
0.054049132209697731 0.196216312103617924 20872.000000000000000000
0.053995503468233598 0.196920660944929327 20931.000000000000000000
0.053941992525375064 0.197625767711867378 20992.000000000000000000
0.053888599446316340 0.198331625345400830 21045.000000000000000000
0.053835324296570466 0.199038226774479077 21098.000000000000000000
0.053782167141966437 0.199745564916302826 21158.000000000000000000
0.053729128048646387 0.200453632676598659 21220.000000000000000000
0.053676207083062595 0.201162422949889341 21273.000000000000000000
0.053623404311974578 0.201871928619774238 21325.000000000000000000
0.053570719802446112 0.202582142559206951 21387.000000000000000000
0.053518153621842278 0.203293057630773488 21446.000000000000000000
0.053465705837826380 0.204004666686974923 21500.000000000000000000
0.053413376518357002 0.204716962570509503 21553.000000000000000000
0.053361165731684784 0.205429938114560923 21614.000000000000000000
0.053309073546349575 0.206143586143079677 21676.000000000000000000
0.053257100031177146 0.206857899471075912 21729.000000000000000000
0.053205245255276097 0.207572870904902784 21783.000000000000000000
0.053153509288034709 0.208288493242553802 21843.000000000000000000
0.053101892199117783 0.209004759273950763 21902.000000000000000000
0.053050394058463443 0.209721661781238605 21955.000000000000000000
0.052999014936279829 0.210439193539078473 22008.000000000000000000
0.052947754903041953 0.211157347314949118 22068.000000000000000000
0.052896614029488379 0.211876115869435971 22128.000000000000000000
0.052845592386617908 0.212595491956536542 22181.000000000000000000
0.052794690045686266 0.213315468323956509 22233.000000000000000000
0.052743907078202819 0.214036037713409011 22293.000000000000000000
0.052693243555927131 0.214757192860923096 22352.000000000000000000
0.052642699550865570 0.215478926497138651 22405.000000000000000000
0.052592275135267992 0.216201231347613959 22458.000000000000000000
0.052541970381624198 0.216924100133130071 22520.000000000000000000
0.052491785362660533 0.217647525569996142 22581.000000000000000000
0.052441720151336392 0.218371500370353994 22634.000000000000000000
0.052391774820840759 0.219096017242488145 22687.000000000000000000
0.052341949444588531 0.219821068891132371 22747.000000000000000000
0.052292244096217209 0.220546648017777930 22808.000000000000000000
0.052242658849583103 0.221272747320983565 22861.000000000000000000
0.052193193778757876 0.221999359496685505 22914.000000000000000000
0.052143848958024847 0.222726477238508080 22974.000000000000000000
0.052094624461875474 0.223454093238074025 23035.000000000000000000
0.052045520365005489 0.224182200185318120 23088.000000000000000000
0.051996536742311424 0.224910790768798940 23140.000000000000000000
0.051947673668886758 0.225639857676009248 23201.000000000000000000
0.051898931220018367 0.226369393593689738 23275.000000000000000000
0.055337024361457050 0.153290139715042295 23328.000000000000000000
0.055280566136132164 0.153894687156096693 23381.000000000000000000
0.055224225803107665 0.154500114134338257 23440.000000000000000000
0.055168003429264631 0.155106415644139156 23443.000000000000000000
0.047166882476643267 0.382243450679793428 23503.000000000000000000
0.047132349458473909 0.383110526687961972 23556.000000000000000000
0.047097941561310031 0.383976893986170797 23609.000000000000000000
0.047063658843961263 0.384842541675697536 23669.000000000000000000
0.047029501364988388 0.385707458867262210 23761.000000000000000000
0.046995469182699118 0.386571634681331100 23814.000000000000000000
0.046961562355143947 0.387435058248422448 23867.000000000000000000
0.046927780940111720 0.388297718709410933 23938.000000000000000000
0.046894124995125630 0.389159605215824600 23992.000000000000000000
0.046860594577438762 0.390020706930152339 24044.000000000000000000
0.046827189744030009 0.390881013026141366 24097.000000000000000000
0.046793910551599815 0.391740512689108034 24158.000000000000000000
0.046760757056565849 0.392599195116230704 24220.000000000000000000
0.046727729315058926 0.393457049516859503 24275.000000000000000000
0.046694827382918622 0.394314065112813861 24328.000000000000000000
0.046662051315689165 0.395170231138688266 24391.000000000000000000
0.046629401168615248 0.396025536842150638 24454.000000000000000000
0.046596876996637636 0.396879971484247862 24507.000000000000000000
0.046564478854389149 0.397733524339705324 24559.000000000000000000
0.046532206796190377 0.398586184697231005 24620.000000000000000000
0.046500060876045420 0.399437941859815349 24680.000000000000000000
0.046468041147637779 0.400288785145031856 24733.000000000000000000
0.046436147664326119 0.401138703885348613 24786.000000000000000000
0.046404380479140077 0.401987687428417173 24849.000000000000000000
0.046372739644776083 0.402835725137382861 24908.000000000000000000
0.046341225213593233 0.403682806391181648 24962.000000000000000000
0.046309837237608995 0.404528920584848073 25015.000000000000000000
0.046278575768495187 0.405374057129814058 25077.000000000000000000
0.046247440857573659 0.406218205454210834 25138.000000000000000000
0.046216432555812280 0.407061355003169867 25192.000000000000000000
0.046185550913820719 0.407903495239131608 25245.000000000000000000
0.046154795981846304 0.408744615642139097 25305.000000000000000000
0.046124167809769891 0.409584705710145991 25364.000000000000000000
0.046093666447101798 0.410423754959315934 25417.000000000000000000
0.046063291942977515 0.411261752924330870 25470.000000000000000000
0.046033044346153809 0.412098689158687581 25530.000000000000000000
0.046002923705004507 0.412934553235006163 25590.000000000000000000
0.045972930067516307 0.413769334745327788 25643.000000000000000000
0.045943063481284956 0.414603023301421736 25695.000000000000000000
0.045913323993510856 0.415435608535091649 25755.000000000000000000
0.045883711650995224 0.416267080098467690 25814.000000000000000000
0.045854226500135958 0.417097427664325338 25868.000000000000000000
0.045824868586923521 0.417926640926382431 25921.000000000000000000
0.045795637956937030 0.418754709599599817 25983.000000000000000000
0.045766534655340078 0.419581623420496375 26043.000000000000000000
0.045737558726876841 0.420407372147447556 26096.000000000000000000
0.045708710215867976 0.421231945560986754 26149.000000000000000000
0.045679989166206698 0.422055333464120330 26209.000000000000000000
0.045651395621354666 0.422877525682626765 26268.000000000000000000
0.045622929624338157 0.423698512065368071 26322.000000000000000000
0.045594591217743966 0.424518282484591614 26375.000000000000000000
0.045566380443715554 0.425336826836238191 26435.000000000000000000
0.045538297343949014 0.426154135040252680 26496.000000000000000000
0.045510341959689213 0.426970197040889898 26549.000000000000000000
0.045482514331725815 0.427785002807024028 26603.000000000000000000
0.045454814500389414 0.428598542332452204 26663.000000000000000000
0.045427242505547555 0.429410805636215753 26744.000000000000000000

