0.211671846123234197 4.148313577035039224 1.000000000000000000
0.182968317053453955 2.542977993342403931 54.000000000000000000
0.171765311682080535 1.779202652103647697 107.000000000000000000
0.163427332654645263 2.814965316959643804 108.000000000000000000
0.146153320398841102 1.713272776004026277 156.000000000000000000
0.135211205329685002 0.922181817138282067 157.000000000000000000
0.128200933387467714 1.062892387843235698 202.000000000000000000
0.122237259598827100 1.111405310893538223 203.000000000000000000
0.120474287169129918 1.026412030600668102 247.000000000000000000
0.111777925080536578 1.564798731696020129 280.000000000000000000
0.111701815688891176 1.563006543337378318 337.000000000000000000
0.111626014944663871 1.561211168156223295 367.000000000000000000
0.111550522299801919 1.559412640154490992 420.000000000000000000
0.111475337206383751 1.557610993465641025 473.000000000000000000
0.111400459116615808 1.555806262353212954 539.000000000000000000
0.111325887482829830 1.553998481209365901 570.000000000000000000
0.111251621757480199 1.552187684553401947 602.000000000000000000
0.111177661393141031 1.550373907030285325 655.000000000000000000
0.111104005842503795 1.548557183409146276 709.000000000000000000
0.111030654558374187 1.546737548581772925 743.000000000000000000
0.110957606993670008 1.544915037561095383 772.000000000000000000
0.110884862601418221 1.543089685479649864 803.000000000000000000
0.110812420834752623 1.541261527588044355 833.000000000000000000
0.110740281146911174 1.539430599253400533 864.000000000000000000
0.110668442991233754 1.537596935957793232 894.000000000000000000
0.110596905821159636 1.535760573296671261 951.000000000000000000
0.110525669090224904 1.533921546977275563 1022.000000000000000000
0.215418741478920484 1.411442770782265654 1074.000000000000000000
0.215059060948791902 1.410253363347823141 1121.000000000000000000
0.117832595815270572 0.345542050529627998 1179.000000000000000000
0.083109049218112852 1.053118083376230363 1234.000000000000000000
0.082978297362005432 1.052713865370394020 1280.000000000000000000
0.064605955601312839 0.269498363288950993 1332.000000000000000000
0.064502553140854374 0.271731075684066403 1386.000000000000000000
0.064399521873831453 0.273980625291358360 1442.000000000000000000
0.064296861924930324 0.276247091148617396 1495.000000000000000000
0.064194573421033102 0.278530552222943595 1548.000000000000000000
0.064092656491195582 0.280831087405001290 1604.000000000000000000
0.063991111266625003 0.283148775503181183 1661.000000000000000000
0.063889937880657194 0.285483695237670643 1714.000000000000000000
0.063789136468733992 0.287835925234443790 1782.000000000000000000
0.064938547413726261 0.260031362569547397 1837.000000000000000000
0.064833552225089797 0.262240040627789661 1891.000000000000000000
0.064728928213373588 0.264465533491599014 1945.000000000000000000
0.064624675499641820 0.266707920507907703 2000.000000000000000000
0.064520794207235166 0.268967280970197398 2095.000000000000000000
0.064417284461749616 0.271243694112925371 2148.000000000000000000
0.064314146391015306 0.273537239105859087 2200.000000000000000000
0.064211380125074852 0.275847995048324413 2252.000000000000000000
0.064108985796161547 0.278176040963364624 2309.000000000000000000
