0.232825684824302825 2.573713604294076251 1.000000000000000000
0.189691709665982616 2.446152564256329764 2.000000000000000000
0.170028036856284120 2.134443359548631847 48.000000000000000000
0.156893177631042380 3.300643680502613808 49.000000000000000000
0.123431542669859479 2.180819944278330702 51.000000000000000000
0.114755753702344074 1.595125185502012100 134.000000000000000000
0.104494622236760010 3.036910589412417760 135.000000000000000000
0.096836221406047723 3.041174034491224809 187.000000000000000000
0.086923964680293883 0.995965253560615049 188.000000000000000000
0.076751598127597687 0.880997049660282250 194.000000000000000000
0.067676539093222896 1.697519213147667072 195.000000000000000000
0.065414088932784289 2.000662292419517652 247.000000000000000000
0.064523066703344178 1.856741933724657345 300.000000000000000000
0.064479705945413815 1.859519201970820657 302.000000000000000000
0.040636162238177120 0.989389608110140317 356.000000000000000000
0.040617367119864710 0.992005973065169133 412.000000000000000000
0.040598669448644396 0.994628387210447329 474.000000000000000000
0.040580069222882612 0.997256851124106447 530.000000000000000000
0.040561566440847470 0.999891365313083313 584.000000000000000000
0.040543161100707818 1.002531930213138800 642.000000000000000000
0.040524853200532160 1.005178546188882027 699.000000000000000000
0.040506642738287760 1.007831213533795678 752.000000000000000000
0.040488529711839756 1.010489932470265195 807.000000000000000000
0.040470514118949905 1.013154703149598435 864.000000000000000000
0.040452595957275968 1.015825525652061634 919.000000000000000000
0.040434775224370466 1.018502399986904949 971.000000000000000000
0.040417051917679865 1.021185326092400869 1023.000000000000000000
0.040399426034543592 1.023874303835863309 1079.000000000000000000
0.040381897572192973 1.026569333013695573 1134.000000000000000000
0.040364466527750366 1.029270413351415892 1187.000000000000000000
0.040347132898228159 1.031977544503693833 1218.000000000000000000
0.040329896680527839 1.034690726054390053 1270.000000000000000000
0.040312757871438960 1.037409957516592929 1325.000000000000000000
0.040295716467638291 1.040135238332657419 1380.000000000000000000
0.040278772465688707 1.042866567874245032 1438.000000000000000000
0.040261925862038389 1.045603945442362903 1491.000000000000000000
0.040245176653019750 1.048347370267412426 1554.000000000000000000
0.040228524834848504 1.051096841509224999 1609.000000000000000000
0.040211970403622774 1.053852358257109989 1700.000000000000000000
0.040195513355322086 1.056613919529901136 1758.000000000000000000
0.040179153685806358 1.059381524276000741 1811.000000000000000000
0.040162891390815081 1.062155171373428297 1865.000000000000000000
0.040146726465966211 1.064934859629866892 1919.000000000000000000
0.040130658906755393 1.067720587782716724 1977.000000000000000000
0.040114688708554891 1.070512354499140395 2033.000000000000000000
0.040098815866612590 1.073310158376116652 2087.000000000000000000
0.040083040376051246 1.076113997940495004 2144.000000000000000000
0.040067362231867368 1.078923871649043686 2201.000000000000000000
0.040051781428930316 1.081739777888506948 2258.000000000000000000
0.040036297961981410 1.084561714975660118 2313.000000000000000000
