0.1536
   0.1398
   0.1348
   0.1320
   0.1263
   0.1356
   0.1184
   0.1123
   0.1049
   0.0998
   0.0993
   0.0951
   0.0840
   0.0800
   0.0795
   0.0773
   0.0726
   0.0612
   0.0475
   0.0399
   0.0346
   0.0226
   0.0148
   0.0126
   0.0096
   0.0095
   0.0055
   0.0023
   0.0014
   0.0011
   0.0003
   0.0001
   4.4788e-05
   9.9523e-06
   1.6072e-06
   1.7516e-07
   4.7342e-08
   6.0708e-09
   8.2587e-10
   1.2248e-10
   2.0557e-11
   4.0016e-12
   8.9530e-13
   2.2023e-13
   5.6197e-14
   1.4271e-14
   3.5686e-15
   8.8447e-16
   2.1811e-16
   5.3304e-17
   1.2846e-17
   3.0527e-18
   7.1776e-19
   1.6753e-19
   3.8907e-20
