0.250917567993234614 2.611316599508011649 5383.000000000000000000
0.217014165776644286 4.973856077767006667 6771.000000000000000000
0.144830049377029563 1.280065132535788130 6909.000000000000000000
0.122395178474666938 2.161985378755235221 7083.000000000000000000
0.081841276538412833 1.664189241895541960 7337.000000000000000000
0.075138381609581056 0.393339357543311174 9302.000000000000000000
0.073186762316613335 0.269266012948510880 9779.000000000000000000
0.068153146658590527 0.155218971870082656 10033.000000000000000000
0.066374290519677040 0.515881617969867423 10435.000000000000000000
0.065880865771378430 0.315320507026649599 10697.000000000000000000
0.065107632686059430 0.228975204929904419 11011.000000000000000000
0.064944752949148518 0.170117201018305381 11296.000000000000000000
0.064921659912598406 0.169993297593477394 11909.000000000000000000
0.064898590627997244 0.169878455003472206 12155.000000000000000000
0.064875545104297522 0.169772713355120008 12481.000000000000000000
0.064852523350222430 0.169676110727060431 12791.000000000000000000
0.064829525374265340 0.169588683139870411 12974.000000000000000000
0.064806551184689601 0.169510464527730026 13529.000000000000000000
0.064783600789527884 0.169441486711708361 13844.000000000000000000
0.064760674196581963 0.169381779374699698 14033.000000000000000000
0.064737771413422338 0.169331370038072276 14579.000000000000000000
0.064714892447387845 0.169290284040072930 14745.000000000000000000
0.064692037305585329 0.169258544516021486 15090.000000000000000000
0.064669205994889262 0.169236172380350103 15436.000000000000000000
0.064646398521941387 0.169223186310500123 16009.000000000000000000
0.064623614893150633 0.169219602732737145 16339.000000000000000000
0.064600855114692476 0.169225435809871427 17151.000000000000000000
0.064578119192508859 0.169240697430962511 18036.000000000000000000
0.064555407132307868 0.169265397202955803 18458.000000000000000000
0.064532718939563527 0.169299542444349721 18789.000000000000000000
0.064510054619515339 0.169343138180828662 18965.000000000000000000
0.064487414177168301 0.169396187142913102 19351.000000000000000000
0.064464797617292444 0.169458689765621173 19671.000000000000000000
0.064655086818199925 0.148918781076783607 20355.000000000000000000
0.064584582315240072 0.137368371852101517 20608.000000000000000000
0.064159025008145465 0.087853681097490685 20994.000000000000000000
0.064136136006808037 0.088582265404087202 21188.000000000000000000
0.064113262861917084 0.089315390935824260 21349.000000000000000000
0.064090405611084172 0.090052994527446778 21497.000000000000000000
0.064067564291990647 0.090795014594835341 22147.000000000000000000
0.064044738942387117 0.091541391098978048 22553.000000000000000000
0.064021929600092661 0.092292065510121035 23315.000000000000000000
0.063999136302994239 0.093046980772167789 23513.000000000000000000
0.063976359089046114 0.093806081267367142 23899.000000000000000000
0.063953597996269054 0.094569312781352152 24046.000000000000000000
0.063930853062749676 0.095336622468559298 24557.000000000000000000
0.063908124326639920 0.096107958818072131 25306.000000000000000000
0.063885411826156147 0.096883271619920483 25636.000000000000000000
0.063862715599578582 0.097662511931867535 26021.000000000000000000
0.063840035685250485 0.098445632046698303 26526.000000000000000000
0.063817372121577662 0.099232585460043973 26850.000000000000000000
0.063794724947027454 0.100023326838751592 26997.000000000000000000
0.063772094200128221 0.100817811989815140 27227.000000000000000000
0.063749479919468527 0.101615997829883897 27583.000000000000000000
0.063726882143696387 0.102417842355349689 28055.000000000000000000
0.063704300911518588 0.103223304613026687 28711.000000000000000000
0.063681736261699790 0.104032344671427898 28844.000000000000000000
0.063659188233061964 0.104844923592639097 28948.000000000000000000
0.063636656864483415 0.105661003404790663 29078.000000000000000000
0.063614142194898082 0.106480547075137322 29171.000000000000000000
0.063591644263294778 0.107303518483723076 29252.000000000000000000
0.063569163108716437 0.108129882397654004 29345.000000000000000000
0.063546698770259077 0.108959604445954886 29440.000000000000000000
0.063524419523423983 0.109792651095018581 29545.000000000000000000
0.063502000749464757 0.110628998013761526 29624.000000000000000000
0.063479905118350152 0.111468596535957629 29714.000000000000000000
0.063457554683148648 0.112310690043855299 29838.000000000000000000
0.063435493020093478 0.113156712721728114 29914.000000000000000000
0.063413176602971175 0.114005164200710038 30001.000000000000000000
0.063391149065287394 0.114857492460209890 30093.000000000000000000
0.063368866823548017 0.115712186366855319 30339.000000000000000000
0.063346873568920187 0.116570707154633080 30462.000000000000000000
0.063324625660231684 0.117431533294194992 30578.000000000000000000
0.063302666846702924 0.118296138756435770 30715.000000000000000000
0.063280453429083408 0.119162991970320375 30797.000000000000000000
0.063258529215041090 0.120033579147812500 30873.000000000000000000
0.063236350446844267 0.120906359016947684 30951.000000000000000000
0.063214460991005555 0.121782829555732219 31041.000000000000000000
0.063192317030906248 0.122661440119175416 31121.000000000000000000
0.063170462492303361 0.123543699996136097 31203.000000000000000000
0.063148515152975787 0.124428049484270081 31284.000000000000000000
0.063126627543086858 0.125289701775827600 31394.000000000000000000
0.063104715108095788 0.126179613160853465 31491.000000000000000000
0.063082862173167012 0.127046644785167362 31565.000000000000000000
0.063060984797102981 0.127942036032533873 31650.000000000000000000
0.063039166687878026 0.128814368822114861 31732.000000000000000000
0.063017425295007659 0.129715161287561304 31804.000000000000000000
0.062995705590688025 0.130600174138091468 31877.000000000000000000
0.062973999706458436 0.131506334592538771 31956.000000000000000000
0.062952315602715067 0.132396619590485792 32029.000000000000000000
0.062930645384299974 0.133308073047548575 32103.000000000000000000
0.062908997036087072 0.134203556003480995 32190.000000000000000000
0.062887362640914823 0.135120230426912680 32265.000000000000000000
0.062865750203471099 0.136020840073177635 32340.000000000000000000
0.062844151789209560 0.136942666193782980 32422.000000000000000000
0.062822575418043688 0.137848334005640449 32499.000000000000000000
0.062801013142584641 0.138775245147828963 32581.000000000000000000
0.062779472993460150 0.139685905173944414 32663.000000000000000000
0.062757947014903892 0.140617837091408932 32738.000000000000000000
0.062736443243824158 0.141533425793219786 32812.000000000000000000
0.062715092061356489 0.142470316513259115 32894.000000000000000000
0.062693667873673947 0.143389960678692446 33007.000000000000000000
0.062672353373082093 0.144331752580706379 33173.000000000000000000
0.062650966178205550 0.145256216879594224 33265.000000000000000000
0.062629688516937537 0.146202852009970352 33339.000000000000000000
0.062608338468250258 0.147132079029838714 33421.000000000000000000
0.062587097803910086 0.148083501289874298 33495.000000000000000000
0.062565785055003514 0.149017435470447351 33569.000000000000000000
0.062544581545334627 0.149973590490911968 33652.000000000000000000
0.062523306249992069 0.150912178001322617 33727.000000000000000000
0.062502140052859936 0.151873013023563097 33800.000000000000000000
0.062480902365039795 0.152816201645915473 33880.000000000000000000
0.062459773638414831 0.153781665409124690 33962.000000000000000000
0.062438630012674613 0.154729404428059825 34036.000000000000000000
0.062417831813819026 0.155699449435063336 34127.000000000000000000
0.062397143718393583 0.156666758000424122 34208.000000000000000000
0.062376382575401998 0.157641340275647884 34283.000000000000000000
0.062355731001886676 0.158613131836634669 34362.000000000000000000
0.062335007073236137 0.159592204880115718 34465.000000000000000000
0.062382266075487698 0.157319049178555492 34583.000000000000000000
0.062361224849800889 0.158311203701367947 34668.000000000000000000
0.062340092436829142 0.159290882672915302 34744.000000000000000000
0.062319087586638039 0.160287616232950986 34823.000000000000000000
0.062298145050303379 0.161271832912542767 34897.000000000000000000
0.062277207113501432 0.162272372571222012 34971.000000000000000000
0.062256339833513072 0.163261086719523413 35052.000000000000000000
0.062235584092437950 0.164274573806239693 35128.000000000000000000
0.062215115796824580 0.165267758678863230 35207.000000000000000000
0.062194466987780743 0.166257476246456232 35290.000000000000000000
0.062174036478276261 0.167255030864497362 35364.000000000000000000
0.062153424915026317 0.168249068610516306 35444.000000000000000000
0.062133032352772649 0.169250953317771652 35525.000000000000000000
0.062112458194461713 0.170249272698857562 35600.000000000000000000
0.062092103740643938 0.171255448469805921 35678.000000000000000000
0.062071567146563644 0.172258011596281152 35759.000000000000000000
0.062051250962391231 0.173268439971433375 35834.000000000000000000
0.062030752091962058 0.174275209543271165 35907.000000000000000000
0.062010474338650090 0.175289852567779958 36016.000000000000000000
0.064865226681723565 0.072559688073739567 36090.000000000000000000
0.064842742099950806 0.073377384616968341 36214.000000000000000000
0.064820273479880078 0.074200585824754778 36295.000000000000000000
0.064797820904892750 0.075029299777056829 36368.000000000000000000
0.064775384458741855 0.075863534997960516 36443.000000000000000000
0.064752964225550907 0.076703300433518196 36523.000000000000000000
0.064730560289812403 0.077548605430300829 36597.000000000000000000
0.064708172736386571 0.078399459714617162 36676.000000000000000000
0.064685801650499919 0.079255873372387597 36759.000000000000000000
0.064663447117743800 0.080117856829630449 36833.000000000000000000
0.064641109224072762 0.080985420833544375 36910.000000000000000000
0.064618788055803192 0.081858576434153174 36990.000000000000000000
0.064596483699611629 0.082737334966490730 37067.000000000000000000
0.064574196242532952 0.083621708033305209 37159.000000000000000000
0.064551925771958840 0.084511707488256108 37244.000000000000000000
0.064529672375635880 0.085407345419581560 37318.000000000000000000
0.064507436141663863 0.086308634134219478 37421.000000000000000000
0.067549435102280578 0.029425775382617318 37502.000000000000000000
0.067525903564515308 0.029775850245450885 37576.000000000000000000
0.067502380238327053 0.030130112761908807 37656.000000000000000000
0.067478865175883140 0.030488560114902662 37787.000000000000000000
0.067455358429756640 0.030851190366001442 37861.000000000000000000
0.067431860052928630 0.031218002443450438 37935.000000000000000000
0.067408370098790110 0.031588996129714476 38016.000000000000000000
0.067384888621144348 0.031964172048619698 38095.000000000000000000
0.067361415674208877 0.032343531652165282 38169.000000000000000000
0.067337951312617703 0.032727077207064886 38255.000000000000000000
0.067314495591423440 0.033114811781080208 38335.000000000000000000
0.067291048566099396 0.033506739229192666 38409.000000000000000000
0.067267610292541816 0.033902864179666634 38490.000000000000000000
0.067244180827071759 0.034303192020043116 38566.000000000000000000
0.067220760226437581 0.034707728883105284 38664.000000000000000000
0.068961734512321876 0.019675139792234547 38746.000000000000000000
0.068937928242349053 0.019884221445236133 38817.000000000000000000
0.068914127648144335 0.020096619385469833 38891.000000000000000000
0.068890332767211918 0.020312331518864017 38976.000000000000000000
0.068866543637386146 0.020531356194132211 39050.000000000000000000
0.068842760296834074 0.020753692216168716 39125.000000000000000000
0.068818982784057764 0.020979338858066417 39212.000000000000000000
0.068795211137896620 0.021208295871827463 39309.000000000000000000
0.068771445397529635 0.021440563497831692 39406.000000000000000000
0.068747685602478056 0.021676142473132074 39486.000000000000000000
0.068723931792607607 0.021915034038642121 39562.000000000000000000
0.068700184008130827 0.022157239945280488 39638.000000000000000000
0.068676442289609535 0.022402762459136295 39738.000000000000000000
0.069564369801118436 0.017265028516423121 39810.000000000000000000
0.069540493903453932 0.017443124804347239 39880.000000000000000000
0.069516622849401341 0.017624035978509096 39956.000000000000000000
0.069492756672067543 0.017807764706615506 40029.000000000000000000
0.069468895404862771 0.017994313984430719 40104.000000000000000000
0.069445039081502735 0.018183687146549152 40192.000000000000000000
0.069421187736011067 0.018375887876282016 40266.000000000000000000
0.069397341402721732 0.018570920214693150 40340.000000000000000000
0.069373500116281420 0.018768788568821308 40421.000000000000000000
0.069349663911651691 0.018969497719127648 40496.000000000000000000
0.069325832824111699 0.019173052826204122 40570.000000000000000000
0.069302006889260470 0.019379459436780894 40677.000000000000000000
0.070366225436365351 0.014415538253850901 40752.000000000000000000
0.070342270290878986 0.014560543458831888 40825.000000000000000000
0.070318319059470641 0.014707819611553766 40952.000000000000000000
0.070294371769939426 0.014857372513387446 41028.000000000000000000
0.070270428450350336 0.015009208211935214 41101.000000000000000000
0.070246489129036263 0.015163333008842492 41187.000000000000000000
0.070222553834600299 0.015319753467094202 41267.000000000000000000
0.070198622595917970 0.015478476417813409 41340.000000000000000000
0.070174695442139556 0.015639508966582432 41418.000000000000000000
0.070150772402692393 0.015802858499302679 41490.000000000000000000
0.070126853507283080 0.015968532687614750 41561.000000000000000000
0.070102938785899960 0.016136539493896578 41640.000000000000000000
0.070079028268815263 0.016306887175858802 41715.000000000000000000
0.070055121986587712 0.016479584290757084 41790.000000000000000000
0.070031219970064701 0.016654639699239280 41871.000000000000000000
0.070007322250384668 0.016832062568846517 41944.000000000000000000
0.069983428858979804 0.017011862377185952 42017.000000000000000000
0.069959539827578091 0.017194048914793959 42099.000000000000000000
0.069935655188205895 0.017378632287705923 42177.000000000000000000
0.069911774973190677 0.017565622919750192 42252.000000000000000000
0.069887899215163016 0.017755031554582711 42333.000000000000000000
0.069864027947059412 0.017946869257478432 42407.000000000000000000
0.069840161202124801 0.018141147416893478 42529.000000000000000000
0.069816299013914937 0.018337877745815880 42655.000000000000000000
0.071376560802011935 0.011713665229246550 42774.000000000000000000
0.071352531148657375 0.011832710670026980 42847.000000000000000000
0.071328504492686004 0.011953482431522999 42927.000000000000000000
0.071304480856694580 0.012075988686206423 43031.000000000000000000
0.071280460263505152 0.012200237815751469 43109.000000000000000000
0.071256442736167505 0.012326238414665158 43189.000000000000000000
0.071232428297960768 0.012453999293710456 43260.000000000000000000
0.071208416972395883 0.012583529483130127 43331.000000000000000000
0.071184408783217426 0.012714838235681510 43408.000000000000000000
0.071160403754405938 0.012847935029489237 43484.000000000000000000
0.071136401910180058 0.012982829570725782 43559.000000000000000000
0.071112403274998404 0.013119531796128630 43643.000000000000000000
0.071088407873562090 0.013258051875360844 43721.000000000000000000
0.071064415730816899 0.013398400213224788 43795.000000000000000000
0.071040426871955192 0.013540587451736913 43875.000000000000000000
0.071016441322418522 0.013684624472070084 43954.000000000000000000
0.070992459107899628 0.013830522396373422 44038.000000000000000000
0.070968480254344893 0.013978292589474880 44192.000000000000000000
0.070944504787956414 0.014127946660474547 44272.000000000000000000
0.070920532735194525 0.014279496464236763 44345.000000000000000000
0.070896564122780156 0.014432954102785398 44427.000000000000000000
0.070872598977696835 0.014588331926611603 44500.000000000000000000
0.070848637327193487 0.014745642535897285 44575.000000000000000000
0.070824679198786614 0.014904898781662927 44653.000000000000000000
0.070800724620262726 0.015066113766843780 44724.000000000000000000
0.070776773619680697 0.015229300847300490 44795.000000000000000000
0.070752826225374446 0.015394473632769681 44870.000000000000000000
0.070728882465955170 0.015561645987759000 44942.000000000000000000
0.070704942370313870 0.015730832032391034 45016.000000000000000000
0.070681005967623972 0.015902046143202411 45098.000000000000000000
0.070657073287343844 0.016075302953899695 45176.000000000000000000
0.070633144359219219 0.016250617356078679 45254.000000000000000000
0.070609219213285820 0.016428004499909159 45339.000000000000000000
0.070585297879872097 0.016607479794789801 45414.000000000000000000
0.070561380389601677 0.016789058909976302 45488.000000000000000000
0.070537466773395924 0.016972757775185730 45572.000000000000000000
0.070513557062476820 0.017158592581180628 45699.000000000000000000
0.070489651288369565 0.017346579780335821 45781.000000000000000000
0.070465749482905113 0.017536736087189291 45857.000000000000000000
0.070441851678223061 0.017729078478981808 45931.000000000000000000
0.070417957906774395 0.017923624196186174 46018.000000000000000000
0.070394068201324086 0.018120390743027889 46124.000000000000000000
0.072410673301382761 0.009818623370549262 46203.000000000000000000
0.072386588411584254 0.009922130891163023 46287.000000000000000000
0.072362505834413865 0.010026991471398778 46361.000000000000000000
0.072338425588656913 0.010133214749699344 46454.000000000000000000
0.074223374456389157 0.005622477788860882 46538.000000000000000000
0.074199187922442650 0.005675940952639976 46612.000000000000000000
0.074175002724998551 0.005730251271720297 46691.000000000000000000
0.074150818874602162 0.005785413746495166 46774.000000000000000000
0.074126636381913816 0.005841433470366508 46849.000000000000000000
0.074102455257709782 0.005898315632332018 46921.000000000000000000
0.074078275512883540 0.005956065519492342 47005.000000000000000000
0.074054097158446908 0.006014688519480168 47078.000000000000000000
0.074029920205531202 0.006074190122812642 47159.000000000000000000
0.074005744665388798 0.006134575925169174 47283.000000000000000000
0.073981570549393860 0.006195851629596632 47354.000000000000000000
0.073957397869043942 0.006258023048643988 47426.000000000000000000
0.073933226635961177 0.006321096106428826 47503.000000000000000000
0.073909056861893432 0.006385076840637806 47597.000000000000000000
0.075122245886282177 0.004325729338078559 47676.000000000000000000
0.075098029388736345 0.004366000375269938 47760.000000000000000000
0.075073813899723910 0.004406932154893134 47835.000000000000000000
0.075049599427266106 0.004448528728757833 47909.000000000000000000
0.075025385979473544 0.004490794218108331 47990.000000000000000000
0.075001173564547469 0.004533732815837463 48067.000000000000000000
0.074976962190780538 0.004577348788642790 48146.000000000000000000
0.074952751866557601 0.004621646479125474 48233.000000000000000000
0.074928542600357056 0.004666630307833204 48306.000000000000000000
0.074904334400751449 0.004712304775247274 48380.000000000000000000
0.074880127276408706 0.004758674463715533 48461.000000000000000000
0.074855921236093012 0.004805744039331732 48536.000000000000000000
0.074831716288665806 0.004853518253763257 48612.000000000000000000
0.074807512443087004 0.004902001946027999 48697.000000000000000000
0.074783309708415652 0.004951200044222083 48772.000000000000000000
0.074759108093811394 0.005001117567199935 48896.000000000000000000
0.074734907608535212 0.005051759626208402 48981.000000000000000000
0.074710708261950559 0.005103131426476267 49058.000000000000000000
0.074686510063524669 0.005155238268761213 49133.000000000000000000
0.074662313022829219 0.005208085550855600 49219.000000000000000000
0.074638117149541897 0.005261678769053200 49294.000000000000000000
0.074613922453447071 0.005316023519578148 49367.000000000000000000
0.074589728944437328 0.005371125499978401 49451.000000000000000000
0.074565536632514390 0.005426990510485073 49526.000000000000000000
0.074541345527790112 0.005483624455339788 49603.000000000000000000
0.074517155640488081 0.005541033344091408 49686.000000000000000000
0.074492966980944417 0.005599223292864120 49758.000000000000000000
0.074468779559609094 0.005658200525598812 49826.000000000000000000
0.074444593387047162 0.005717971375268961 49904.000000000000000000
0.074420408473939950 0.005778542285073266 49977.000000000000000000
0.074396224831086336 0.005839919809606138 50052.000000000000000000
0.074372042469403821 0.005902110616008166 50136.000000000000000000
0.074347861399930076 0.005965121485097868 50216.000000000000000000
0.074323681633823885 0.006028959312486490 50316.000000000000000000
0.075695017972383968 0.003870547615750513 50447.000000000000000000
0.075670791986327285 0.003910053996992877 50521.000000000000000000
0.075646566856193614 0.003950128608975750 50596.000000000000000000
0.075622342589260746 0.003990775869942127 50683.000000000000000000
0.075598119192888849 0.004032000276076775 50758.000000000000000000
0.075573896674521288 0.004073806402639693 50832.000000000000000000
0.075549675041685416 0.004116198905076537 50918.000000000000000000
0.075525454301993672 0.004159182520107209 50992.000000000000000000
0.075501234463144370 0.004202762066794406 51086.000000000000000000
0.076696477523984175 0.002824696999775607 51173.000000000000000000
0.076672229138148043 0.002852854850006081 51248.000000000000000000
0.076647981369593249 0.002881437904078631 51321.000000000000000000
0.076623734223560766 0.002910449431134430 51405.000000000000000000
0.076599487705352118 0.002939892756827046 51481.000000000000000000
0.076575241820330334 0.002969771264350120 51560.000000000000000000
0.076550996573920366 0.003000088395444952 51651.000000000000000000
0.076526751971609921 0.003030847651388366 51727.000000000000000000
0.076502508018950047 0.003062052593961755 51818.000000000000000000
0.078815373294672406 0.001394063859506811 51897.000000000000000000
0.078791095747338821 0.001406543011188105 52010.000000000000000000
0.078766818498769375 0.001419243738800316 52109.000000000000000000
0.079342451163172567 0.001134982055755416 52185.000000000000000000
0.079318168699163222 0.001144672817551884 52259.000000000000000000
0.079293886478255526 0.001154546818422708 52341.000000000000000000
0.079269604502410995 0.001164605397316528 52416.000000000000000000
0.079245322773615720 0.001174849909039911 52490.000000000000000000
0.079221041293880495 0.001185281725002493 52572.000000000000000000
0.079196760065241095 0.001195902233956718 52649.000000000000000000
0.079172479089758496 0.001206712842731143 52725.000000000000000000
0.079148198369519404 0.001217714976957031 52808.000000000000000000
0.079123917906636282 0.001228910081787544 52882.000000000000000000
0.079099637703247724 0.001240299622609305 52959.000000000000000000
0.079075357761518791 0.001251885085745686 53045.000000000000000000
0.079051078083641244 0.001263667979151758 53124.000000000000000000
0.079026798671833876 0.001275649833100442 53201.000000000000000000
0.079002519528342766 0.001287832200859864 53284.000000000000000000
0.078978240655441720 0.001300216659361525 53361.000000000000000000
0.078953962055432411 0.001312804809859377 53438.000000000000000000
0.078929683730644781 0.001325598278579691 53558.000000000000000000
0.079627934630333991 0.001014265695133029 53665.000000000000000000
0.079603650882426977 0.001023946276527861 53739.000000000000000000
0.079579367349198252 0.001033789623539892 53822.000000000000000000
0.079555084032477644 0.001043797046876755 53897.000000000000000000
0.079530800934117699 0.001053969877478046 53984.000000000000000000
0.079506518055994194 0.001064309467047324 54066.000000000000000000
0.079482235400006068 0.001074817188577016 54145.000000000000000000
0.079457952968076007 0.001085494436866439 54227.000000000000000000
0.079433670762150438 0.001096342629032741 54312.000000000000000000
0.079409388784199939 0.001107363205015031 54412.000000000000000000
0.080491790431237401 0.000724927740624066 54490.000000000000000000
0.080467501881491044 0.000732048827915851 54576.000000000000000000
0.080443213484575032 0.000739288020914294 54661.000000000000000000
0.080418925241813211 0.000746646317148342 54737.000000000000000000
0.080394637154546367 0.000754124730035322 54817.000000000000000000
0.080370349224132193 0.000761724289253833 54891.000000000000000000
0.080346061451945519 0.000769446041112138 54967.000000000000000000
0.080321773839378593 0.000777291048911988 55048.000000000000000000
0.080297486387841371 0.000785260393308022 55181.000000000000000000
0.080273199098761419 0.000793355172662905 55272.000000000000000000
0.080248911973584386 0.000801576503398150 55343.000000000000000000
0.080224625013774267 0.000809925520341051 55428.000000000000000000
0.080200338220813266 0.000818403377067530 55508.000000000000000000
0.080176051596202239 0.000827011246241377 55603.000000000000000000
0.081674072679823490 0.000448218939925030 55678.000000000000000000
0.081649779568546452 0.000452689973504277 55762.000000000000000000
0.081625486552112686 0.000457235935711481 55835.000000000000000000
0.081601193631347282 0.000461857477100131 55912.000000000000000000
0.081576900807085920 0.000466555258763364 55997.000000000000000000
0.081552608080175365 0.000471329952578035 56102.000000000000000000
0.081528315451473335 0.000476182241445927 56182.000000000000000000
0.081504022921848537 0.000481112819532283 56269.000000000000000000
0.081479730492181143 0.000486122392501522 56344.000000000000000000
0.081455438163362606 0.000491211677750462 56411.000000000000000000
0.081431145936295954 0.000496381404638899 56493.000000000000000000
0.081406853811895899 0.000501632314717832 56570.000000000000000000
0.081382561791088909 0.000506965161955293 56646.000000000000000000
0.081358269874813538 0.000512380712959982 56764.000000000000000000
0.081333978064020152 0.000517879747202758 56846.000000000000000000
0.081309686359671673 0.000523463057236209 56920.000000000000000000
0.081285394762743185 0.000529131448912267 57005.000000000000000000
0.081261103274222354 0.000534885741598204 57080.000000000000000000
0.081236811895109604 0.000540726768390917 57156.000000000000000000
0.081212520626418039 0.000546655376329856 57270.000000000000000000
0.081188229469173853 0.000552672426608608 57352.000000000000000000
0.081163938424416285 0.000558778794785267 57431.000000000000000000
0.081139647493197992 0.000564975370991862 57514.000000000000000000
0.081115356676585051 0.000571263060142834 57589.000000000000000000
0.081091065975656948 0.000577642782142804 57663.000000000000000000
0.081066775391507251 0.000584115472093778 57745.000000000000000000
0.081042484925243255 0.000590682080501881 57816.000000000000000000
0.081018194577986508 0.000597343573483786 57886.000000000000000000
0.080993904350872670 0.000604100932973056 57968.000000000000000000
0.080969614245052043 0.000610955156926415 58055.000000000000000000
0.080945324261689461 0.000617907259530181 58212.000000000000000000
0.080921034401964492 0.000624958271406993 58282.000000000000000000
0.080896744667071890 0.000632109239822941 58405.000000000000000000
0.080872455058221382 0.000639361228895278 58490.000000000000000000
0.080848165576638181 0.000646715319800797 58565.000000000000000000
0.080823876223562949 0.000654172610985051 58641.000000000000000000
0.080799587000252165 0.000661734218372557 58724.000000000000000000
0.080775297907978147 0.000669401275578061 58800.000000000000000000
0.080751008948029349 0.000677174934119038 58877.000000000000000000
0.080726720121710629 0.000685056363629560 58959.000000000000000000
0.080702431430343238 0.000693046752075588 59040.000000000000000000
0.080678142875265160 0.000701147305971908 59113.000000000000000000
0.080653854457831409 0.000709359250600745 59198.000000000000000000
0.080629566179413970 0.000717683830232197 59275.000000000000000000
0.080605278041402384 0.000726122308346674 59350.000000000000000000
0.080580990045203485 0.000734675967859307 59433.000000000000000000
0.080556702192242119 0.000743346111346588 59508.000000000000000000
0.080532414483960937 0.000752134061275253 59605.000000000000000000
0.081299823860570788 0.000544804272912534 59691.000000000000000000
0.081275532758164029 0.000551162743682252 59767.000000000000000000
0.081251241764637674 0.000557609888123432 59841.000000000000000000
0.081226950881070056 0.000564146689569396 59997.000000000000000000
0.081202660108553371 0.000570774146832312 60067.000000000000000000
0.081178369448193788 0.000577493274386989 60140.000000000000000000
0.081154078901111412 0.000584305102556305 60219.000000000000000000
0.081129788468440794 0.000591210677698191 60293.000000000000000000
0.081105498151330890 0.000598211062394463 60364.000000000000000000
0.081081207950945283 0.000605307335641483 60465.000000000000000000
0.081711697304740816 0.000466690803748777 60541.000000000000000000
0.081687404882472309 0.000472193143777419 60614.000000000000000000
0.081663112553191808 0.000477772059607606 60700.000000000000000000
0.081638820317828265 0.000483428415339837 60775.000000000000000000
0.081614528177322329 0.000489163088633377 60850.000000000000000000
0.081590236132627031 0.000494976970867063 60954.000000000000000000
0.083476936189008075 0.000227074713288817 61030.000000000000000000
0.083452639764585959 0.000229709468236226 61104.000000000000000000
0.083428343386785217 0.000232382827565341 61187.000000000000000000
0.083404047056054115 0.000235095208684962 61263.000000000000000000
0.083379750772847122 0.000237847035993572 61338.000000000000000000
0.083355454537624524 0.000240638740968965 61420.000000000000000000
0.083331158350852821 0.000243470762258256 61541.000000000000000000
0.083306862213004665 0.000246343545768293 61617.000000000000000000
0.083282566124559032 0.000249257544756548 61709.000000000000000000
0.083258270086001090 0.000252213219922565 61793.000000000000000000
0.083233974097822488 0.000255211039499994 61866.000000000000000000
0.083209678160521480 0.000258251479349285 61947.000000000000000000
0.083185382274602787 0.000261335023051102 62019.000000000000000000
0.083161086440577708 0.000264462162000490 62119.000000000000000000
0.084803498998307303 0.000126064381070166 62215.000000000000000000
0.084779200903731644 0.000127476571201508 62290.000000000000000000
0.084754902835956658 0.000128910944150420 62363.000000000000000000
0.084730604795226760 0.000130367723044010 62477.000000000000000000
0.084706306781790017 0.000131847134955925 62568.000000000000000000
0.084682008795897698 0.000133349410967931 62643.000000000000000000
0.084657710837804545 0.000134874786231170 62722.000000000000000000
0.084633412907768824 0.000136423500027170 62793.000000000000000000
0.084609115006052435 0.000137995795828611 62864.000000000000000000
0.084584817132920709 0.000139591921359947 62942.000000000000000000
0.084560519288642721 0.000141212128657881 63015.000000000000000000
0.084536221473491158 0.000142856674131778 63148.000000000000000000
0.084511923687742449 0.000144525818624042 63228.000000000000000000
0.084487625931676774 0.000146219827470519 63303.000000000000000000
0.084463328205578087 0.000147938970560946 63386.000000000000000000
0.084439030509734295 0.000149683522399534 63462.000000000000000000
0.084414732844437179 0.000151453762165680 63536.000000000000000000
0.084390435209982323 0.000153249973774894 63618.000000000000000000
0.084366137606669556 0.000155072445939980 63696.000000000000000000
0.084341840034802648 0.000156921472232473 63771.000000000000000000
0.084317542494689396 0.000158797351144436 63856.000000000000000000
0.084293244986641855 0.000160700386150615 63930.000000000000000000
0.084268947510976258 0.000162630885771007 64030.000000000000000000
0.085342722790205827 0.000098189130146380 64121.000000000000000000
0.085318424280493979 0.000099316240181263 64221.000000000000000000
0.086084129760924763 0.000068468482474422 64299.000000000000000000
0.086059830769983484 0.000069225993527912 64382.000000000000000000
0.086035531793980241 0.000069995968810798 64457.000000000000000000
0.086011232833047929 0.000070778530519636 64532.000000000000000000
0.085986933887321246 0.000071573803056073 64629.000000000000000000
0.085962634956936901 0.000072381913066682 64741.000000000000000000
0.085938336042033533 0.000073202989482470 64819.000000000000000000
0.085914037142751823 0.000074037163558078 64903.000000000000000000
0.085889738259234280 0.000074884568910680 64983.000000000000000000
0.085865439391625539 0.000075745341558654 65053.000000000000000000
0.085841140540072261 0.000076619619960003 65156.000000000000000000
0.086290007710746880 0.000061505206411803 65234.000000000000000000
0.086265708635074892 0.000062207436579785 65311.000000000000000000
0.086241409572723304 0.000062920875167672 65394.000000000000000000
0.086217110523814075 0.000063645637516537 65470.000000000000000000
0.086192811488471049 0.000064381841047106 65545.000000000000000000
0.086168512466819794 0.000065129605292844 65622.000000000000000000
0.086144213458987609 0.000065889051932903 65698.000000000000000000
0.086119914465103684 0.000066660304824928 65773.000000000000000000
0.086095615485298968 0.000067443490037775 65855.000000000000000000
0.086071316519706259 0.000068238735884150 65930.000000000000000000
0.086047017568460255 0.000069046172953204 66004.000000000000000000
0.086022718631697484 0.000069865934143097 66089.000000000000000000
0.085998419709556503 0.000070698154693580 66168.000000000000000000
0.085974120802177659 0.000071542972218596 66280.000000000000000000
0.085949821909703392 0.000072400526738943 66361.000000000000000000
0.085925523032278045 0.000073270960715017 66434.000000000000000000
0.085901224170048016 0.000074154419079662 66504.000000000000000000
0.085876925323161740 0.000075051049271136 66582.000000000000000000
0.085852626491769710 0.000075961001266266 66655.000000000000000000
0.085828327676024482 0.000076884427613740 66727.000000000000000000
0.085804028876080754 0.000077821483467637 66808.000000000000000000
0.085779730092095371 0.000078772326621160 66882.000000000000000000
0.085755431324227388 0.000079737117540626 66956.000000000000000000
0.085731132572637966 0.000080716019399722 67039.000000000000000000
0.085706833837490573 0.000081709198114073 67116.000000000000000000
0.085682535118950853 0.000082716822376089 67191.000000000000000000
0.085658236417186825 0.000083739063690176 67274.000000000000000000
0.085633937732368756 0.000084776096408301 67349.000000000000000000
0.085609639064669285 0.000085828097765909 67423.000000000000000000
0.085585340414263439 0.000086895247918277 67500.000000000000000000
0.085561041781328590 0.000087977729977243 67596.000000000000000000
0.086495427888979612 0.000056860236714593 67675.000000000000000000
0.086471128778185080 0.000057560817600374 67764.000000000000000000
0.086446829679226039 0.000058271702734745 67905.000000000000000000
0.086422530592221242 0.000058993013917310 67985.000000000000000000
0.086398231517291313 0.000059724875006292 68085.000000000000000000
0.086373932454558364 0.000060467411944787 68168.000000000000000000
0.086349633404146267 0.000061220752787283 68253.000000000000000000
0.086325334366180617 0.000061985027726459 68328.000000000000000000
0.086301035340788798 0.000062760369120293 68399.000000000000000000
0.086276736328099873 0.000063546911519477 68482.000000000000000000
0.086252437328244780 0.000064344791695158 68558.000000000000000000
0.086228138341356203 0.000065154148667026 68633.000000000000000000
0.086203839367568660 0.000065975123731761 68721.000000000000000000
0.086179540407018640 0.000066807860491845 68796.000000000000000000
0.086155241459844267 0.000067652504884763 68870.000000000000000000
0.086130942526185916 0.000068509205212599 68954.000000000000000000
0.086106643606185640 0.000069378112172049 69036.000000000000000000
0.086082344699987490 0.000070259378884846 69115.000000000000000000
0.086058045807737571 0.000071153160928638 69200.000000000000000000
0.086033746929583960 0.000072059616368299 69278.000000000000000000
0.086009448065676800 0.000072978905787715 69351.000000000000000000
0.085985149216168261 0.000073911192322037 69483.000000000000000000
0.085960850381212595 0.000074856641690423 69561.000000000000000000
0.085936551560966218 0.000075815422229275 69636.000000000000000000
0.085912252755587643 0.000076787704925988 69726.000000000000000000
0.085887953965237615 0.000077773663453221 69799.000000000000000000
0.085863655190079033 0.000078773474203703 69874.000000000000000000
0.085839356430277097 0.000079787316325580 69953.000000000000000000
0.085815057685999160 0.000080815371758316 70029.000000000000000000
0.085790758957414961 0.000081857825269170 70106.000000000000000000
0.085766460244696571 0.000082914864490248 70212.000000000000000000
0.085742161548018322 0.000083986679956143 70288.000000000000000000
0.085717862867557032 0.000085073465142173 70363.000000000000000000
0.085693564203491918 0.000086175416503246 70466.000000000000000000
0.087050604755525188 0.000045689969657307 70551.000000000000000000
0.087026305472679560 0.000046272919041680 70623.000000000000000000
0.087002006199090154 0.000046864213183427 70702.000000000000000000
0.086977706934855056 0.000047463957633820 70794.000000000000000000
0.088541979556339204 0.000022142278845210 70868.000000000000000000
0.088517679894671367 0.000022412989510565 70961.000000000000000000
0.088493380237751718 0.000022687851772319 71072.000000000000000000
0.088469080585626469 0.000022966912858611 71150.000000000000000000
0.088444780938342252 0.000023250220847749 71238.000000000000000000
0.088420481295946637 0.000023537824679692 71314.000000000000000000
0.088396181658487727 0.000023829774167609 71400.000000000000000000
0.088371882026014412 0.000024126120009485 71485.000000000000000000
0.088347582398576194 0.000024426913799811 71561.000000000000000000
0.088323282776223297 0.000024732208041351 71648.000000000000000000
0.088298983159006805 0.000025042056156999 71734.000000000000000000
0.088274683546978344 0.000025356512501742 71808.000000000000000000
0.088250383940190413 0.000025675632374720 71949.000000000000000000
0.088226084338696178 0.000025999472031413 72055.000000000000000000
0.089756046639408157 0.000011948186060206 72131.000000000000000000
0.089731746813374300 0.000012086285362850 72215.000000000000000000
0.089707446990011208 0.000012226707434525 72288.000000000000000000
0.089683147169342850 0.000012369475712238 72355.000000000000000000
0.089658847351393609 0.000012514614083159 72439.000000000000000000
0.089634547536188325 0.000012662146892846 72516.000000000000000000
0.089610247723752104 0.000012812098953391 72635.000000000000000000
0.089585947914110495 0.000012964495551497 72713.000000000000000000
0.089561648107289449 0.000013119362456496 72787.000000000000000000
0.089537348303315167 0.000013276725928303 72859.000000000000000000
0.089513048502214462 0.000013436612725332 72938.000000000000000000
0.089488748704014284 0.000013599050112363 73015.000000000000000000
0.089464448908742333 0.000013764065868383 73092.000000000000000000
0.089440149116426351 0.000013931688294394 73178.000000000000000000
0.089415849327094704 0.000014101946221205 73254.000000000000000000
0.089391549540776188 0.000014274869017215 73330.000000000000000000
0.089367249757499864 0.000014450486596188 73414.000000000000000000
0.089342949977295402 0.000014628829425036 73492.000000000000000000
0.089318650200192792 0.000014809928531604 73568.000000000000000000
0.089294350426222538 0.000014993815512480 73652.000000000000000000
0.089270050655415559 0.000015180522540829 73726.000000000000000000
0.089245750887803163 0.000015370082374246 73800.000000000000000000
0.089221451123417242 0.000015562528362661 73884.000000000000000000
0.089197151362290020 0.000015757894456283 73961.000000000000000000
0.089172851604454290 0.000015956215213587 74042.000000000000000000
0.089148551849943317 0.000016157525809366 74159.000000000000000000
0.089124252098790768 0.000016361862042845 74255.000000000000000000
0.089099952351030909 0.000016569260345860 74329.000000000000000000
0.089075652606698322 0.000016779757791111 74413.000000000000000000
0.089051352865828326 0.000016993392100503 74488.000000000000000000
0.089027053128456574 0.000017210201653560 74566.000000000000000000
0.089002753394619299 0.000017430225495947 74648.000000000000000000
0.088978453664353252 0.000017653503348072 74723.000000000000000000
0.088954153937695679 0.000017880075613803 74796.000000000000000000
0.088929854214684467 0.000018109983389287 74874.000000000000000000
0.088905554495357836 0.000018343268471882 74986.000000000000000000
0.088881254779754754 0.000018579973369207 75057.000000000000000000
0.088856955067914717 0.000018820141308314 75142.000000000000000000
0.088832655359877666 0.000019063816244985 75214.000000000000000000
0.088808355655684276 0.000019311042873170 75292.000000000000000000
0.088784055955375585 0.000019561866634546 75373.000000000000000000
0.088759756258993447 0.000019816333728235 75449.000000000000000000
0.088735456566580245 0.000020074491120649 75524.000000000000000000
0.088711156878178821 0.000020336386555501 75605.000000000000000000
0.088686857193832860 0.000020602068563960 75740.000000000000000000
0.089411299706310690 0.000014181915331070 75831.000000000000000000
0.089386999924460572 0.000014363347412510 75906.000000000000000000
0.089362700145559665 0.000014547479348945 75980.000000000000000000
0.089338400369638762 0.000014734344546421 76062.000000000000000000
0.089314100596729035 0.000014923976989762 76141.000000000000000000
0.089289800826862151 0.000015116411250053 76215.000000000000000000
0.089265501060070238 0.000015311682492219 76295.000000000000000000
0.089241201296385797 0.000015509826482704 76367.000000000000000000
0.089216901535841900 0.000015710879597256 76441.000000000000000000
0.089192601778472047 0.000015914878828809 76518.000000000000000000
0.089168302024310281 0.000016121861795495 76591.000000000000000000
0.089144002273390990 0.000016331866748755 76667.000000000000000000
0.089119702525749203 0.000016544932581575 76749.000000000000000000
0.089095402781420377 0.000016761098836853 76825.000000000000000000
0.089071103040440469 0.000016980405715884 76900.000000000000000000
0.089046803302846061 0.000017202894086977 76981.000000000000000000
0.089022503568674041 0.000017428605494213 77056.000000000000000000
0.088998203837962059 0.000017657582166336 77133.000000000000000000
0.088973904110748167 0.000017889867025791 77217.000000000000000000
0.088949604387070932 0.000018125503697897 77339.000000000000000000
0.088925304666969601 0.000018364536520186 77417.000000000000000000
0.088901004950483850 0.000018607010551879 77497.000000000000000000
0.088876705237653994 0.000018852971583525 77575.000000000000000000
0.088852405528520917 0.000019102466146802 77652.000000000000000000
0.088828105823126044 0.000019355541524474 77735.000000000000000000
0.088803806121511439 0.000019612245760522 77811.000000000000000000
0.088779506423719692 0.000019872627670434 77888.000000000000000000
0.088755206729794089 0.000020136736851684 77970.000000000000000000
0.088730907039778456 0.000020404623694369 78046.000000000000000000
0.088706607353717271 0.000020676339392040 78125.000000000000000000
0.088682307671655650 0.000020951935952708 78207.000000000000000000
0.088658007993639334 0.000021231466210043 78290.000000000000000000
0.088633708319714746 0.000021514983834753 78366.000000000000000000
0.088609408649928875 0.000021802543346166 78449.000000000000000000
0.088585108984329503 0.000022094200124003 78525.000000000000000000
0.088560809322964965 0.000022390010420353 78600.000000000000000000
0.088536509665884361 0.000022690031371850 78684.000000000000000000
0.088512210013137499 0.000022994321012056 78756.000000000000000000
0.088487910364774824 0.000023302938284057 78827.000000000000000000
0.088463610720847560 0.000023615943053270 78953.000000000000000000
0.088439311081407568 0.000023933396120469 79036.000000000000000000
0.088415011446507569 0.000024255359235029 79108.000000000000000000
0.088390711816200895 0.000024581895108397 79191.000000000000000000
0.088366412190541727 0.000024913067427789 79267.000000000000000000
0.088342112569585032 0.000025248940870120 79346.000000000000000000
0.088317812953386421 0.000025589581116167 79450.000000000000000000
0.089605977229173087 0.000013499949740206 79526.000000000000000000
0.089581677435289261 0.000013678646842286 79604.000000000000000000
0.089557377644087957 0.000013859927062824 79689.000000000000000000
0.089533077855599275 0.000014043824880247 79766.000000000000000000
0.089508778069853606 0.000014230375335596 79863.000000000000000000
0.090313721066937039 0.000009438917343587 79945.000000000000000000