0.1795157169618922 5.0629607029616537 2.0000000000000000
0.1455364500920202 1.6890877068105994 10.0000000000000000
0.1287909224156961 1.4507577709447330 228.0000000000000000
0.1234062739354198 1.5784572436572564 232.0000000000000000
0.1139305992089935 2.7474101413224399 251.0000000000000000
0.1067870223792724 1.1151318309419214 262.0000000000000000
0.1021811629950616 0.4785181146871604 358.0000000000000000
0.0928756497237523 1.4954554981579353 359.0000000000000000
0.0852903118502875 1.3029002801791443 477.0000000000000000
0.0711767156958706 0.7195598742767575 616.0000000000000000
0.0684517278003530 0.6062233412083077 617.0000000000000000
0.0513580172933208 0.6592732772425636 626.0000000000000000
0.0391181181035001 0.4302081911125407 635.0000000000000000
0.0200754908809394 0.2183090558766980 766.0000000000000000
0.0083706117458741 0.5976191618462376 873.0000000000000000
0.0032059976238010 0.0558568559193428 1000.0000000000000000
0.0015393745769177 0.1528097885071131 1121.0000000000000000
0.0005872109388092 0.0480402822932666 1237.0000000000000000
0.0003191788468784 0.0241801889387499 1335.0000000000000000
0.0001287144527955 0.0090850509378424 1422.0000000000000000
0.0000617402353061 0.0028665581831904 1565.0000000000000000
0.0000293215608538 0.0014676519479641 1689.0000000000000000
0.0000143424740726 0.0005855675112805 1823.0000000000000000
0.0000070056302908 0.0003178903379432 1930.0000000000000000
0.0000034633002337 0.0001336791423130 2064.0000000000000000
0.0000017043482313 0.0000739623604845 2173.0000000000000000
0.0000008420487202 0.0000331376077218 2288.0000000000000000
0.0000004143912313 0.0000186208531821 2391.0000000000000000
0.0000002040037117 0.0000086659152601 2535.0000000000000000
0.0000001001901955 0.0000045715554682 2787.0000000000000000
0.0000000492614749 0.0000022721727092 3115.0000000000000000
0.0000000242299340 0.0000011440782077 3431.0000000000000000
0.0000000118824767 0.0000006327024369 3551.0000000000000000
0.0000000057941333 0.0000002833421765 3713.0000000000000000
0.0000000028336955 0.0000001450100866 3852.0000000000000000
0.0000000013993335 0.0000000757712626 3992.0000000000000000
0.0000000006824288 0.0000000386530071 4123.0000000000000000
0.0000000003326071 0.0000000202515699 4267.0000000000000000
0.0000000001613196 0.0000000099226584 4376.0000000000000000
0.0000000000810003 0.0000000050464977 4491.0000000000000000
0.0000000000400988 0.0000000026523303 4607.0000000000000000
0.0000000000199950 0.0000000012183310 4742.0000000000000000
0.0000000000099612 0.0000000006056591 4846.0000000000000000
0.0000000000049753 0.0000000002859961 4967.0000000000000000
0.0000000000024797 0.0000000001480707 5056.0000000000000000
0.0000000000012360 0.0000000000684871 5166.0000000000000000
0.0000000000006159 0.0000000000355954 5287.0000000000000000
0.0000000000003069 0.0000000000163432 5389.0000000000000000
0.0000000000001528 0.0000000000088688 5506.0000000000000000
0.0000000000000760 0.0000000000037889 5610.0000000000000000
