0.195962367083875599 2.357089531369448210 2.000000000000000000
0.156665331126264740 1.595622025208259354 5.000000000000000000
0.150211025767461426 0.828918973898928768 112.000000000000000000
0.142841515775150252 0.861645471787615191 281.000000000000000000
0.132423398530086195 1.150751311739148575 383.000000000000000000
0.126055403926423615 3.516224744997789919 387.000000000000000000
0.111978867575390384 1.797401229930650324 392.000000000000000000
0.098275465546178359 0.747808510088485479 579.000000000000000000
0.086603053088269696 1.221602308197488940 703.000000000000000000
0.083057999088865464 0.982412564967580004 803.000000000000000000
0.074214558954556697 0.794976567898290187 891.000000000000000000
0.063942797461566184 0.351357377015231176 979.000000000000000000
0.062319495939323517 0.087941462234293513 1091.000000000000000000
0.062295912155357236 0.087927758236551537 1195.000000000000000000
0.062272336308983052 0.087914195984791305 1304.000000000000000000
0.062248768439936229 0.087900776086951737 1410.000000000000000000
0.062225208588361912 0.087887499173046002 1592.000000000000000000
0.063842060513053425 0.043252492220124165 1695.000000000000000000
0.063817993263291684 0.043232902999483513 1822.000000000000000000
0.063793930546138911 0.043213605576137702 1925.000000000000000000
0.063769872379273937 0.043194599698392754 2083.000000000000000000
0.063745818780594932 0.043175885132871655 2184.000000000000000000
0.063721769768221373 0.043157461664660460 2297.000000000000000000
0.063697725360495575 0.043139329097456408 2424.000000000000000000
0.064477494337580682 0.032325556973126057 2541.000000000000000000
0.064453363460785812 0.032312014872025986 2643.000000000000000000
0.064429236212405386 0.032298752886688521 2760.000000000000000000
0.064405112606763334 0.032285771027686629 2864.000000000000000000
0.064380992658368053 0.032273069324052300 2978.000000000000000000
0.064356876381914063 0.032260647823448313 3081.000000000000000000
0.064332763792283504 0.032248506592342331 3243.000000000000000000
0.064308654904547805 0.032236645716179839 3346.000000000000000000
0.064284549733969201 0.032225065299561519 3475.000000000000000000
0.064260448296002318 0.032213765466419270 3621.000000000000000000
0.064236350606295997 0.032202746360195295 3740.000000000000000000
0.064212256680694663 0.032192008144020928 3843.000000000000000000
0.064188166535240176 0.032181551000898249 3957.000000000000000000
0.064164080186173603 0.032171375133880631 4062.000000000000000000
0.064139997649936692 0.032161480766258063 4177.000000000000000000
0.064115918943173783 0.032151868141740682 4279.000000000000000000
0.064091844082733454 0.032142537524644271 4396.000000000000000000
0.064067773085670382 0.032133489200078323 4500.000000000000000000
0.064043705969246953 0.032124723474134025 4615.000000000000000000
0.064019642750935246 0.032116240674073926 4716.000000000000000000
0.063995583448418866 0.032108041148522823 4831.000000000000000000
0.063971528079594608 0.032100125267661130 4930.000000000000000000
0.063947476662574471 0.032092493423416781 5069.000000000000000000
0.065306885136823131 0.016166940492795639 5286.000000000000000000
0.066782083988630489 0.008088532061628741 5391.000000000000000000
0.066757838976647693 0.008083217426041650 5503.000000000000000000