0.124861338269505226 0.090278229258153236 5.000000000000000000
0.124242578204023707 0.821895410352424638 9.000000000000000000
0.123842251074130660 1.062444331461834812 15.000000000000000000
0.122908991368903958 1.158720028946441660 19.000000000000000000
0.121621357994893958 1.045042752408787967 23.000000000000000000
0.120454183496280634 1.193522914670675172 28.000000000000000000
0.119445442495165144 1.180779493497327914 32.000000000000000000
0.118619909018219463 1.080684259231564859 37.000000000000000000
0.118001296525529320 0.930536410970206673 42.000000000000000000
0.117611610144636364 0.738630124102829910 47.000000000000000000
0.117467768850370899 0.516315985213498529 53.000000000000000000
0.117578934487009776 0.285621142282613816 58.000000000000000000
0.117421573991570674 0.211503890182034637 64.000000000000000000
0.115428456315456854 0.307023379136366792 70.000000000000000000
0.114207900088467457 0.365080128324221487 76.000000000000000000
0.113720509941714912 0.315374017523986527 82.000000000000000000
0.113561827516974398 0.304585254103865499 89.000000000000000000
0.113593429089674430 0.360995105923291759 96.000000000000000000
0.113759112837068910 0.472102580687280449 103.000000000000000000
0.113807061582048480 0.543121733469845602 110.000000000000000000
0.113169517084840479 0.316494220921657521 117.000000000000000000
0.113190056573828149 0.335000441028161011 125.000000000000000000
0.113124843410844556 0.275850239253050189 132.000000000000000000
0.112333091032596824 0.942123032218834200 140.000000000000000000
0.112600257039116233 1.247336956675714204 148.000000000000000000
0.113046092697267619 1.474289864830945040 157.000000000000000000
0.113495032859913039 1.645119902472209406 165.000000000000000000
0.113929185274604869 1.780490372235637775 174.000000000000000000
0.114357962741337277 1.892759480798970939 187.000000000000000000
0.114784013489905301 1.989234852358891192 197.000000000000000000
0.115211419370195967 2.072941513415415216 207.000000000000000000
0.115647858617844379 2.145740719636499261 221.000000000000000000
0.116097259967297362 2.209669090979234696 233.000000000000000000
0.116561514843483052 2.266006647275546459 245.000000000000000000
0.117032314738469367 2.315443708913258014 258.000000000000000000
0.117389751388186900 2.354750748289738294 270.000000000000000000
0.117727320505357405 2.373096302283899561 283.000000000000000000
0.118110027688967528 2.383040846229490750 297.000000000000000000
0.118522531965604000 2.391647235651599424 311.000000000000000000
0.118957256985275095 2.397347520937007204 326.000000000000000000
0.119410632608309586 2.399496206098306050 340.000000000000000000
0.119881149647496271 2.397921376625375967 355.000000000000000000
0.120368343124857585 2.392690963422412498 372.000000000000000000
0.120713043232842779 2.374348038062058741 388.000000000000000000
0.120927547375449418 2.321469361483750937 406.000000000000000000
0.121299277587264540 2.258979776920606586 427.000000000000000000
0.121758666430401508 2.212469951391643708 445.000000000000000000
0.121969935261055956 2.142720219467302734 463.000000000000000000
0.121805638956252765 1.982892934995410750 482.000000000000000000
0.122027854391742477 1.836073790883381518 500.000000000000000000
0.122445376969983061 1.738717094637192373 518.000000000000000000
0.121622770337059635 1.402006589441612050 536.000000000000000000
0.120583723209060481 1.003830889602933762 555.000000000000000000
0.120041796897595754 0.983835209938076050 574.000000000000000000
0.116242824915821191 1.238435167014245719 594.000000000000000000
0.113865060880311647 1.373511125058720417 614.000000000000000000
0.114953075836998722 2.243561136857922023 635.000000000000000000
0.116320607094443890 2.707648880403453528 664.000000000000000000
0.117450518996131292 2.984466598728515940 684.000000000000000000
0.118103666499627571 3.118959392934987029 706.000000000000000000
0.118504839015501517 3.154967403134555592 720.000000000000000000
0.118793220705456143 3.139163257086982739 733.000000000000000000
0.119043558016620948 3.095986884876835266 747.000000000000000000
0.119293857300968670 3.038033309331833021 760.000000000000000000
0.119562844836577475 2.971795588999802895 774.000000000000000000
0.119875741829593305 2.903263331110506940 787.000000000000000000
0.120462040394144348 2.873696777607858799 801.000000000000000000
0.121193151763004145 2.885425097514555670 815.000000000000000000
0.122008461724126147 2.917658318924985394 830.000000000000000000
0.122878307139682563 2.960036182851404352 844.000000000000000000
0.123787825275796431 3.007378106329543943 859.000000000000000000
0.124729440684578419 3.057080397746039679 873.000000000000000000
0.125699222727815502 3.107823157133211556 887.000000000000000000
0.126695077355060193 3.158925964617714577 901.000000000000000000
0.127715842716284056 3.210027853181522062 915.000000000000000000
0.128760828372324942 3.260926803542893548 930.000000000000000000
0.129829587109741018 3.311499842434301843 944.000000000000000000
0.130921794885933668 3.361664024022299913 959.000000000000000000
0.132037192077017224 3.411356270820116166 974.000000000000000000
0.133175552997824354 3.460523751948082705 989.000000000000000000
0.134336670588991514 3.509119031052985616 1004.000000000000000000
0.135520347934928787 3.557097900917519429 1020.000000000000000000
0.136726394722121725 3.604418024318773117 1039.000000000000000000
0.137954624351416366 3.651038652520277150 1056.000000000000000000
0.139204853195357192 3.696920327609406254 1072.000000000000000000
0.140476896988093791 3.742024927885368779 1088.000000000000000000
0.141585254757200019 3.785057005266110330 1105.000000000000000000
0.142408826619823625 3.800885730249808248 1121.000000000000000000
0.143400594822226446 3.781591583782607735 1138.000000000000000000
0.144484841604858416 3.782326849881272324 1155.000000000000000000
0.145623970471035258 3.793055538982350594 1172.000000000000000000
0.146743185374130114 3.808530218431106729 1189.000000000000000000
0.147649651707889712 3.816624851327545809 1207.000000000000000000
0.148645003541383186 3.796988805651859700 1224.000000000000000000
0.149761974429639594 3.788115739701021223 1247.000000000000000000
0.150947952495004867 3.793321680217684122 1265.000000000000000000
0.152000318784304506 3.806510402634215140 1283.000000000000000000
0.152912686072467136 3.797319422370377673 1302.000000000000000000
0.154011429270523664 3.770998005340556958 1320.000000000000000000
0.155210808416307772 3.767453514592590036 1340.000000000000000000
0.156468427251984177 3.775291521698509900 1362.000000000000000000
0.157609698001457188 3.786953767519157577 1382.000000000000000000
0.158650924565429036 3.779389144688498625 1402.000000000000000000
0.159844262646105795 3.760424440482111219 1423.000000000000000000
0.161121086574874312 3.759899681417161688 1443.000000000000000000
0.162447359171970285 3.768577831544986267 1465.000000000000000000
0.163668259420651829 3.779574795796770026 1487.000000000000000000
0.164819436460688640 3.773394362633256005 1508.000000000000000000
0.166098426950781364 3.759625565072241216 1529.000000000000000000
0.167448674117765761 3.761053615308955322 1550.000000000000000000
0.168842064202157027 3.770050868460304461 1571.000000000000000000
0.170152514109854935 3.780670904394689114 1593.000000000000000000
0.171409918917580895 3.777415652914601463 1615.000000000000000000
0.172773136369620606 3.768331404196698653 1637.000000000000000000
0.174196526890795456 3.771460532143896760 1658.000000000000000000
0.175657357553518273 3.780653203295794462 1681.000000000000000000
0.177047229716063570 3.790855552339800205 1707.000000000000000000
0.178401040319243309 3.789189239721230784 1729.000000000000000000
0.179843913379372833 3.783411262049316548 1751.000000000000000000
0.181338490958931814 3.787555881852670225 1774.000000000000000000
0.182866135743423530 3.796604941800216348 1796.000000000000000000
0.184337047485417738 3.806398861059952843 1819.000000000000000000
0.185782172957765390 3.806418597100000412 1842.000000000000000000
0.187302384691001300 3.803183699291281528 1866.000000000000000000
0.188867221079159708 3.807954984036848067 1890.000000000000000000
0.190461463794302233 3.816659239018467709 1914.000000000000000000
0.192007027244891715 3.825854032018972450 1939.000000000000000000
0.193535998798072678 3.826551671540298294 1970.000000000000000000
0.195129938425479765 3.824784154337320885 1995.000000000000000000
0.196763337922927106 3.829632238403060995 2020.000000000000000000
0.198423490864066826 3.837704752729248714 2045.000000000000000000
0.200039998303314454 3.846091941384376156 2071.000000000000000000
0.201646208247799996 3.846787086083416352 2099.000000000000000000
0.203310570822883396 3.845542254822193140 2131.000000000000000000
0.205010926448113334 3.849975243765479060 2156.000000000000000000
0.206736172575307825 3.857155052464960932 2182.000000000000000000
0.208416919164846809 3.864435284450211228 2210.000000000000000000
0.210092764819189148 3.864067976277815841 2237.000000000000000000
0.211823645443241337 3.862292089988143662 2265.000000000000000000
0.213588875195484307 3.865755883823606354 2293.000000000000000000
0.215378107421020315 3.871736930322680958 2322.000000000000000000
0.217114478533493693 3.877528200871089847 2350.000000000000000000
0.218850702586945167 3.874775401207561920 2380.000000000000000000
0.220643238395353047 3.871215566123927587 2409.000000000000000000
0.222470677119718352 3.873045855739729149 2438.000000000000000000
0.224310876178587415 3.877390765793268024 2467.000000000000000000
0.226095179051759937 3.879767933016740944 2498.000000000000000000
0.227916124062161801 3.874263218847247892 2530.000000000000000000
0.229782234896001164 3.872057468318202744 2564.000000000000000000
0.231677636718933988 3.873779422943813611 2594.000000000000000000
0.233500381287275072 3.875153734809990702 2624.000000000000000000
0.235314068901719853 3.865324165154231828 2654.000000000000000000
0.237200949389928639 3.854329151656520569 2684.000000000000000000
0.239131042955090689 3.850948315695730706 2715.000000000000000000
0.241008818615568526 3.849043066952885006 2747.000000000000000000
0.242827590696672369 3.836498557124741637 2780.000000000000000000
0.244740905660522923 3.818172410818780449 2811.000000000000000000
0.246707976450597527 3.810324134801958973 2841.000000000000000000
0.248556669169089195 3.801778605510208298 2872.000000000000000000
0.250340363268858612 3.773552938083781338 2902.000000000000000000
0.252259507409721362 3.742091947772129501 2934.000000000000000000
0.254252525072762747 3.726707048757822438 2968.000000000000000000
0.255977240474094370 3.700921643466588584 3006.000000000000000000
0.257639488323901378 3.636001338968869678 3040.000000000000000000
0.259521062482788445 3.577993540033398645 3071.000000000000000000
0.261469087076240725 3.544579489125543326 3104.000000000000000000
0.262771985574978773 3.441357258108229455 3139.000000000000000000
0.264145261272151155 3.268883801797294986 3176.000000000000000000
0.265910732062198618 3.152156360008789626 3210.000000000000000000
0.266580782793275461 2.806496966960695172 3244.000000000000000000
0.266841830341755848 2.108301402340384101 3279.000000000000000000
0.266969051558096471 1.255227993448133850 3312.000000000000000000
0.274620987106888759 4.807464793098575662 3345.000000000000000000
0.273907152659443431 4.582142852551686296 3384.000000000000000000
0.281790712820444045 1.413448634369052881 3421.000000000000000000
0.303412849729561285 1.271476330465366678 3456.000000000000000000
0.327454805157944395 1.216798514278580878 3493.000000000000000000
0.340085589328932070 1.280174456036692554 3530.000000000000000000
0.347403466054397370 1.519769640395437271 3568.000000000000000000
0.352286807992787387 1.703109948027236697 3605.000000000000000000
0.354752976203704440 1.776080724250608922 3640.000000000000000000
0.354102578210919838 2.918999167749658508 3679.000000000000000000
0.350199870283568360 6.946526290163663298 3719.000000000000000000
0.341135128222722961 3.538664962164921324 3757.000000000000000000
0.325973405895474411 2.546590474141710914 3794.000000000000000000
0.312186055192610667 4.797347129810200173 3871.000000000000000000
0.298563860137729509 5.737830332936681543 3944.000000000000000000
0.281830554500352881 3.995464376780558879 4017.000000000000000000
0.272103511171098655 0.929868785243355922 4093.000000000000000000
0.288460567510089638 0.715625882533687530 4171.000000000000000000
0.311282813855172702 0.373924052185439837 4248.000000000000000000
0.330516126805919574 0.407171576878416097 4323.000000000000000000
0.317743055355245552 4.979429199723439226 4398.000000000000000000
0.304290628296307930 5.341896197188341411 4471.000000000000000000
0.296320861891548160 5.111888852844228559 4547.000000000000000000
0.293863922263171817 4.502820847397738468 4623.000000000000000000
0.294169734861131071 3.846111046563735592 4699.000000000000000000
0.296228294135289949 3.489217925128603071 4777.000000000000000000
0.300359122415581825 3.244358706301328610 4855.000000000000000000
0.306452384039594294 3.007581994989775520 4931.000000000000000000
0.312898286188950658 2.643058689812410655 5009.000000000000000000
0.319684655973003884 2.214447112782210070 5087.000000000000000000
0.325780951744200187 1.954101674203510886 5172.000000000000000000
0.330451869227341266 2.198868347617891850 5262.000000000000000000
0.334713862991574351 2.399948866025614969 5347.000000000000000000
0.338214085047282231 2.033449133544454668 5435.000000000000000000
0.336915223635389727 1.200573862426175253 5522.000000000000000000
0.337923909508776155 1.217031117084974134 5607.000000000000000000
0.339727326942088181 1.398786874058887353 5697.000000000000000000
0.341347160772768332 1.747421907648080808 5788.000000000000000000
0.342943839761291336 1.933260536766371551 5875.000000000000000000
0.344070052612175270 1.468963407345763805 5964.000000000000000000
0.343933188933546796 1.255463024916601888 6053.000000000000000000
0.343194220128500871 1.565492982933406552 6143.000000000000000000
0.343389226787416568 1.231498379095365303 6232.000000000000000000
0.342896907461882838 1.897806373949488590 6321.000000000000000000
0.340214157124866912 2.818352274297717397 6408.000000000000000000
0.338861208702959771 1.881185726087303944 6485.000000000000000000
0.333888105437557703 1.886864932991021648 6565.000000000000000000
0.324325102538470744 0.977995065513571959 6647.000000000000000000
0.321413539887224098 0.919586093422203765 6726.000000000000000000
0.319480903933098859 1.709837388018111914 6806.000000000000000000
0.319203029252938308 1.909132186812663612 6886.000000000000000000
0.320145851668636405 1.658140869730405642 6968.000000000000000000
0.321696580186612291 1.502469621713381720 7051.000000000000000000
0.323575677445782972 1.391144601772830613 7135.000000000000000000
0.325639394032759155 1.302793110671951471 7218.000000000000000000
0.326534469256430038 1.126851835007503411 7303.000000000000000000
0.327311894885636834 1.202466446223360075 7384.000000000000000000
0.325714928071424492 1.724781904667779031 7465.000000000000000000
0.325442557106676078 1.583264259191047962 7549.000000000000000000
0.326631548653193660 1.456567894881504843 7635.000000000000000000
0.328512430981007186 1.381995938098169230 7719.000000000000000000
0.330438600253256498 1.369967299648698011 7807.000000000000000000
0.330509903658476822 0.889343888341904476 7892.000000000000000000
0.332053492744829037 0.833731450078691427 7994.000000000000000000
0.331073498835803004 1.357855160610937917 8078.000000000000000000
0.330819356684325161 0.442119257606289173 8163.000000000000000000
0.330151844963118613 0.161225725306392620 8247.000000000000000000
0.330847071539258519 0.132104486514627889 8332.000000000000000000
0.331506982287355201 0.324671584600939145 8415.000000000000000000
0.331318997535678283 0.170663564038982390 8502.000000000000000000
0.332067526734368124 0.832536362964044652 8589.000000000000000000
0.335906082091268599 1.847673971013946703 8680.000000000000000000
0.349457285829252007 2.531346514671627190 8768.000000000000000000
0.361921274613533850 4.727181653692266394 8858.000000000000000000
0.369146596772115476 6.008488141866020982 8947.000000000000000000
0.372787639863502829 6.602370956573102134 9036.000000000000000000
0.374758163449084747 6.819206165023159016 9129.000000000000000000
0.376264909036265693 6.827518581426395450 9220.000000000000000000
0.377971965261605369 6.709349688910713816 9311.000000000000000000
0.380211318194116243 6.508820008285154834 9405.000000000000000000
0.383086692958301778 6.257522224758938378 9497.000000000000000000
0.386515364061787436 5.982911581870074436 9589.000000000000000000
0.390309865646363774 5.706424525010179494 9679.000000000000000000
0.394318449673129123 5.440335543595823609 9769.000000000000000000
0.398500383663615620 5.187093571521672608 9859.000000000000000000
0.402875702858487061 4.943539640620849163 9948.000000000000000000
0.407424334586874048 4.708962086932620750 10040.000000000000000000
0.412032193808534564 4.487817918844432263 10132.000000000000000000
0.416548134705291229 4.286212060464436924 10223.000000000000000000
0.420874604932027441 4.110332687897297888 10314.000000000000000000
0.424967035024650719 3.966257293609766421 10406.000000000000000000
0.428800192199369656 3.857495660818767824 10500.000000000000000000
0.432377429901952381 3.782461185774752099 10595.000000000000000000
0.435742291075498833 3.733240007917224101 10691.000000000000000000
0.438967082591843583 3.694571506837289299 10786.000000000000000000
0.442134762956840011 3.644689263883388985 10881.000000000000000000
0.445317604901985464 3.561338494580386982 10974.000000000000000000
0.448127932039225185 3.547691485741599760 11067.000000000000000000
0.450365755965797920 3.566813773818468647 11160.000000000000000000
0.452096699220676634 3.575076995662862522 11255.000000000000000000
0.453250623017350085 3.630492708700641113 11351.000000000000000000
0.454125491916097079 3.610698755368497270 11446.000000000000000000
0.454870748459930196 3.549364861566353113 11540.000000000000000000
0.455559693779664487 3.464263434719426993 11637.000000000000000000
0.456227645732533715 3.364951286576544298 11734.000000000000000000
0.456882901968231392 3.259446543889890080 11831.000000000000000000
0.456929371027024467 3.338918924164081758 11927.000000000000000000
0.456676213000088427 3.330930314892877053 12022.000000000000000000
0.456866390789510191 3.137720696470404746 12118.000000000000000000
0.456282891442879979 3.325638818389643259 12216.000000000000000000
0.454828706269633398 3.457673113226534145 12313.000000000000000000
0.453242972105812103 3.287011598506840659 12416.000000000000000000
0.450548610607562849 2.503716992725545598 12516.000000000000000000
0.447568921599808656 1.655245571111890301 12621.000000000000000000
0.442650693647427151 1.609697859631621597 12729.000000000000000000
0.439391249966135766 2.153667588659696985 12832.000000000000000000
0.437371040912624409 2.808132964245010577 12937.000000000000000000
0.434139978217759459 2.893600250872395474 13042.000000000000000000
0.429250761936845249 3.589129431497070311 13156.000000000000000000
0.425298818036582205 3.064942519965365708 13258.000000000000000000
0.421799316261371238 2.658171387938564223 13364.000000000000000000
0.420674694224936752 2.339317569889071358 13471.000000000000000000
0.420511044553490587 2.067908557986845697 13576.000000000000000000
0.417903497243437450 1.660588337698721384 13677.000000000000000000
0.414820514789909667 1.558306986566297292 13784.000000000000000000
0.414132044314510617 1.421207213367099653 13886.000000000000000000
0.413254354758675890 0.790448592163654595 13994.000000000000000000
0.411903637921184007 0.350678963724500581 14100.000000000000000000
0.411880902880903066 0.344964256689111348 14203.000000000000000000
0.409873758304642954 1.465956749306244422 14311.000000000000000000
0.408766479933824700 0.497174188028444874 14414.000000000000000000
0.405752978483376103 0.686201748589319704 14519.000000000000000000
0.401792321370622874 2.800681505701238194 14629.000000000000000000
0.401714815577432161 1.930729621037119648 14736.000000000000000000
0.399849814903184497 1.941327984045801314 14846.000000000000000000
0.398525347771143290 0.889155854802302970 14955.000000000000000000
0.395542977149672903 0.426390189877594694 15067.000000000000000000
0.392550300615026826 0.614504534244811884 15176.000000000000000000
0.390303282260833662 0.140486211618065571 15282.000000000000000000
0.387242101455546162 0.650167672506277938 15391.000000000000000000
0.383580807216150454 0.520660447895853529 15500.000000000000000000
0.381218921143479383 0.269268739744527086 15608.000000000000000000
0.380708177544322401 0.263340394455714444 15718.000000000000000000
0.381095842242913152 0.249571553305610261 15831.000000000000000000
0.381863857885259950 0.240806309523732692 15940.000000000000000000
0.381516912054254143 0.177563351921632417 16071.000000000000000000
0.381028768113512495 0.069193752994745422 16176.000000000000000000
0.381202968871941938 0.063280664253096919 16280.000000000000000000
0.378756285383553049 0.023706103671881501 16385.000000000000000000
0.377268293056259529 0.024866316827279564 16490.000000000000000000
0.375795971438681875 0.020434503254186845 16594.000000000000000000
0.372766914008126782 0.030679206531422573 16721.000000000000000000
0.370762946149906791 0.009094297922249266 16827.000000000000000000
0.370638769060103901 0.014932640054546658 16933.000000000000000000
0.370669447525437179 0.020926429204758339 17044.000000000000000000
0.370709909152987793 0.018160208364268019 17154.000000000000000000
0.370746300067976653 0.012798429427887699 17264.000000000000000000
0.370781334645799210 0.011472658308687230 17380.000000000000000000
0.370808989512097731 0.006555203218134126 17490.000000000000000000
0.370834493554508593 0.004902099430794321 17601.000000000000000000
0.370853070197997292 0.004965708069013313 17711.000000000000000000
0.370869060811000462 0.004723966207666953 17820.000000000000000000
0.370884867031094245 0.004183329940516151 17930.000000000000000000
0.370900061969348938 0.003772881387951712 18042.000000000000000000
0.370914195419188131 0.003518247032667792 18154.000000000000000000
0.370927453756382364 0.003316694887594416 18267.000000000000000000
0.370940075995255858 0.003135086293283578 18379.000000000000000000
0.370952152413572378 0.002977534078118670 18489.000000000000000000
0.370963724682603024 0.002843141281006481 18598.000000000000000000
0.370974841347021189 0.002725994725622226 18709.000000000000000000
0.370985549654684998 0.002621771075168754 18818.000000000000000000
0.370995887448597350 0.002528062351531897 18930.000000000000000000
0.371005885391712753 0.002443119019423226 19041.000000000000000000
0.371015569803962997 0.002365487226335083 19153.000000000000000000
0.371024963669494334 0.002294014973341720 19265.000000000000000000
0.371034087078976615 0.002227810553105922 19377.000000000000000000
0.371042957729262990 0.002166169029225704 19491.000000000000000000
0.371051591353419974 0.002108522770675300 19603.000000000000000000
0.371060002048075488 0.002054409795562053 19718.000000000000000000
0.371068202524696911 0.002003450318603273 19832.000000000000000000
0.371076204313218527 0.001955328474326856 19946.000000000000000000
0.371084017924757537 0.001909778732618342 20061.000000000000000000
0.371091652979468223 0.001866575859649405 20175.000000000000000000
0.371099118346296275 0.001825524778379677 20293.000000000000000000
0.371106422171807171 0.001786459400286192 20414.000000000000000000
0.371113572010954185 0.001749232525497300 20531.000000000000000000
0.371120574882060739 0.001713714146583140 20656.000000000000000000
0.371127437307514518 0.001679789417509223 20778.000000000000000000
0.371134165371658442 0.001647355031877489 20911.000000000000000000
0.371140764779620824 0.001616316960150818 21038.000000000000000000
0.371147240863229977 0.001586590882707373 21167.000000000000000000
0.371153598622988856 0.001558099720505993 21293.000000000000000000
0.371159842757849745 0.001530772713052030 21422.000000000000000000
0.371165977689638105 0.001504544725638325 21546.000000000000000000
0.371172007598032094 0.001479354988492787 21678.000000000000000000
0.371177936387935281 0.001455149177739176 21805.000000000000000000
0.371183767784810936 0.001431874316560005 21934.000000000000000000
0.371189505301981970 0.001409482157045844 22063.000000000000000000
0.371195152262891459 0.001387927631634021 22193.000000000000000000
0.371200711817314677 0.001367168424266857 22320.000000000000000000
0.371206186951102524 0.001347164939324340 22448.000000000000000000
0.371211580511677852 0.001327879470144966 22576.000000000000000000
0.371216895174210693 0.001309277928170895 22705.000000000000000000
0.371222133510981378 0.001291326632417374 22834.000000000000000000
0.371227297962550051 0.001273994571452979 22962.000000000000000000
0.371232390852852256 0.001257252444745424 23095.000000000000000000
0.371237414394142429 0.001241072616906737 23225.000000000000000000
0.371242370699523871 0.001225428868574637 23354.000000000000000000
0.371247261785208782 0.001210296461290138 23484.000000000000000000
0.371252089576811439 0.001195651989948752 23611.000000000000000000
0.371256855914863404 0.001181473293946260 23744.000000000000000000
0.371261562558853342 0.001167739394639806 23874.000000000000000000
0.371266211194131890 0.001154430384380502 24004.000000000000000000
0.371270803435511221 0.001141527370591950 24132.000000000000000000
0.371275340828351619 0.001129012508390423 24263.000000000000000000
0.371279824848876394 0.001116868963767232 24392.000000000000000000
0.371284256921965095 0.001105080496070131 24528.000000000000000000
0.371288638401196025 0.001093632086020249 24661.000000000000000000
0.371292970602742856 0.001082508977502585 24798.000000000000000000
0.371297254784667463 0.001071697452186802 24932.000000000000000000
0.371301492155388102 0.001061184441617143 25068.000000000000000000
0.371305683877104165 0.001050957508180483 25205.000000000000000000
0.371309831077492603 0.001041004647703969 25338.000000000000000000
0.371313934813655711 0.001031315074640458 25470.000000000000000000
0.371317996133115114 0.001021877730735966 25608.000000000000000000
0.371322016030802227 0.001012682568553196 25745.000000000000000000
0.371325995470917658 0.001003719875458088 25881.000000000000000000
0.371329935395965316 0.000994980205218049 26019.000000000000000000

