Residual Convergence speed Computational time
0.1257057307992444 0.0728885236830476 19.0000000000000000
0.1254556307791045 0.9123638285914873 36.0000000000000000
0.1257727018530819 1.1728380372884557 49.0000000000000000
0.1258528380313733 1.4041941618535791 65.0000000000000000
0.1256361194312834 1.4851494980709834 80.0000000000000000
0.1254569308064598 1.6024682998639015 98.0000000000000000
0.1253434510626542 1.6259989096305969 116.0000000000000000
0.1253153151388118 1.5747856158007807 146.0000000000000000
0.1253969717010980 1.4612408941732826 162.0000000000000000
0.1256136473212767 1.2881956808298349 185.0000000000000000
0.1259896217703784 1.0616231633340680 196.0000000000000000
0.1265474970106710 0.7924006092680277 229.0000000000000000
0.1273055345180896 0.5059885342007923 258.0000000000000000
0.1282751937716658 0.3131760985222843 277.0000000000000000
0.1278712857040530 0.2943537544256325 293.0000000000000000
0.1271305307732844 0.2512041944124994 312.0000000000000000
0.1268317624072729 0.3596283802231699 335.0000000000000000
0.1272915737230948 0.3296531783604623 346.0000000000000000
0.1280197215601859 0.2567714965411858 461.0000000000000000
0.1288821029839002 0.2363823333377918 696.0000000000000000
0.1295441667212003 0.2841365864519622 742.0000000000000000
0.1299428368661433 0.3883552363210094 766.0000000000000000
0.1313923073703956 0.3962824703120192 783.0000000000000000
0.1313607645245624 0.6960058546735856 797.0000000000000000
0.1323037073447295 1.2103817325834580 810.0000000000000000
0.1340945352192240 1.1629540375898400 824.0000000000000000
0.1322457059441686 0.7787202249166553 843.0000000000000000
0.1317179849734640 1.1281128053783280 858.0000000000000000
0.1314772528990677 1.2832353100809348 871.0000000000000000
0.1311020075118438 1.7555444162274698 883.0000000000000000
0.1312608798344842 2.3548574013073797 897.0000000000000000
0.1304582324638704 1.9440713390379549 914.0000000000000000
0.1291046608594683 0.7848697553107518 939.0000000000000000
0.1291545282582817 0.9712376556256251 960.0000000000000000
0.1293682401402043 1.1734036502866831 980.0000000000000000
0.1295472115937797 1.2621596212399702 1001.0000000000000000
0.1296925297000206 1.2717286015503773 1016.0000000000000000
0.1298335470253945 1.2333059861635896 1041.0000000000000000
0.1299942838904256 1.1669639336811624 1162.0000000000000000
0.1301924998242592 1.0866704265664400 1180.0000000000000000
0.1305635209193411 1.0231952156011235 1201.0000000000000000
0.1310607809929783 0.9774544573782968 1236.0000000000000000
0.1316354584274486 0.9425642062094788 1260.0000000000000000
0.1322586827240963 0.9174429543841287 1282.0000000000000000
0.1329267677903520 0.8972383360673368 1304.0000000000000000
0.1336389714057366 0.8806324358200434 1333.0000000000000000
0.1343957440350025 0.8678148333104564 1376.0000000000000000
0.1351980153455059 0.8597728165562328 1417.0000000000000000
0.1360468591785320 0.8578833746848061 1502.0000000000000000
0.1351295261162109 0.9924529410438694 1531.0000000000000000
0.1323756791499995 1.2048881809092795 1551.0000000000000000
0.1314299118433124 1.2039640195563117 1573.0000000000000000
0.1313804887398417 1.2136732115369679 1590.0000000000000000
0.1318259064659217 1.2309963360931451 1649.0000000000000000
0.1325069672445452 1.2352814038029900 1668.0000000000000000
0.1333074749676204 1.2396586444229383 1694.0000000000000000
0.1334074895876429 1.2328699470621383 1713.0000000000000000
0.1299744093108816 1.1802121633425433 1735.0000000000000000
0.1281177582424365 1.1859773523892707 1759.0000000000000000
0.1275167690538637 1.1624621686910006 1777.0000000000000000
0.1274625871708297 1.1463677475044731 1817.0000000000000000
0.1276788927135966 1.1396594677671279 1880.0000000000000000
0.1280483319983116 1.1436092810161613 1901.0000000000000000
0.1285190583387429 1.1586023852679270 1932.0000000000000000
0.1290648760279967 1.1843271818855090 1999.0000000000000000
0.1296839086425557 1.2264461320309752 2036.0000000000000000
0.1284139796067591 1.1245296327035816 2066.0000000000000000
0.1269145586663638 2.6477973969714395 2089.0000000000000000
0.1270455930808615 3.0598996197912309 2127.0000000000000000
0.1271719347225381 3.1566793865856444 2209.0000000000000000
0.1271643426126948 3.0799007440879533 2235.0000000000000000
0.1271072491568902 2.9123554765570172 2262.0000000000000000
0.1270712243915598 2.6981762527788526 2284.0000000000000000
0.1270954825435651 2.4610192503357569 2306.0000000000000000
0.1271988528653598 2.2144574758972246 2328.0000000000000000
0.1273905290199313 1.9675707000622595 2392.0000000000000000
0.1276723492905752 1.7281430709787160 2415.0000000000000000
0.1280692497668815 1.5315531571784124 2437.0000000000000000
0.1286510696592487 1.4681632270322726 2519.0000000000000000
0.1293307936483500 1.4354410355274603 2550.0000000000000000
0.1300719858425292 1.4186159319477076 2573.0000000000000000
0.1308578438306620 1.4105703153536233 2598.0000000000000000
0.1316798748092028 1.4077986155354159 2622.0000000000000000
0.1325333189245950 1.4085150269064033 2649.0000000000000000
0.1334151722221492 1.4117727413164152 2673.0000000000000000
0.1341250454530852 1.3230767472800535 2699.0000000000000000
0.1331359583251774 1.1332548092258734 2730.0000000000000000
0.1307538846966542 1.1574266730478664 2788.0000000000000000
0.1290575064646616 1.1868415351164834 2827.0000000000000000
0.1285795659380119 1.1747654077601122 2859.0000000000000000
0.1286431398775948 1.1594609455564127 2893.0000000000000000
0.1289668911200353 1.1476082391712845 2919.0000000000000000
0.1294278826396588 1.1439216947581250 3030.0000000000000000
0.1299677873712139 1.1507290227653169 3061.0000000000000000
0.1305573039448273 1.1686803809193298 3110.0000000000000000
0.1311813479816553 1.1974194329302019 3139.0000000000000000
0.1314154278767263 1.1954071906364976 3212.0000000000000000
0.1300394725886387 1.7649213373393369 3247.0000000000000000
0.1297510119599666 1.7634015588042207 3276.0000000000000000
0.1298091471758304 1.6644641204559747 3308.0000000000000000
0.1300280045072652 1.5239820612643102 3347.0000000000000000
0.1304195428123754 1.4673697649333695 3374.0000000000000000
0.1309354668702579 1.4533349481395130 3435.0000000000000000
0.1315220275808744 1.4468407327630106 3549.0000000000000000
0.1321525610256929 1.4447333011566716 3584.0000000000000000
0.1328134581263317 1.4454515169898319 3613.0000000000000000
0.1334977710679599 1.4482031904920585 3646.0000000000000000
0.1342028174345574 1.4525731601356910 3689.0000000000000000
0.1349260316709323 1.4583328621912308 3717.0000000000000000
0.1356652219629015 1.4653449082276357 3815.0000000000000000
0.1364212866785097 1.4735188143339251 3849.0000000000000000
0.1371931159077963 1.4827893748733749 3883.0000000000000000
0.1379784148625501 1.4931033052399614 3911.0000000000000000
0.1387767129268015 1.5044166855892465 3941.0000000000000000
0.1395876559607137 1.5166912484413695 3969.0000000000000000
0.1404116382756832 1.5298930825215538 4002.0000000000000000
0.1412475065045180 1.5439949316126440 4034.0000000000000000
0.1420949462222239 1.5589628579320984 4119.0000000000000000
0.1429536790363386 1.5747810516469807 4160.0000000000000000
0.1438234513672248 1.5914258215720800 4201.0000000000000000
0.1447040108843103 1.6088625644964945 4250.0000000000000000
0.1455951457605544 1.6270875901534185 4315.0000000000000000
0.1464966488635432 1.6460758653261163 4372.0000000000000000
0.1474078173061549 1.6656656174940125 4416.0000000000000000
0.1481789956071239 1.6457551274217674 4476.0000000000000000
0.1488716981033247 1.6151951409413376 4511.0000000000000000
0.1495286268447890 1.5823438496091369 4552.0000000000000000
0.1501716347449255 1.5507351630994952 4594.0000000000000000
0.1497506640098614 1.5175844164149594 4625.0000000000000000
0.1488052399221135 1.5327961872380773 4658.0000000000000000
0.1487483393515319 1.4810098455732246 4694.0000000000000000
0.1491198137213531 1.4438560096542796 4731.0000000000000000
0.1497122923225820 1.4217502782340665 4769.0000000000000000
0.1483664248915769 1.7804639920321172 4815.0000000000000000
0.1468214928948913 2.7055465045208709 4851.0000000000000000
0.1467319363484149 2.8436731972830933 4914.0000000000000000
0.1471874400422832 3.0043910601846169 5003.0000000000000000
0.1478608696563622 3.1445471910005010 5081.0000000000000000
0.1486353416498433 3.2751465040752072 5144.0000000000000000
0.1494640292527439 3.4023434928478067 5180.0000000000000000
0.1503270040740078 3.5293548993858663 5232.0000000000000000
0.1512164797122002 3.6577980162702661 5268.0000000000000000
0.1521294498723376 3.7884338698423452 5315.0000000000000000
0.1530650214566388 3.9215782606489968 5408.0000000000000000
0.1540232280855268 4.0573091442905218 5448.0000000000000000
0.1550045239788195 4.1955950278556839 5489.0000000000000000
0.1560095507722541 4.3363116752205144 5532.0000000000000000
0.1570393849401015 4.4793188707147777 5573.0000000000000000
0.1580942264147250 4.6244294614253825 5632.0000000000000000
0.1591754678280666 4.7714658678041797 5678.0000000000000000
0.1602830267633962 4.9202104574340604 5731.0000000000000000
0.1614174290980057 5.0704501114789817 5776.0000000000000000
0.1625792087700500 5.2219524677844387 5818.0000000000000000
0.1637688767321133 5.3745004181126657 5861.0000000000000000
0.1649868852480955 5.5278357621239582 5902.0000000000000000
0.1662336530290037 5.6817137048746149 5950.0000000000000000
0.1675095573185252 5.8358792938220532 5995.0000000000000000
0.1688149310429245 5.9900702531676489 6048.0000000000000000
0.1701500617236265 6.1440189867960902 6092.0000000000000000
0.1715151893364860 6.2974527186410167 6145.0000000000000000
0.1729105048242283 6.4500949727179888 6188.0000000000000000
0.1743361414782838 6.6016602294115216 6282.0000000000000000
0.1757922045997713 6.7518871079264509 6390.0000000000000000
0.1772787073338576 6.9004684004498733 6469.0000000000000000
0.1787956447186649 7.0471478057698409 6547.0000000000000000
0.1803429321411659 7.1916333291540910 6642.0000000000000000
0.1819206276153770 7.3336496006331222 6726.0000000000000000
0.1835293372280648 7.4729232631410207 6829.0000000000000000
0.1851677730337950 7.6092007320565909 6914.0000000000000000
0.1868355535897948 7.7422150193913266 7001.0000000000000000
0.1885323378763593 7.8717385694513826 7098.0000000000000000
0.1902595379348062 7.9975374665610977 7185.0000000000000000
0.1920150435648562 8.1193901021775972 7314.0000000000000000
0.1937979821943319 8.2370972440165993 7404.0000000000000000
0.1956077105184690 8.3504725845288377 7492.0000000000000000
0.1974435299210529 8.4593479717144824 7702.0000000000000000
0.1993047754857243 8.5635740079515799 7796.0000000000000000
0.2011920302015626 8.6630212969926017 7901.0000000000000000
0.2017561433020789 8.6765792068497642 8001.0000000000000000
0.2013521614398218 8.5094488056224922 8097.0000000000000000
0.2017049988179682 8.3846540370173237 8188.0000000000000000
0.2024314137764469 8.3204045024537265 8281.0000000000000000
0.2028553057072402 8.2435237744819450 8382.0000000000000000
0.2020938971005478 7.9844507025923361 8479.0000000000000000
0.2017287244979400 7.7474540178127720 8577.0000000000000000
0.2020882553013120 7.6232060217393940 8666.0000000000000000
0.2017613627382818 7.3920812487518726 8754.0000000000000000
0.2002749472588102 6.8577405304589991 8847.0000000000000000
0.1998130442043098 6.5900595493011460 8948.0000000000000000
0.1998387893116756 6.4049495835284382 9039.0000000000000000
0.1981292963963628 5.6049991776589101 9134.0000000000000000
0.1964101166752670 4.7774183220441939 9228.0000000000000000
0.1955368393205997 4.3045941588774586 9319.0000000000000000
0.1931368058374441 2.6210805509051225 9413.0000000000000000
0.1909980391499706 1.2924384624846932 9510.0000000000000000
0.1902041099284581 3.3681911810011074 9601.0000000000000000
0.1869150596899405 1.1767104447041001 9711.0000000000000000
0.1915868555873622 1.5154624649760784 9814.0000000000000000
0.1848083214433123 0.9056298083435537 9910.0000000000000000
0.1832525055376408 0.7169174893801993 10006.0000000000000000
0.1829298920765897 1.4418493662231895 10118.0000000000000000
0.2113078571456048 0.9722214573340171 10217.0000000000000000
0.1974174509023736 1.0780595550977450 10323.0000000000000000
0.2135162404078440 1.0242058046750879 10436.0000000000000000
0.2330211051770765 2.6435730786932150 10549.0000000000000000
0.2113340960163002 1.2766549989520390 10650.0000000000000000
0.2181051060566862 1.6117122736186384 10750.0000000000000000
0.2140885210291069 5.7872548267901767 10848.0000000000000000
0.2135315173224787 4.0517278800059664 10946.0000000000000000
0.2137510085525463 4.1789571718929608 11216.0000000000000000
0.2132963626187325 3.3098175815300186 11318.0000000000000000
0.2126364588631287 2.6587377757640080 11443.0000000000000000
0.2123899953134588 3.0472524959898015 11551.0000000000000000
0.2106789976757063 2.9808389169155705 11659.0000000000000000
0.2095065639342920 1.4607823749470887 11754.0000000000000000
0.2097514207292150 0.2275414948658653 11865.0000000000000000
0.2193583270870342 0.4780301114493455 11966.0000000000000000
0.2248053488386788 1.9139990819887818 12111.0000000000000000
0.2098566806006523 3.7389685137668414 12280.0000000000000000
0.2058475603051381 3.4765329540834324 12396.0000000000000000
0.2028383616853661 0.5815948839381968 12499.0000000000000000
0.2043550472607322 0.4452331444158499 12610.0000000000000000
0.2013735176525372 0.1000268949891441 12748.0000000000000000
0.2031802594487873 0.4399546130878295 12859.0000000000000000
0.2019614885535442 0.0051093045691700 12974.0000000000000000
0.2019656227064513 0.0025838968603248 13082.0000000000000000
0.2019624962811065 0.0080584923139506 13197.0000000000000000
0.2019581337062570 0.0083012842722456 13305.0000000000000000
0.2019538277482759 0.0079038035680406 13412.0000000000000000
0.2019495758889603 0.0075246449542598 13585.0000000000000000
0.2019453757239658 0.0071629832832746 13690.0000000000000000
0.2019412249572619 0.0068180284914974 13813.0000000000000000
0.2019371213961292 0.0064890245625923 13916.0000000000000000
0.2019330629478319 0.0061752478141589 14034.0000000000000000
0.2019290476146926 0.0058760056558267 14138.0000000000000000
0.2019250734896238 0.0055906352702636 14292.0000000000000000
0.2019211387522989 0.0053185023699466 14409.0000000000000000
0.2019172416658224 0.0050589999823656 14529.0000000000000000
0.2019133805712994 0.0048115473531740 14644.0000000000000000
0.2019095538873222 0.0045755887268719 14772.0000000000000000
0.2019057601055761 0.0043505924111381 14890.0000000000000000
0.2019019977840685 0.0041360497537132 15002.0000000000000000
0.2018982655497112 0.0039314739688612 15115.0000000000000000
0.2018945620913881 0.0037363994952077 15233.0000000000000000
0.2018908861603199 0.0035503810058526 15353.0000000000000000
0.2018872365644490 0.0033729925567749 15472.0000000000000000
0.2018836121650022 0.0032038264312216 15592.0000000000000000
0.2018800118795559 0.0030424931575061 15709.0000000000000000
0.2018764346749441 0.0028886200479271 15821.0000000000000000
0.2018728795663445 0.0027418508204185 15946.0000000000000000
0.2018693456152995 0.0026018448860848 16089.0000000000000000
0.2018658319367545 0.0024682763865059 16222.0000000000000000
0.2018656482652653 0.0022426882645591 16407.0000000000000000
0.2018654944109526 0.0020970527796996 16522.0000000000000000
0.2018652036825131 0.0019810535043431 16635.0000000000000000
0.2018648619058462 0.0018759463229799 16750.0000000000000000
0.2018644845378524 0.0017821797030297 16870.0000000000000000
0.2018640726764950 0.0016993431353597 16998.0000000000000000
0.2018636293639500 0.0016259057100574 17130.0000000000000000
0.2018631584989596 0.0015605442937529 17282.0000000000000000
0.2018626637061730 0.0015021942410929 17516.0000000000000000
0.2018621483100622 0.0014499397496755 17683.0000000000000000
0.2018616154083892 0.0014029832708950 17815.0000000000000000
0.2018610678809333 0.0013606327410809 17938.0000000000000000
0.2018605083908785 0.0013222880294582 18210.0000000000000000
0.2018599393923342 0.0012874286070610 18339.0000000000000000
0.2018593631409294 0.0012556031441104 18460.0000000000000000
0.2018587817042990 0.0012264205492409 18615.0000000000000000
0.2018581969704634 0.0011995422096935 18749.0000000000000000
0.2018576106657425 0.0011746751185015 18864.0000000000000000
0.2018570243579476 0.0011515659759478 19005.0000000000000000
0.2018564394720883 0.0011299959088908 19126.0000000000000000
0.2018558572993360 0.0011097759106594 19252.0000000000000000
0.2018552790063176 0.0010907428298002 19375.0000000000000000
0.2018547056447214 0.0010727558683965 19569.0000000000000000
0.2018541381606816 0.0010556935310932 19706.0000000000000000
0.2018535774014634 0.0010394509797112 19837.0000000000000000
0.2018530241250728 0.0010239377219268 19983.0000000000000000
0.2018524790057444 0.0010090756268130 20285.0000000000000000
0.2018519426428640 0.0009947971928566 20432.0000000000000000
0.2018514155655051 0.0009810440669805 20574.0000000000000000
0.2018508982385228 0.0009677657584420 20763.0000000000000000
0.2018503910684904 0.0009549185333343 20971.0000000000000000
0.2018498944083374 0.0009424644663578 21162.0000000000000000
0.2018494085605037 0.0009303706223317 21316.0000000000000000
0.2018489337843652 0.0009186083522787 21449.0000000000000000
0.2018484702976994 0.0009071526942521 21741.0000000000000000
0.2018480182809370 0.0008959818539620 21899.0000000000000000
0.2018475778804657 0.0008850767611928 22046.0000000000000000
0.2018471492117387 0.0008744206812421 22187.0000000000000000
0.2018467323619278 0.0008639989226038 22326.0000000000000000
0.2018463273927097 0.0008537984955698 22471.0000000000000000
0.2018459343423656 0.0008438079246894 22611.0000000000000000
0.2018455532282097 0.0008340170200978 22765.0000000000000000
0.2018451840484143 0.0008244167038716 22897.0000000000000000
0.2018448267839430 0.0008149988581194 23030.0000000000000000
0.2018444814001120 0.0008057561944213 23196.0000000000000000
0.2018441478482121 0.0007966821417184 23333.0000000000000000
0.2018438260668851 0.0007877707500563 23469.0000000000000000
0.2018435159834183 0.0007790166078440 23610.0000000000000000
0.2018432175149280 0.0007704147707524 23745.0000000000000000
0.2018429305694324 0.0007619607005766 23880.0000000000000000
0.2018426550468951 0.0007536502127033 24021.0000000000000000
0.2018423908400490 0.0007454794307853 24164.0000000000000000
0.2018421378352814 0.0007374447479082 24311.0000000000000000
0.2018418959133800 0.0007295427930451 24448.0000000000000000
0.2018416649502578 0.0007217704023164 24583.0000000000000000
0.2018414448175652 0.0007141245938675 24723.0000000000000000
0.2018412353832446 0.0007066025467270 24860.0000000000000000
0.2018410365120842 0.0006992015821751 24997.0000000000000000
0.2018408480662325 0.0006919191478829 25142.0000000000000000
0.2018406699056232 0.0006847528041390 25302.0000000000000000
0.2018405018883536 0.0006777002119876 25438.0000000000000000
0.2018403438710878 0.0006707591229949 25578.0000000000000000
0.2018401957093723 0.0006639273703703 25720.0000000000000000
0.2018400572579525 0.0006572028612965 25859.0000000000000000
0.2018399283710426 0.0006505835703439 26000.0000000000000000
0.2018398089025898 0.0006440675336726 26138.0000000000000000
0.2018396987065040 0.0006376528440859 26279.0000000000000000
0.2018395976368478 0.0006313376466285 26426.0000000000000000
0.2018395055480288 0.0006251201348966 26590.0000000000000000
0.2018394222950414 0.0006189985477712 26733.0000000000000000
0.2018393477334246 0.0006129711664616 26906.0000000000000000
0.2018392817203657 0.0006070363121153 27046.0000000000000000
0.2018392241119564 0.0006011923435917 27191.0000000000000000
0.2018391747671768 0.0005954376553849 27335.0000000000000000
0.2018391335456818 0.0005897706763845 27475.0000000000000000
0.2018391003083213 0.0005841898677578 27619.0000000000000000
0.2018390749173180 0.0005786937220440 27767.0000000000000000
0.2018390572360768 0.0005732807617750 27932.0000000000000000
0.2018390471303026 0.0005679495383359 28078.0000000000000000
0.2018390444653824 0.0005626986319236 28228.0000000000000000
0.2018390491099891 0.0005575266488871 28379.0000000000000000
0.2018390609340094 0.0005524322226818 28531.0000000000000000
0.2018390798084263 0.0005474140120800 28683.0000000000000000
0.2018391056064214 0.0005424707010453 28834.0000000000000000
0.2018391382026633 0.0005376009979572 28983.0000000000000000
0.2018391774735771 0.0005328036350313 29135.0000000000000000
0.2018392232972977 0.0005280773677915 29288.0000000000000000
0.2018392755536995 0.0005234209746271 29443.0000000000000000
0.2018393341244025 0.0005188332562545 29599.0000000000000000
0.2018393988927820 0.0005143130353266 29751.0000000000000000
0.2018394697439707 0.0005098591559830 29911.0000000000000000
0.2018395465648563 0.0005054704834437 30068.0000000000000000
0.2018396292440811 0.0005011459036170 30224.0000000000000000
0.2018397176720476 0.0004968843227050 30392.0000000000000000
0.2018398117408793 0.0004926846668864 30551.0000000000000000
0.2018399113444447 0.0004885458818932 30709.0000000000000000
0.2018400163783363 0.0004844669326993 30868.0000000000000000
0.2018401267398477 0.0004804468031883 31044.0000000000000000
0.2018402423279944 0.0004764844957566 31211.0000000000000000
0.2018403630434672 0.0004725790310660 31369.0000000000000000
0.2018404887886273 0.0004687294476783 31529.0000000000000000
0.2018406194674907 0.0004649348017500 31693.0000000000000000
0.2018407549857105 0.0004611941667205 31861.0000000000000000
0.2018408952505605 0.0004575066330059 32018.0000000000000000
0.2018410401709155 0.0004538713076989 32174.0000000000000000
0.2018411896572334 0.0004502873142702 32337.0000000000000000
0.2018413436215348 0.0004467537922775 32495.0000000000000000
0.2018415019773975 0.0004432698970486 32666.0000000000000000
0.2018416646398974 0.0004398347994872 32836.0000000000000000
0.2018418315256228 0.0004364476856866 33011.0000000000000000
0.2018420025526366 0.0004331077567236 33211.0000000000000000
0.2018421776404848 0.0004298142283003 33372.0000000000000000
0.2018423567101413 0.0004265663305788 33540.0000000000000000
0.2018425396839985 0.0004233633078571 33718.0000000000000000
0.2018427264858464 0.0004202044183197 33894.0000000000000000
0.2018429170408512 0.0004170889337794 34068.0000000000000000
0.2018431112755335 0.0004140161394229 34269.0000000000000000
0.2018433091186440 0.0004109853316773 34436.0000000000000000
0.2018435104984320 0.0004079958244082 34614.0000000000000000
0.2018437153452837 0.0004050469407977 34788.0000000000000000
0.2018439235908534 0.0004021380172232 34962.0000000000000000
0.2018441351680622 0.0003992684020480 35144.0000000000000000
0.2018443500113991 0.0003964374549186 35318.0000000000000000
0.2018445680562189 0.0003936445482225 35495.0000000000000000
0.2018447892390590 0.0003908890655048 35664.0000000000000000
0.2018450134976313 0.0003881704015660 35853.0000000000000000
0.2018452407708122 0.0003854879622151 36033.0000000000000000
0.2018454709986469 0.0003828411640025 36210.0000000000000000
0.2018457041223455 0.0003802294340050 36394.0000000000000000
0.2018459400844397 0.0003776522091853 36581.0000000000000000
0.2018461788278669 0.0003751089385321 36760.0000000000000000
0.2018464202969895 0.0003725990794723 36944.0000000000000000
0.2018466644372085 0.0003701220996271 37126.0000000000000000
0.2018469111949553 0.0003676774761846 37309.0000000000000000
0.2018471605177241 0.0003652646957682 37483.0000000000000000
0.2018474123537378 0.0003628832545515 37662.0000000000000000
0.2018476666523169 0.0003605326574772 37839.0000000000000000
0.2018479233636510 0.0003582124185331 38019.0000000000000000
0.2018481824389635 0.0003559220603135 38211.0000000000000000
0.2018484438306424 0.0003536611134288 38396.0000000000000000
0.2018487074910390 0.0003514291188489 38578.0000000000000000
0.2018489733742895 0.0003492256232847 38756.0000000000000000
0.2018492414356795 0.0003470501810344 38944.0000000000000000
0.2018495116301706 0.0003449023583245 39131.0000000000000000
0.2018497839134469 0.0003427817278891 39338.0000000000000000
0.2018500582433012 0.0003406878659865 39527.0000000000000000
0.2018503345776831 0.0003386203599785 39711.0000000000000000
0.2018506128753596 0.0003365788036192 39902.0000000000000000
