Residual Convergence speed Computational time
0.1260702905360031 0.0728885236830476 7.0000000000000000
0.1259662780621256 0.9123638285914873 18.0000000000000000
0.1265909756224367 1.1728380372884557 23.0000000000000000
0.1270098765266950 1.4041941618535791 29.0000000000000000
0.1271413799717370 1.4851494980709834 40.0000000000000000
0.1273121788351567 1.6024682998639015 46.0000000000000000
0.1275501337552835 1.6259989096305969 54.0000000000000000
0.1278738291216914 1.5747856158007807 60.0000000000000000
0.1283079397668858 1.4612408941732826 85.0000000000000000
0.1288775720830709 1.2881956808298349 95.0000000000000000
0.1296067291686405 1.0616231633340680 104.0000000000000000
0.1305181892914424 0.7924006092680277 117.0000000000000000
0.1316304460244468 0.5059885342007923 126.0000000000000000
0.1329546589698948 0.3131760985222843 139.0000000000000000
0.1329197620739808 0.2943537544256325 161.0000000000000000
0.1325844763638414 0.2512041944124994 173.0000000000000000
0.1327200796833306 0.3596283802231699 184.0000000000000000
0.1335849122284152 0.3296531783604623 194.0000000000000000
0.1347003446410729 0.2567714965411858 227.0000000000000000
0.1359393289104915 0.2363823333377918 242.0000000000000000
0.1369651294679076 0.2841365864519622 256.0000000000000000
0.1377229600213223 0.3883552363210094 293.0000000000000000
0.1395589319677450 0.3962824703120192 303.0000000000000000
0.1399949739085277 0.6960058546735856 318.0000000000000000
0.1414360029763105 1.2103817325834580 334.0000000000000000
0.1436701280242473 1.1629540375898400 345.0000000000000000
0.1421733751402209 0.7787202249166553 358.0000000000000000
0.1420026306998307 1.1281128053783280 371.0000000000000000
0.1421090732117732 1.2832353100809348 392.0000000000000000
0.1420645501942189 1.7555444162274698 409.0000000000000000
0.1425475026141263 2.3548574013073797 423.0000000000000000
0.1420604651380655 1.9440713390379549 621.0000000000000000
0.1410197824237850 0.7848697553107518 772.0000000000000000
0.1414050630501818 0.9712376556256251 786.0000000000000000
0.1419656183945099 1.1734036502866831 818.0000000000000000
0.1424980033069470 1.2621596212399702 870.0000000000000000
0.1429998093344278 1.2717286015503773 891.0000000000000000
0.1434989734204856 1.2333059861635896 906.0000000000000000
0.1440185747400775 1.1669639336811624 923.0000000000000000
0.1445759625162023 1.0866704265664400 940.0000000000000000
0.1453075353165959 1.0231952156011235 967.0000000000000000
0.1461668797493820 0.9774544573782968 987.0000000000000000
0.1471039120728006 0.9425642062094788 1006.0000000000000000
0.1480894229660218 0.9174429543841287 1026.0000000000000000
0.1491197604185417 0.8972383360673368 1044.0000000000000000
0.1501941993946210 0.8806324358200434 1066.0000000000000000
0.1513131988540345 0.8678148333104564 1091.0000000000000000
0.1524776927292771 0.8597728165562328 1119.0000000000000000
0.1536887569929556 0.8578833746848061 1143.0000000000000000
0.1530820653784917 0.9924529410438694 1177.0000000000000000
0.1505767479547304 1.2048881809092795 1200.0000000000000000
0.1499348830174664 1.2039640195563117 1234.0000000000000000
0.1502157673951020 1.2136732115369679 1301.0000000000000000
0.1510046369789736 1.2309963360931451 1335.0000000000000000
0.1520352166229799 1.2352814038029900 1354.0000000000000000
0.1531881310146416 1.2396586444229383 1377.0000000000000000
0.1536191364194212 1.2328699470621383 1395.0000000000000000
0.1504169906888193 1.1802121633425433 1411.0000000000000000
0.1488267395339033 1.1859773523892707 1433.0000000000000000
0.1485320512963516 1.1624621686910006 1452.0000000000000000
0.1488067638997820 1.1463677475044731 1471.0000000000000000
0.1493616201534675 1.1396594677671279 1490.0000000000000000
0.1500730228835992 1.1436092810161613 1520.0000000000000000
0.1508874191983414 1.1586023852679270 1542.0000000000000000
0.1517777598843153 1.1843271818855090 1574.0000000000000000
0.1527422160372020 1.2264461320309752 1605.0000000000000000
0.1517912341958022 1.1245296327035816 1631.0000000000000000
0.1505963010677923 2.6477973969714395 1652.0000000000000000
0.1510608110083481 3.0598996197912309 1672.0000000000000000
0.1515305465710731 3.1566793865856444 1694.0000000000000000
0.1518690001391340 3.0799007440879533 1715.0000000000000000
0.1521592782200132 2.9123554765570172 1743.0000000000000000
0.1524712879212043 2.6981762527788526 1774.0000000000000000
0.1528439120123408 2.4610192503357569 1796.0000000000000000
0.1532958140160748 2.2144574758972246 1825.0000000000000000
0.1538365515748431 1.9675707000622595 1852.0000000000000000
0.1544675212004668 1.7281430709787160 1875.0000000000000000
0.1552137105365117 1.5315531571784124 1901.0000000000000000
0.1561454183221732 1.4681632270322726 1925.0000000000000000
0.1571753297176203 1.4354410355274603 1953.0000000000000000
0.1582668591035351 1.4186159319477076 1989.0000000000000000
0.1594031291727891 1.4105703153536233 2012.0000000000000000
0.1605756096066263 1.4077986155354159 2042.0000000000000000
0.1617795219163708 1.4085150269064033 2064.0000000000000000
0.1630118527689783 1.4117727413164152 2089.0000000000000000
0.1640713901213015 1.3230767472800535 2113.0000000000000000
0.1634236027272074 1.1332548092258734 2142.0000000000000000
0.1613753864354412 1.1574266730478664 2169.0000000000000000
0.1600171107552746 1.1868415351164834 2218.0000000000000000
0.1598906962318405 1.1747654077601122 2245.0000000000000000
0.1603087650034046 1.1594609455564127 2272.0000000000000000
0.1609859304832162 1.1476082391712845 2302.0000000000000000
0.1617993564241217 1.1439216947581250 2327.0000000000000000
0.1626912056674751 1.1507290227653169 2354.0000000000000000
0.1636324218039535 1.1686803809193298 2403.0000000000000000
0.1646080429229844 1.1974194329302019 2473.0000000000000000
0.1651981702450347 1.1954071906364976 2501.0000000000000000
0.1641931712733648 1.7649213373393369 2535.0000000000000000
0.1642675742656812 1.7634015588042207 2562.0000000000000000
0.1646839609444032 1.6644641204559747 2591.0000000000000000
0.1652587636481533 1.5239820612643102 2618.0000000000000000
0.1660047621363817 1.4673697649333695 2649.0000000000000000
0.1668742700264743 1.4533349481395130 2678.0000000000000000
0.1678139762891550 1.4468407327630106 2708.0000000000000000
0.1687974361451768 1.4447333011566716 2739.0000000000000000
0.1698111500849219 1.4454515169898319 2782.0000000000000000
0.1708483060700876 1.4482031904920585 2808.0000000000000000
0.1719067369812348 1.4525731601356910 2842.0000000000000000
0.1729837633868129 1.4583328621912308 2880.0000000000000000
0.1740768812239635 1.4653449082276357 2918.0000000000000000
0.1751877291480621 1.4735188143339251 2954.0000000000000000
0.1763150339059565 1.4827893748733749 2986.0000000000000000
0.1774558070640690 1.4931033052399614 3012.0000000000000000
0.1786095786700579 1.5044166855892465 3066.0000000000000000
0.1797760190499723 1.5166912484413695 3106.0000000000000000
0.1809558273449489 1.5298930825215538 3148.0000000000000000
0.1821475212959455 1.5439949316126440 3183.0000000000000000
0.1833507867578592 1.5589628579320984 3212.0000000000000000
0.1845653453593317 1.5747810516469807 3245.0000000000000000
0.1857909433664010 1.5914258215720800 3285.0000000000000000
0.1870273286294858 1.6088625644964945 3324.0000000000000000
0.1882742892488836 1.6270875901534185 3361.0000000000000000
0.1895316180766991 1.6460758653261163 3406.0000000000000000
0.1907986089362080 1.6656656174940125 3439.0000000000000000
0.1919246594382858 1.6457551274217674 3473.0000000000000000
0.1929717000777172 1.6151951409413376 3509.0000000000000000
0.1939826999347648 1.5823438496091369 3546.0000000000000000
0.1949796454364103 1.5507351630994952 3579.0000000000000000
0.1949139384038134 1.5175844164149594 3612.0000000000000000
0.1943276462978178 1.5327961872380773 3646.0000000000000000
0.1946251404473875 1.4810098455732246 3681.0000000000000000
0.1953488945378938 1.4438560096542796 3723.0000000000000000
0.1962925929204064 1.4217502782340665 3774.0000000000000000
0.1953215355756604 1.7804639920321172 3824.0000000000000000
0.1941656060520459 2.7055465045208709 3860.0000000000000000
0.1944490245917347 2.8436731972830933 3893.0000000000000000
0.1952704510786858 3.0043910601846169 3952.0000000000000000
0.1963051184697463 3.1445471910005010 3991.0000000000000000
0.1974388641243912 3.2751465040752072 4035.0000000000000000
0.1986258717259508 3.4023434928478067 4075.0000000000000000
0.1998464805855662 3.5293548993858663 4112.0000000000000000
0.2010932472128373 3.6577980162702661 4149.0000000000000000
0.2023633367927333 3.7884338698423452 4192.0000000000000000
0.2036559420657482 3.9215782606489968 4243.0000000000000000
0.2049711395176749 4.0573091442905218 4280.0000000000000000
0.2063094048013536 4.1955950278556839 4323.0000000000000000
0.2076714087997584 4.3363116752205144 4359.0000000000000000
0.2090583965936829 4.4793188707147777 4411.0000000000000000
0.2104703890885803 4.6244294614253825 4460.0000000000000000
0.2119090768965807 4.7714658678041797 4510.0000000000000000
0.2133741017948054 4.9202104574340604 4560.0000000000000000
0.2148659697308724 5.0704501114789817 4628.0000000000000000
0.2163852148966840 5.2219524677844387 4673.0000000000000000
0.2179323481565843 5.3745004181126657 4723.0000000000000000
0.2195078219432867 5.5278357621239582 4773.0000000000000000
0.2211120549881179 5.6817137048746149 4823.0000000000000000
0.2227454245334931 5.8358792938220532 4872.0000000000000000
0.2244082635082015 5.9900702531676489 4919.0000000000000000
0.2261008594346970 6.1440189867960902 4965.0000000000000000
0.2278234522932786 6.2974527186410167 5007.0000000000000000
0.2295762330295906 6.4500949727179888 5053.0000000000000000
0.2313593350060041 6.6016602294115216 5135.0000000000000000
0.2331728633298987 6.7518871079264509 5217.0000000000000000
0.2350168313613873 6.9004684004498733 5296.0000000000000000
0.2368912339531739 7.0471478057698409 5379.0000000000000000
0.2387959865930793 7.1916333291540910 5484.0000000000000000
0.2407312359214847 7.3336496006331222 5572.0000000000000000
0.2426979165492147 7.4729232631410207 5656.0000000000000000
0.2446943233652255 7.6092007320565909 5738.0000000000000000
0.2467200749675061 7.7422150193913266 5819.0000000000000000
0.2487748302810566 7.8717385694513826 5911.0000000000000000
0.2508607506888316 7.9975374665610977 5992.0000000000000000
0.2529750984954888 8.1193901021775972 6072.0000000000000000
0.2551168792977636 8.2370972440165993 6155.0000000000000000
0.2572854497927478 8.3504725845288377 6245.0000000000000000
0.2594801113649658 8.4593479717144824 6325.0000000000000000
0.2617002349048373 8.5635740079515799 6413.0000000000000000
0.2639469576134882 8.6630212969926017 6507.0000000000000000
0.2648680127135138 8.6765792068497642 6598.0000000000000000
0.2648194565220099 8.5094488056224922 6688.0000000000000000
0.2655290510854155 8.3846540370173237 6785.0000000000000000
0.2666128889620642 8.3204045024537265 6876.0000000000000000
0.2673935577987356 8.2435237744819450 6972.0000000000000000
0.2669866110807298 7.9844507025923361 7060.0000000000000000
0.2669765557140405 7.7474540178127720 7168.0000000000000000
0.2676926162302895 7.6232060217393940 7261.0000000000000000
0.2677206806316335 7.3920812487518726 7353.0000000000000000
0.2665865265206612 6.8577405304589991 7447.0000000000000000
0.2664789211504012 6.5900595493011460 7546.0000000000000000
0.2668599307357415 6.4049495835284382 7636.0000000000000000
0.2655009472613384 5.6049991776589101 7728.0000000000000000
0.2641314459744087 4.7774183220441939 7828.0000000000000000
0.2636094944784649 4.3045941588774586 7920.0000000000000000
0.2615531555538695 2.6210805509051225 8014.0000000000000000
0.2597532937049921 1.2924384624846932 8115.0000000000000000
0.2592801638126616 3.3681911810011074 8206.0000000000000000
0.2564237108342466 1.1767104447041001 8300.0000000000000000
0.2615187282302529 1.5154624649760784 8392.0000000000000000
0.2552524978907609 0.9056298083435537 8484.0000000000000000
0.2541669283961024 0.7169174893801993 8579.0000000000000000
0.2543334669038259 1.4418493662231895 8676.0000000000000000
0.2833551106542955 0.9722214573340171 8774.0000000000000000
0.2701761519281806 1.0780595550977450 8893.0000000000000000
0.2869345091403263 1.0242058046750879 8994.0000000000000000
0.3070641765536235 2.6435730786932150 9092.0000000000000000
0.2858715402404093 1.2766549989520390 9199.0000000000000000
0.2932213732792612 1.6117122736186384 9302.0000000000000000
0.2896506834562224 5.7872548267901767 9418.0000000000000000
0.2895950367180651 4.0517278800059664 9511.0000000000000000
0.2902712342817572 4.1789571718929608 9608.0000000000000000
0.2902278297817958 3.3098175815300186 9706.0000000000000000
0.2899426840745178 2.6587377757640080 9805.0000000000000000
0.2900512487374493 3.0472524959898015 9903.0000000000000000
0.2887007863095007 2.9808389169155705 10004.0000000000000000
0.2878909150504020 1.4607823749470887 10097.0000000000000000
0.2885047948669778 0.2275414948658653 10207.0000000000000000
0.2985605962027926 0.4780301114493455 10304.0000000000000000
0.3043938259524007 1.9139990819887818 10404.0000000000000000
0.2895872220993447 3.7389685137668414 10505.0000000000000000
0.2857313106071483 3.4765329540834324 10615.0000000000000000
0.2829770177489252 0.5815948839381968 10722.0000000000000000
0.2847811878704872 0.4452331444158499 10825.0000000000000000
0.2818978646201841 0.1000268949891441 10942.0000000000000000
0.2839034678597825 0.4399546130878295 11044.0000000000000000
0.2827034151784300 0.0051093045691700 11156.0000000000000000
0.2827384671863927 0.0025838968603248 11260.0000000000000000
0.2827352984601103 0.0080584923139506 11377.0000000000000000
0.2827297026379403 0.0083012842722456 11481.0000000000000000
0.2827241634326146 0.0079038035680406 11590.0000000000000000
0.2827186783259308 0.0075246449542598 11694.0000000000000000
0.2827132449136339 0.0071629832832746 11818.0000000000000000
0.2827078608997508 0.0068180284914974 11924.0000000000000000
0.2827025240913375 0.0064890245625923 12040.0000000000000000
0.2826972323957136 0.0061752478141589 12139.0000000000000000
0.2826919838152885 0.0058760056558267 12239.0000000000000000
0.2826867764429732 0.0055906352702636 12346.0000000000000000
0.2826816084584110 0.0053185023699466 12454.0000000000000000
0.2826764781248486 0.0050589999823656 12569.0000000000000000
0.2826713837829727 0.0048115473531740 12674.0000000000000000
0.2826663238516273 0.0045755887268719 12788.0000000000000000
0.2826612968229654 0.0043505924111381 12893.0000000000000000
0.2826563012542371 0.0041360497537132 13003.0000000000000000
0.2826513357727019 0.0039314739688612 13109.0000000000000000
0.2826463990670126 0.0037363994952077 13216.0000000000000000
0.2826414898888466 0.0035503810058526 13322.0000000000000000
0.2826366070461144 0.0033729925567749 13436.0000000000000000
0.2826317493993010 0.0032038264312216 13540.0000000000000000
0.2826269158664894 0.0030424931575061 13652.0000000000000000
0.2826221054145279 0.0028886200479271 13760.0000000000000000
0.2826173170585930 0.0027418508204185 13878.0000000000000000
0.2826125498602649 0.0026018448860848 13990.0000000000000000
0.2826078029382157 0.0024682763865059 14105.0000000000000000
0.2826077097161404 0.0022426882645591 14221.0000000000000000
0.2826076403950221 0.0020970527796996 14336.0000000000000000
0.2826073601547047 0.0019810535043431 14453.0000000000000000
0.2826069946823841 0.0018759463229799 14569.0000000000000000
0.2826065683461171 0.0017821797030297 14696.0000000000000000
0.2826060842366667 0.0016993431353597 14821.0000000000000000
0.2826055479659059 0.0016259057100574 14931.0000000000000000
0.2826049661474373 0.0015605442937529 15047.0000000000000000
0.2826043448057478 0.0015021942410929 15170.0000000000000000
0.2826036893809156 0.0014499397496755 15289.0000000000000000
0.2826030048663680 0.0014029832708950 15410.0000000000000000
0.2826022958456755 0.0013606327410809 15530.0000000000000000
0.2826015665135511 0.0013222880294582 15649.0000000000000000
0.2826008207016692 0.0012874286070610 15765.0000000000000000
0.2826000619057593 0.0012556031441104 15907.0000000000000000
0.2825992933101656 0.0012264205492409 16027.0000000000000000
0.2825985178075727 0.0011995422096935 16152.0000000000000000
0.2825977380306345 0.0011746751185015 16283.0000000000000000
0.2825969563617660 0.0011515659759478 16404.0000000000000000
0.2825961749595493 0.0011299959088908 16532.0000000000000000
0.2825953957749183 0.0011097759106594 16670.0000000000000000
0.2825946205671902 0.0010907428298002 16792.0000000000000000
0.2825938509200339 0.0010727558683965 16916.0000000000000000
0.2825930882567167 0.0010556935310932 17041.0000000000000000
0.2825923338512263 0.0010394509797112 17167.0000000000000000
0.2825915888432209 0.0010239377219268 17294.0000000000000000
0.2825908542469641 0.0010090756268130 17418.0000000000000000
0.2825901309648897 0.0009947971928566 17547.0000000000000000
0.2825894197948535 0.0009810440669805 17672.0000000000000000
0.2825887214394394 0.0009677657584420 17823.0000000000000000
0.2825880365149311 0.0009549185333343 17964.0000000000000000
0.2825873655583706 0.0009424644663578 18096.0000000000000000
0.2825867090324577 0.0009303706223317 18226.0000000000000000
0.2825860673363728 0.0009186083522787 18363.0000000000000000
0.2825854408081847 0.0009071526942521 18516.0000000000000000
0.2825848297311184 0.0008959818539620 18654.0000000000000000
0.2825842343384526 0.0008850767611928 18795.0000000000000000
0.2825836548181201 0.0008744206812421 18945.0000000000000000
0.2825830913165881 0.0008639989226038 19106.0000000000000000
0.2825825439430011 0.0008537984955698 19241.0000000000000000
0.2825820127722409 0.0008438079246894 19403.0000000000000000
0.2825814978484743 0.0008340170200978 19549.0000000000000000
0.2825809991878337 0.0008244167038716 19679.0000000000000000
0.2825805167812323 0.0008149988581194 19821.0000000000000000
0.2825800505966465 0.0008057561944213 19973.0000000000000000
0.2825796005814742 0.0007966821417184 20112.0000000000000000
0.2825791666645374 0.0007877707500563 20255.0000000000000000
0.2825787487579636 0.0007790166078440 20396.0000000000000000
0.2825783467589049 0.0007704147707524 20534.0000000000000000
0.2825779605510944 0.0007619607005766 20673.0000000000000000
0.2825775900063571 0.0007536502127033 20837.0000000000000000
0.2825772349858092 0.0007454794307853 20990.0000000000000000
0.2825768953411365 0.0007374447479082 21129.0000000000000000
0.2825765709156768 0.0007295427930451 21272.0000000000000000
0.2825762615454673 0.0007217704023164 21409.0000000000000000
0.2825759670601334 0.0007141245938675 21545.0000000000000000
0.2825756872836920 0.0007066025467270 21677.0000000000000000
0.2825754220353522 0.0006992015821751 21823.0000000000000000
0.2825751711302597 0.0006919191478829 21972.0000000000000000
0.2825749343801132 0.0006847528041390 22276.0000000000000000
0.2825747115937137 0.0006777002119876 22422.0000000000000000
0.2825745025775473 0.0006707591229949 22573.0000000000000000
0.2825743071362439 0.0006639273703703 22711.0000000000000000
0.2825741250730360 0.0006572028612965 22854.0000000000000000
0.2825739561901516 0.0006505835703439 22995.0000000000000000
0.2825738002891971 0.0006440675336726 23137.0000000000000000
0.2825736571714915 0.0006376528440859 23276.0000000000000000
0.2825735266383442 0.0006313376466285 23418.0000000000000000
0.2825734084913356 0.0006251201348966 23570.0000000000000000
0.2825733025326654 0.0006189985477712 23714.0000000000000000
0.2825732085651030 0.0006129711664616 23853.0000000000000000
0.2825731263935445 0.0006070363121153 24012.0000000000000000
0.2825730558211715 0.0006011923435917 24158.0000000000000000
0.2825729966550475 0.0005954376553849 24308.0000000000000000
0.2825729487030201 0.0005897706763845 24453.0000000000000000
0.2825729117744574 0.0005841898677578 24596.0000000000000000
0.2825728856805038 0.0005786937220440 24750.0000000000000000
0.2825728702338190 0.0005732807617750 24895.0000000000000000
0.2825728652501517 0.0005679495383359 25042.0000000000000000
0.2825728705446727 0.0005626986319236 25191.0000000000000000
0.2825728859370354 0.0005575266488871 25341.0000000000000000
0.2825729112484744 0.0005524322226818 25498.0000000000000000
0.2825729463016449 0.0005474140120800 25661.0000000000000000
0.2825729909221744 0.0005424707010453 25814.0000000000000000
0.2825730449376674 0.0005376009979572 25974.0000000000000000
0.2825731081780884 0.0005328036350313 26145.0000000000000000
0.2825731804757002 0.0005280773677915 26303.0000000000000000
0.2825732616651094 0.0005234209746271 26461.0000000000000000
0.2825733515832780 0.0005188332562545 26623.0000000000000000
0.2825734500695408 0.0005143130353266 26776.0000000000000000
0.2825735569656114 0.0005098591559830 26937.0000000000000000
0.2825736721155823 0.0005054704834437 27091.0000000000000000
0.2825737953659266 0.0005011459036170 27248.0000000000000000
0.2825739265655091 0.0004968843227050 27407.0000000000000000
0.2825740655655343 0.0004926846668864 27569.0000000000000000
0.2825742122195824 0.0004885458818932 27736.0000000000000000
0.2825743663835822 0.0004844669326993 27889.0000000000000000
0.2825745279157811 0.0004804468031883 28053.0000000000000000
0.2825746966767779 0.0004764844957566 28212.0000000000000000
0.2825748725294580 0.0004725790310660 28372.0000000000000000
0.2825750553389894 0.0004687294476783 28545.0000000000000000
0.2825752449728029 0.0004649348017500 28733.0000000000000000
0.2825754413005693 0.0004611941667205 28902.0000000000000000
0.2825756441941780 0.0004575066330059 29071.0000000000000000
0.2825758535277108 0.0004538713076989 29227.0000000000000000
0.2825760691774196 0.0004502873142702 29410.0000000000000000
0.2825762910216985 0.0004467537922775 29570.0000000000000000
0.2825765189410783 0.0004432698970486 29747.0000000000000000
0.2825767528181443 0.0004398347994872 29924.0000000000000000
0.2825769925375587 0.0004364476856866 30103.0000000000000000
0.2825772379860091 0.0004331077567236 30271.0000000000000000
0.2825774890522208 0.0004298142283003 30444.0000000000000000
0.2825777456268813 0.0004265663305788 30623.0000000000000000
0.2825780076026289 0.0004233633078571 30793.0000000000000000
0.2825782748740239 0.0004202044183197 30960.0000000000000000
0.2825785473375194 0.0004170889337794 31136.0000000000000000
0.2825788248914332 0.0004140161394229 31314.0000000000000000
0.2825791074371763 0.0004109853316773 31493.0000000000000000
0.2825793948754224 0.0004079958244082 31683.0000000000000000
0.2825796871098095 0.0004050469407977 31861.0000000000000000
0.2825799840457234 0.0004021380172232 32036.0000000000000000
0.2825802855902956 0.0003992684020480 32211.0000000000000000
0.2825805916528276 0.0003964374549186 32386.0000000000000000
0.2825809021438059 0.0003936445482225 32570.0000000000000000
0.2825812169753479 0.0003908890655048 32741.0000000000000000
0.2825815360611912 0.0003881704015660 32920.0000000000000000
0.2825818593166802 0.0003854879622151 33119.0000000000000000
0.2825821866587732 0.0003828411640025 33294.0000000000000000
0.2825825180060376 0.0003802294340050 33472.0000000000000000
0.2825828532788706 0.0003776522091853 33650.0000000000000000
0.2825831923982144 0.0003751089385321 33968.0000000000000000
0.2825835352869872 0.0003725990794723 34143.0000000000000000
0.2825838818695423 0.0003701220996271 34329.0000000000000000
0.2825842320716566 0.0003676774761846 34519.0000000000000000
0.2825845858205762 0.0003652646957682 34703.0000000000000000
0.2825849430445499 0.0003628832545515 34878.0000000000000000
0.2825853036733457 0.0003605326574772 35054.0000000000000000
0.2825856676379315 0.0003582124185331 35237.0000000000000000
0.2825860348707064 0.0003559220603135 35439.0000000000000000
0.2825864053056852 0.0003536611134288 35653.0000000000000000
0.2825867788768134 0.0003514291188489 35830.0000000000000000
0.2825871555205228 0.0003492256232847 36012.0000000000000000
0.2825875351748410 0.0003470501810344 36210.0000000000000000
0.2825879177773242 0.0003449023583245 36396.0000000000000000
0.2825883032665260 0.0003427817278891 36579.0000000000000000
0.2825886915839436 0.0003406878659865 36763.0000000000000000
0.2825890826712780 0.0003386203599785 36946.0000000000000000
0.2825894764713627 0.0003365788036192 37130.0000000000000000
