Residual Convergence speed Computational time
0.1253411710624857 0.0728885236830476 11.0000000000000000
0.1249449834960834 0.9123638285914873 28.0000000000000000
0.1249544280837270 1.1728380372884557 35.0000000000000000
0.1246957995360516 1.4041941618535791 41.0000000000000000
0.1241308588908297 1.4851494980709834 55.0000000000000000
0.1236016827777628 1.6024682998639015 68.0000000000000000
0.1231367683700249 1.6259989096305969 74.0000000000000000
0.1227568011559322 1.5747856158007807 87.0000000000000000
0.1224860036353102 1.4612408941732826 94.0000000000000000
0.1223497225594825 1.2881956808298349 105.0000000000000000
0.1223725143721162 1.0616231633340680 117.0000000000000000
0.1225768047298996 0.7924006092680277 128.0000000000000000
0.1229806230117323 0.5059885342007923 138.0000000000000000
0.1235957285734367 0.3131760985222843 153.0000000000000000
0.1228228093341253 0.2943537544256325 170.0000000000000000
0.1216765851827275 0.2512041944124994 178.0000000000000000
0.1209434451312152 0.3596283802231699 193.0000000000000000
0.1209982352177743 0.3296531783604623 212.0000000000000000
0.1213390984792990 0.2567714965411858 224.0000000000000000
0.1218248770573088 0.2363823333377918 270.0000000000000000
0.1221232039744930 0.2841365864519622 291.0000000000000000
0.1221627137109644 0.3883552363210094 470.0000000000000000
0.1232256827730462 0.3962824703120192 585.0000000000000000
0.1227265551405971 0.6960058546735856 665.0000000000000000
0.1231714117131486 1.2103817325834580 679.0000000000000000
0.1245189424142006 1.1629540375898400 691.0000000000000000
0.1223180367481163 0.7787202249166553 703.0000000000000000
0.1214333392470974 1.1281128053783280 717.0000000000000000
0.1208454325863622 1.2832353100809348 730.0000000000000000
0.1201394648294688 1.7555444162274698 744.0000000000000000
0.1199742570548421 2.3548574013073797 760.0000000000000000
0.1188559997896753 1.9440713390379549 775.0000000000000000
0.1171895392951515 0.7848697553107518 790.0000000000000000
0.1169039934663816 0.9712376556256251 804.0000000000000000
0.1167708618858987 1.1734036502866831 820.0000000000000000
0.1165964198806125 1.2621596212399702 838.0000000000000000
0.1163852500656134 1.2717286015503773 857.0000000000000000
0.1161681206303034 1.2333059861635896 877.0000000000000000
0.1159699930407738 1.1669639336811624 896.0000000000000000
0.1158090371323159 1.0866704265664400 924.0000000000000000
0.1158195065220862 1.0231952156011235 945.0000000000000000
0.1159546822365747 0.9774544573782968 974.0000000000000000
0.1161670047820966 0.9425642062094788 995.0000000000000000
0.1164279424821707 0.9174429543841287 1053.0000000000000000
0.1167337751621623 0.8972383360673368 1076.0000000000000000
0.1170837434168522 0.8806324358200434 1104.0000000000000000
0.1174782892159704 0.8678148333104564 1127.0000000000000000
0.1179183379617346 0.8597728165562328 1155.0000000000000000
0.1184049613641083 0.8578833746848061 1177.0000000000000000
0.1171769868539301 0.9924529410438694 1207.0000000000000000
0.1141746103452685 1.2048881809092795 1229.0000000000000000
0.1129249406691585 1.2039640195563117 1254.0000000000000000
0.1125452100845814 1.2136732115369679 1276.0000000000000000
0.1126471759528697 1.2309963360931451 1293.0000000000000000
0.1129787178661104 1.2352814038029900 1329.0000000000000000
0.1134268189205993 1.2396586444229383 1358.0000000000000000
0.1131958427558646 1.2328699470621383 1376.0000000000000000
0.1095318279329439 1.1802121633425433 1394.0000000000000000
0.1074087769509698 1.1859773523892707 1412.0000000000000000
0.1065014868113758 1.1624621686910006 1433.0000000000000000
0.1061184104418773 1.1463677475044731 1455.0000000000000000
0.1059961652737256 1.1396594677671279 1473.0000000000000000
0.1060236411130240 1.1436092810161613 1492.0000000000000000
0.1061506974791444 1.1586023852679270 1513.0000000000000000
0.1063519921716781 1.1843271818855090 1542.0000000000000000
0.1066256012479095 1.2264461320309752 1591.0000000000000000
0.1050367250177160 1.1245296327035816 1626.0000000000000000
0.1032328162649353 2.6477973969714395 1648.0000000000000000
0.1030303751533748 3.0598996197912309 1670.0000000000000000
0.1028133228740031 3.1566793865856444 1699.0000000000000000
0.1024596850862555 3.0799007440879533 1721.0000000000000000
0.1020552200937672 2.9123554765570172 1779.0000000000000000
0.1016711608619152 2.6981762527788526 1820.0000000000000000
0.1013470530747894 2.4610192503357569 1847.0000000000000000
0.1011018917146446 2.2144574758972246 1874.0000000000000000
0.1009445064650194 1.9675707000622595 1901.0000000000000000
0.1008771773806836 1.7281430709787160 1923.0000000000000000
0.1009247889972512 1.5315531571784124 1945.0000000000000000
0.1011567209963243 1.4681632270322726 1972.0000000000000000
0.1014862575790798 1.4354410355274603 2004.0000000000000000
0.1018771125815232 1.4186159319477076 2044.0000000000000000
0.1023125584885349 1.4105703153536233 2072.0000000000000000
0.1027841400117794 1.4077986155354159 2106.0000000000000000
0.1032871159328192 1.4085150269064033 2130.0000000000000000
0.1038184916753202 1.4117727413164152 2156.0000000000000000
0.1041787007848690 1.3230767472800535 2180.0000000000000000
0.1028483139231474 1.1332548092258734 2212.0000000000000000
0.1001323829578671 1.1574266730478664 2241.0000000000000000
0.0980979021740485 1.1868415351164834 2279.0000000000000000
0.0972684356441833 1.1747654077601122 2353.0000000000000000
0.0969775147517850 1.1594609455564127 2387.0000000000000000
0.0969478517568544 1.1476082391712845 2427.0000000000000000
0.0970564088551959 1.1439216947581250 2453.0000000000000000
0.0972443690749527 1.1507290227653169 2479.0000000000000000
0.0974821860857011 1.1686803809193298 2509.0000000000000000
0.0977546530403261 1.1974194329302019 2537.0000000000000000
0.0976326855084178 1.1954071906364976 2582.0000000000000000
0.0958857739039126 1.7649213373393369 2610.0000000000000000
0.0952344496542519 1.7634015588042207 2645.0000000000000000
0.0949343334072577 1.6644641204559747 2703.0000000000000000
0.0947972453663771 1.5239820612643102 2739.0000000000000000
0.0948343234883691 1.4673697649333695 2771.0000000000000000
0.0949966637140416 1.4533349481395130 2806.0000000000000000
0.0952300788725938 1.4468407327630106 2841.0000000000000000
0.0955076859062090 1.4447333011566716 2871.0000000000000000
0.0958157661677415 1.4454515169898319 2909.0000000000000000
0.0961472360658321 1.4482031904920585 2942.0000000000000000
0.0964988978878799 1.4525731601356910 2974.0000000000000000
0.0968682999550517 1.4583328621912308 3004.0000000000000000
0.0972535627018394 1.4653449082276357 3037.0000000000000000
0.0976548442089574 1.4735188143339251 3088.0000000000000000
0.0980711979096361 1.4827893748733749 3137.0000000000000000
0.0985010226610312 1.4931033052399614 3174.0000000000000000
0.0989438471835452 1.5044166855892465 3204.0000000000000000
0.0993992928714550 1.5166912484413695 3233.0000000000000000
0.0998674492064175 1.5298930825215538 3262.0000000000000000
0.1003474917130905 1.5439949316126440 3327.0000000000000000
0.1008391056865887 1.5589628579320984 3364.0000000000000000
0.1013420127133455 1.5747810516469807 3397.0000000000000000
0.1018559593680486 1.5914258215720800 3429.0000000000000000
0.1023806931391348 1.6088625644964945 3459.0000000000000000
0.1029160022722253 1.6270875901534185 3493.0000000000000000
0.1034616796503873 1.6460758653261163 3527.0000000000000000
0.1040170256761019 1.6656656174940125 3585.0000000000000000
0.1044333317759620 1.6457551274217674 3621.0000000000000000
0.1047716961289321 1.6151951409413376 3653.0000000000000000
0.1050745537548131 1.5823438496091369 3687.0000000000000000
0.1053636240534406 1.5507351630994952 3728.0000000000000000
0.1045873896159094 1.5175844164149594 3769.0000000000000000
0.1032828335464092 1.5327961872380773 3833.0000000000000000
0.1028715382556763 1.4810098455732246 3881.0000000000000000
0.1028907329048124 1.4438560096542796 3924.0000000000000000
0.1031319917247577 1.4217502782340665 3970.0000000000000000
0.1014113142074934 1.7804639920321172 4009.0000000000000000
0.0994773797377366 2.7055465045208709 4058.0000000000000000
0.0990148481050951 2.8436731972830933 4122.0000000000000000
0.0991044290058807 3.0043910601846169 4163.0000000000000000
0.0994166208429781 3.1445471910005010 4203.0000000000000000
0.0998318191752955 3.2751465040752072 4242.0000000000000000
0.1003021867795370 3.4023434928478067 4288.0000000000000000
0.1008075275624495 3.5293548993858663 4342.0000000000000000
0.1013397122115632 3.6577980162702661 4404.0000000000000000
0.1018955629519420 3.7884338698423452 4438.0000000000000000
0.1024741008475295 3.9215782606489968 4475.0000000000000000
0.1030753166533786 4.0573091442905218 4512.0000000000000000
0.1036996431562854 4.1955950278556839 4549.0000000000000000
0.1043476927447498 4.3363116752205144 4591.0000000000000000
0.1050203732865201 4.4793188707147777 4637.0000000000000000
0.1057180637408697 4.6244294614253825 4676.0000000000000000
0.1064418587595526 4.7714658678041797 4728.0000000000000000
0.1071919517319871 4.9202104574340604 4770.0000000000000000
0.1079688884651391 5.0704501114789817 4830.0000000000000000
0.1087732026434160 5.2219524677844387 4880.0000000000000000
0.1096054053076423 5.3745004181126657 4926.0000000000000000
0.1104659485529043 5.5278357621239582 4970.0000000000000000
0.1113552510698895 5.6817137048746149 5029.0000000000000000
0.1122736901035572 5.8358792938220532 5074.0000000000000000
0.1132215985776474 5.9900702531676489 5130.0000000000000000
0.1141992640125559 6.1440189867960902 5175.0000000000000000
0.1152069263796934 6.2974527186410167 5224.0000000000000000
0.1162447766188660 6.4500949727179888 5278.0000000000000000
0.1173129479505635 6.6016602294115216 5361.0000000000000000
0.1184115458696438 6.7518871079264509 5500.0000000000000000
0.1195405833063278 6.9004684004498733 5586.0000000000000000
0.1207000554841560 7.0471478057698409 5690.0000000000000000
0.1218898776892525 7.1916333291540910 5779.0000000000000000
0.1231100193092693 7.3336496006331222 5860.0000000000000000
0.1243607579069149 7.4729232631410207 5948.0000000000000000
0.1256412227023646 7.6092007320565909 6041.0000000000000000
0.1269510322120834 7.7422150193913266 6151.0000000000000000
0.1282898454716619 7.8717385694513826 6255.0000000000000000
0.1296583251807807 7.9975374665610977 6353.0000000000000000
0.1310549886342234 8.1193901021775972 6434.0000000000000000
0.1324790850909002 8.2370972440165993 6517.0000000000000000
0.1339299712441902 8.3504725845288377 6603.0000000000000000
0.1354069484771399 8.4593479717144824 6689.0000000000000000
0.1369093160666113 8.5635740079515799 6781.0000000000000000
0.1384371027896371 8.6630212969926017 6868.0000000000000000
0.1386442738906440 8.6765792068497642 6961.0000000000000000
0.1378848663576338 8.5094488056224922 7048.0000000000000000
0.1378809465505210 8.3846540370173237 7144.0000000000000000
0.1382499385908297 8.3204045024537265 7241.0000000000000000
0.1383170536157447 8.2435237744819450 7332.0000000000000000
0.1372011831203657 7.9844507025923361 7423.0000000000000000
0.1364808932818394 7.7474540178127720 7514.0000000000000000
0.1364838943723345 7.6232060217393940 7606.0000000000000000
0.1358020448449302 7.3920812487518726 7696.0000000000000000
0.1339633679969591 6.8577405304589991 7791.0000000000000000
0.1331471672582183 6.5900595493011460 7888.0000000000000000
0.1328176478876097 6.4049495835284382 7978.0000000000000000
0.1307576455313872 5.6049991776589101 8077.0000000000000000
0.1286887873761254 4.7774183220441939 8170.0000000000000000
0.1274641841627345 4.3045941588774586 8262.0000000000000000
0.1247204561210187 2.6210805509051225 8356.0000000000000000
0.1222427845949491 1.2924384624846932 8455.0000000000000000
0.1211280560442546 3.3681911810011074 8550.0000000000000000
0.1174064085456342 1.1767104447041001 8643.0000000000000000
0.1216549829444716 1.5154624649760784 8743.0000000000000000
0.1143641449958637 0.9056298083435537 8837.0000000000000000
0.1123380826791792 0.7169174893801993 8939.0000000000000000
0.1115263172493536 1.4418493662231895 9042.0000000000000000
0.1392606036369141 0.9722214573340171 9139.0000000000000000
0.1246587498765665 1.0780595550977450 9231.0000000000000000
0.1400979716753616 1.0242058046750879 9332.0000000000000000
0.1589780338005296 2.6435730786932150 9428.0000000000000000
0.1367966517921911 1.2766549989520390 9533.0000000000000000
0.1429888388341112 1.6117122736186384 9696.0000000000000000
0.1385263586019914 5.7872548267901767 9804.0000000000000000
0.1374679979268922 4.0517278800059664 9900.0000000000000000
0.1372307828233354 4.1789571718929608 9998.0000000000000000
0.1363648954556691 3.3098175815300186 10098.0000000000000000
0.1353302336517394 2.6587377757640080 10198.0000000000000000
0.1347287418894684 3.0472524959898015 10299.0000000000000000
0.1326572090419118 2.9808389169155705 10395.0000000000000000
0.1311222128181821 1.4607823749470887 10490.0000000000000000
0.1309980465914522 0.2275414948658653 10593.0000000000000000
0.1401560579712757 0.4780301114493455 10707.0000000000000000
0.1452168717249569 1.9139990819887818 10808.0000000000000000
0.1301261391019599 3.7389685137668414 10908.0000000000000000
0.1259638100031279 3.4765329540834324 11007.0000000000000000
0.1226997056218070 0.5815948839381968 11105.0000000000000000
0.1239289066509772 0.4452331444158499 11205.0000000000000000
0.1208491706848903 0.1000268949891441 11312.0000000000000000
0.1224570510377922 0.4399546130878295 11412.0000000000000000
0.1212195619286584 0.0051093045691700 11544.0000000000000000
0.1211927782265099 0.0025838968603248 11677.0000000000000000
0.1211896941021028 0.0080584923139506 11793.0000000000000000
0.1211865647745737 0.0083012842722456 11908.0000000000000000
0.1211834920639373 0.0079038035680406 12027.0000000000000000
0.1211804734519899 0.0075246449542598 12128.0000000000000000
0.1211775065342976 0.0071629832832746 12223.0000000000000000
0.1211745890147731 0.0068180284914974 12323.0000000000000000
0.1211717187009208 0.0064890245625923 12420.0000000000000000
0.1211688934999502 0.0061752478141589 12518.0000000000000000
0.1211661114140966 0.0058760056558267 12629.0000000000000000
0.1211633705362745 0.0055906352702636 12739.0000000000000000
0.1211606690461868 0.0053185023699466 12872.0000000000000000
0.1211580052067962 0.0050589999823656 12975.0000000000000000
0.1211553773596262 0.0048115473531740 13089.0000000000000000
0.1211527839230172 0.0045755887268719 13205.0000000000000000
0.1211502233881868 0.0043505924111381 13335.0000000000000000
0.1211476943139000 0.0041360497537132 13457.0000000000000000
0.1211451953267206 0.0039314739688612 13561.0000000000000000
0.1211427251157636 0.0037363994952077 13679.0000000000000000
0.1211402824317932 0.0035503810058526 13790.0000000000000000
0.1211378660827835 0.0033729925567749 13894.0000000000000000
0.1211354749307034 0.0032038264312216 14053.0000000000000000
0.1211331078926224 0.0030424931575061 14163.0000000000000000
0.1211307639353603 0.0028886200479271 14274.0000000000000000
0.1211284420740960 0.0027418508204185 14382.0000000000000000
0.1211261413703340 0.0026018448860848 14495.0000000000000000
0.1211238609352931 0.0024682763865059 14606.0000000000000000
0.1211235868143903 0.0022426882645591 14729.0000000000000000
0.1211233484268829 0.0020970527796996 14879.0000000000000000
0.1211230472103215 0.0019810535043431 14995.0000000000000000
0.1211227291293082 0.0018759463229799 15107.0000000000000000
0.1211224007295876 0.0017821797030297 15227.0000000000000000
0.1211220611163234 0.0016993431353597 15349.0000000000000000
0.1211217107619942 0.0016259057100574 15470.0000000000000000
0.1211213508504819 0.0015605442937529 15584.0000000000000000
0.1211209826065982 0.0015021942410929 15703.0000000000000000
0.1211206072392088 0.0014499397496755 15817.0000000000000000
0.1211202259504103 0.0014029832708950 15942.0000000000000000
0.1211198399161911 0.0013606327410809 16057.0000000000000000
0.1211194502682060 0.0013222880294582 16184.0000000000000000
0.1211190580829990 0.0012874286070610 16302.0000000000000000
0.1211186643760995 0.0012556031441104 16452.0000000000000000
0.1211182700984325 0.0012264205492409 16579.0000000000000000
0.1211178761333542 0.0011995422096935 16697.0000000000000000
0.1211174833008505 0.0011746751185015 16815.0000000000000000
0.1211170923541292 0.0011515659759478 16938.0000000000000000
0.1211167039846272 0.0011299959088908 17061.0000000000000000
0.1211163188237538 0.0011097759106594 17184.0000000000000000
0.1211159374454450 0.0010907428298002 17310.0000000000000000
0.1211155603694088 0.0010727558683965 17436.0000000000000000
0.1211151880646465 0.0010556935310932 17562.0000000000000000
0.1211148209517004 0.0010394509797112 17697.0000000000000000
0.1211144594069247 0.0010239377219268 17820.0000000000000000
0.1211141037645247 0.0010090756268130 17958.0000000000000000
0.1211137543208384 0.0009947971928566 18080.0000000000000000
0.1211134113361566 0.0009810440669805 18217.0000000000000000
0.1211130750376062 0.0009677657584420 18343.0000000000000000
0.1211127456220496 0.0009549185333343 18480.0000000000000000
0.1211124232583043 0.0009424644663578 18621.0000000000000000
0.1211121080885498 0.0009303706223317 18748.0000000000000000
0.1211118002323576 0.0009186083522787 18893.0000000000000000
0.1211114997872140 0.0009071526942521 19023.0000000000000000
0.1211112068307556 0.0008959818539620 19158.0000000000000000
0.1211109214224788 0.0008850767611928 19299.0000000000000000
0.1211106436053572 0.0008744206812421 19447.0000000000000000
0.1211103734072676 0.0008639989226038 19584.0000000000000000
0.1211101108424183 0.0008537984955698 19728.0000000000000000
0.1211098559124903 0.0008438079246894 19859.0000000000000000
0.1211096086079450 0.0008340170200978 20005.0000000000000000
0.1211093689089948 0.0008244167038716 20155.0000000000000000
0.1211091367866537 0.0008149988581194 20286.0000000000000000
0.1211089122035773 0.0008057561944213 20442.0000000000000000
0.1211086951149499 0.0007966821417184 20574.0000000000000000
0.1211084854692328 0.0007877707500563 20708.0000000000000000
0.1211082832088729 0.0007790166078440 20849.0000000000000000
0.1211080882709511 0.0007704147707524 21024.0000000000000000
0.1211079005877705 0.0007619607005766 21167.0000000000000000
0.1211077200874330 0.0007536502127033 21302.0000000000000000
0.1211075466942888 0.0007454794307853 21447.0000000000000000
0.1211073803294263 0.0007374447479082 21583.0000000000000000
0.1211072209110833 0.0007295427930451 21727.0000000000000000
0.1211070683550482 0.0007217704023164 21871.0000000000000000
0.1211069225749968 0.0007141245938675 22005.0000000000000000
0.1211067834827972 0.0007066025467270 22142.0000000000000000
0.1211066509888163 0.0006992015821751 22279.0000000000000000
0.1211065250022054 0.0006919191478829 22426.0000000000000000
0.1211064054311332 0.0006847528041390 22570.0000000000000000
0.1211062921829934 0.0006777002119876 22709.0000000000000000
0.1211061851646283 0.0006707591229949 22849.0000000000000000
0.1211060842825008 0.0006639273703703 22990.0000000000000000
0.1211059894428690 0.0006572028612965 23137.0000000000000000
0.1211059005519335 0.0006505835703439 23276.0000000000000000
0.1211058175159824 0.0006440675336726 23425.0000000000000000
0.1211057402415164 0.0006376528440859 23560.0000000000000000
0.1211056686353513 0.0006313376466285 23705.0000000000000000
0.1211056026047220 0.0006251201348966 23859.0000000000000000
0.1211055420574175 0.0006189985477712 24003.0000000000000000
0.1211054869017462 0.0006129711664616 24146.0000000000000000
0.1211054370471869 0.0006070363121153 24294.0000000000000000
0.1211053924027413 0.0006011923435917 24439.0000000000000000
0.1211053528793061 0.0005954376553849 24587.0000000000000000
0.1211053183883435 0.0005897706763845 24728.0000000000000000
0.1211052888421851 0.0005841898677578 24870.0000000000000000
0.1211052641541322 0.0005786937220440 25023.0000000000000000
0.1211052442383345 0.0005732807617750 25173.0000000000000000
0.1211052290104534 0.0005679495383359 25323.0000000000000000
0.1211052183860921 0.0005626986319236 25474.0000000000000000
0.1211052122829428 0.0005575266488871 25644.0000000000000000
0.1211052106195445 0.0005524322226818 25829.0000000000000000
0.1211052133152075 0.0005474140120800 25994.0000000000000000
0.1211052202906683 0.0005424707010453 26142.0000000000000000
0.1211052314676593 0.0005376009979572 26288.0000000000000000
0.1211052467690659 0.0005328036350313 26450.0000000000000000
0.1211052661188952 0.0005280773677915 26605.0000000000000000
0.1211052894422896 0.0005234209746271 26772.0000000000000000
0.1211053166655269 0.0005188332562545 26930.0000000000000000
0.1211053477160232 0.0005143130353266 27078.0000000000000000
0.1211053825223299 0.0005098591559830 27232.0000000000000000
0.1211054210141303 0.0005054704834437 27381.0000000000000000
0.1211054631222357 0.0005011459036170 27534.0000000000000000
0.1211055087785862 0.0004968843227050 27710.0000000000000000
0.1211055579162242 0.0004926846668864 27872.0000000000000000
0.1211056104693070 0.0004885458818932 28025.0000000000000000
0.1211056663730905 0.0004844669326993 28201.0000000000000000
0.1211057255639142 0.0004804468031883 28352.0000000000000000
0.1211057879792108 0.0004764844957566 28505.0000000000000000
0.1211058535574765 0.0004725790310660 28668.0000000000000000
0.1211059222382653 0.0004687294476783 28826.0000000000000000
0.1211059939621784 0.0004649348017500 28986.0000000000000000
0.1211060686708517 0.0004611941667205 29147.0000000000000000
0.1211061463069431 0.0004575066330059 29315.0000000000000000
0.1211062268141202 0.0004538713076989 29476.0000000000000000
0.1211063101370472 0.0004502873142702 29634.0000000000000000
0.1211063962213710 0.0004467537922775 29795.0000000000000000
0.1211064850137168 0.0004432698970486 29954.0000000000000000
0.1211065764616506 0.0004398347994872 30115.0000000000000000
0.1211066705136868 0.0004364476856866 30292.0000000000000000
0.1211067671192641 0.0004331077567236 30460.0000000000000000
0.1211068662287489 0.0004298142283003 30622.0000000000000000
0.1211069677934012 0.0004265663305788 30798.0000000000000000
0.1211070717653679 0.0004233633078571 30961.0000000000000000
0.1211071780976690 0.0004202044183197 31135.0000000000000000
0.1211072867441830 0.0004170889337794 31301.0000000000000000
0.1211073976596339 0.0004140161394229 31477.0000000000000000
0.1211075108001117 0.0004109853316773 31642.0000000000000000
0.1211076261214417 0.0004079958244082 31817.0000000000000000
0.1211077435807579 0.0004050469407977 31982.0000000000000000
0.1211078631359834 0.0004021380172232 32157.0000000000000000
0.1211079847458287 0.0003992684020480 32331.0000000000000000
0.1211081083699706 0.0003964374549186 32507.0000000000000000
0.1211082339686319 0.0003936445482225 32673.0000000000000000
0.1211083615027700 0.0003908890655048 32845.0000000000000000
0.1211084909340714 0.0003881704015660 33019.0000000000000000
0.1211086222249442 0.0003854879622151 33199.0000000000000000
0.1211087553385206 0.0003828411640025 33407.0000000000000000
0.1211088902386533 0.0003802294340050 33582.0000000000000000
0.1211090268900087 0.0003776522091853 33756.0000000000000000
0.1211091652575194 0.0003751089385321 33933.0000000000000000
0.1211093053069917 0.0003725990794723 34118.0000000000000000
0.1211094470048746 0.0003701220996271 34312.0000000000000000
0.1211095903182541 0.0003676774761846 34490.0000000000000000
0.1211097352148719 0.0003652646957682 34661.0000000000000000
0.1211098816629256 0.0003628832545515 34882.0000000000000000
0.1211100296312881 0.0003605326574772 35073.0000000000000000
0.1211101790893706 0.0003582124185331 35261.0000000000000000
0.1211103300072206 0.0003559220603135 35439.0000000000000000
0.1211104823555995 0.0003536611134288 35621.0000000000000000
0.1211106361052645 0.0003514291188489 35801.0000000000000000
0.1211107912280562 0.0003492256232847 35980.0000000000000000
0.1211109476965180 0.0003470501810344 36155.0000000000000000
0.1211111054830169 0.0003449023583245 36343.0000000000000000
0.1211112645603676 0.0003427817278891 36541.0000000000000000
0.1211114249026588 0.0003406878659865 36774.0000000000000000
0.1211115864840882 0.0003386203599785 36951.0000000000000000
0.1211117492793565 0.0003365788036192 37129.0000000000000000
