Residual Convergence speed Computational time
0.1247943314573476 0.0728885236830476 10.0000000000000000
0.1241790125715517 0.9123638285914873 24.0000000000000000
0.1237270174296947 1.1728380372884557 29.0000000000000000
0.1229602417930691 1.4041941618535791 40.0000000000000000
0.1218729680801492 1.4851494980709834 48.0000000000000000
0.1208188107347174 1.6024682998639015 67.0000000000000000
0.1198267443310809 1.6259989096305969 78.0000000000000000
0.1189190301816129 1.5747856158007807 84.0000000000000000
0.1181195515366285 1.4612408941732826 90.0000000000000000
0.1174538354167913 1.2881956808298349 98.0000000000000000
0.1169468532747230 1.0616231633340680 105.0000000000000000
0.1166207663087425 0.7924006092680277 119.0000000000000000
0.1164932557521964 0.5059885342007923 143.0000000000000000
0.1165765307760931 0.3131760985222843 154.0000000000000000
0.1152500947792337 0.2943537544256325 162.0000000000000000
0.1134956667968920 0.2512041944124994 173.0000000000000000
0.1121109692171286 0.3596283802231699 181.0000000000000000
0.1115582274597937 0.3296531783604623 192.0000000000000000
0.1113181638579685 0.2567714965411858 212.0000000000000000
0.1112390381674218 0.2363823333377918 222.0000000000000000
0.1109917598544321 0.2841365864519622 265.0000000000000000
0.1104925289781959 0.3883552363210094 295.0000000000000000
0.1109757458770220 0.3962824703120192 310.0000000000000000
0.1097752410646492 0.6960058546735856 321.0000000000000000
0.1094729682657773 1.2103817325834580 336.0000000000000000
0.1101555532066655 1.1629540375898400 351.0000000000000000
0.1074265329540378 0.7787202249166553 362.0000000000000000
0.1060063706575474 1.1281128053783280 373.0000000000000000
0.1048977021173040 1.2832353100809348 385.0000000000000000
0.1036956508059062 1.7555444162274698 398.0000000000000000
0.1030443228853789 2.3548574013073797 412.0000000000000000
0.1014526507783827 1.9440713390379549 429.0000000000000000
0.0993168569486764 0.7848697553107518 544.0000000000000000
0.0985281912785315 0.9712376556256251 738.0000000000000000
0.0978747945044403 1.1734036502866831 847.0000000000000000
0.0971702323108616 1.2621596212399702 865.0000000000000000
0.0964243306140026 1.2717286015503773 884.0000000000000000
0.0956699810376667 1.2333059861635896 902.0000000000000000
0.0949335567662961 1.1669639336811624 925.0000000000000000
0.0942338430944012 1.0866704265664400 951.0000000000000000
0.0937034849262040 1.0231952156011235 971.0000000000000000
0.0932955341019692 0.9774544573782968 992.0000000000000000
0.0929643243140685 0.9425642062094788 1011.0000000000000000
0.0926818321192824 0.9174429543841287 1031.0000000000000000
0.0924442862198777 0.8972383360673368 1049.0000000000000000
0.0922509014335256 0.8806324358200434 1069.0000000000000000
0.0921021069874222 0.8678148333104564 1089.0000000000000000
0.0919988218860778 0.8597728165562328 1108.0000000000000000
0.0919421146424728 0.8578833746848061 1130.0000000000000000
0.0902481779605090 0.9924529410438694 1151.0000000000000000
0.0868730071381722 1.2048881809092795 1183.0000000000000000
0.0851674839079275 1.2039640195563117 1208.0000000000000000
0.0842922921016910 1.2136732115369679 1228.0000000000000000
0.0838790801832918 1.2309963360931451 1247.0000000000000000
0.0836863437984583 1.2352814038029900 1266.0000000000000000
0.0836058348500676 1.2396586444229383 1283.0000000000000000
0.0828783725081971 1.2328699470621383 1299.0000000000000000
0.0788679558660373 1.1802121633425433 1318.0000000000000000
0.0763453050137696 1.1859773523892707 1376.0000000000000000
0.0749785634476440 1.1624621686910006 1414.0000000000000000
0.0741021453484488 1.1463677475044731 1453.0000000000000000
0.0734720741139192 1.1396594677671279 1476.0000000000000000
0.0729866047850925 1.1436092810161613 1497.0000000000000000
0.0725981561897465 1.1586023852679270 1517.0000000000000000
0.0722826663872001 1.1843271818855090 1536.0000000000000000
0.0720381401559401 1.2264461320309752 1555.0000000000000000
0.0699708431341514 1.1245296327035816 1580.0000000000000000
0.0677102026627927 2.6477973969714395 1607.0000000000000000
0.0670075482621448 3.0598996197912309 1630.0000000000000000
0.0662754051012006 3.1566793865856444 1655.0000000000000000
0.0654026987965966 3.0799007440879533 1684.0000000000000000
0.0644771764990826 2.9123554765570172 1719.0000000000000000
0.0635710655674484 2.6981762527788526 1744.0000000000000000
0.0627244088716259 2.4610192503357569 1767.0000000000000000
0.0619564499885720 2.2144574758972246 1788.0000000000000000
0.0612754726326517 1.9675707000622595 1881.0000000000000000
0.0606844195158462 1.7281430709787160 1911.0000000000000000
0.0602080978428058 1.5315531571784124 1939.0000000000000000
0.0599151980019375 1.4681632270322726 1965.0000000000000000
0.0597194534751744 1.4354410355274603 1989.0000000000000000
0.0595848026900142 1.4186159319477076 2018.0000000000000000
0.0594946304753444 1.4105703153536233 2044.0000000000000000
0.0594405378156443 1.4077986155354159 2069.0000000000000000
0.0594178114451555 1.4085150269064033 2100.0000000000000000
0.0594234708550766 1.4117727413164152 2135.0000000000000000
0.0592591837825446 1.3230767472800535 2165.0000000000000000
0.0574168473201023 1.1332548092258734 2197.0000000000000000
0.0542001303496865 1.1574266730478664 2221.0000000000000000
0.0516584957381289 1.1868415351164834 2247.0000000000000000
0.0503017402034403 1.1747654077601122 2276.0000000000000000
0.0494790770630702 1.1594609455564127 2302.0000000000000000
0.0489192927120829 1.1476082391712845 2333.0000000000000000
0.0484991981785015 1.1439216947581250 2379.0000000000000000
0.0481592416305609 1.1507290227653169 2406.0000000000000000
0.0478695092970117 1.1686803809193298 2433.0000000000000000
0.0476146106283325 1.1974194329302019 2510.0000000000000000
0.0469585719559552 1.1954071906364976 2550.0000000000000000
0.0446552258768235 1.7649213373393369 2586.0000000000000000
0.0434596061956798 1.7634015588042207 2615.0000000000000000
0.0426221127543987 1.6644641204559747 2645.0000000000000000
0.0419511066550449 1.5239820612643102 2678.0000000000000000
0.0414564945023597 1.4673697649333695 2708.0000000000000000
0.0410884589797170 1.4533349481395130 2734.0000000000000000
0.0407921558101728 1.4468407327630106 2767.0000000000000000
0.0405403732269831 1.4447333011566716 2798.0000000000000000
0.0403192282298562 1.4454515169898319 2828.0000000000000000
0.0401214335626405 1.4482031904920585 2854.0000000000000000
0.0399430185678637 1.4525731601356910 2914.0000000000000000
0.0397817023812308 1.4583328621912308 2944.0000000000000000
0.0396360738102463 1.4653449082276357 2982.0000000000000000
0.0395051805046290 1.4735188143339251 3011.0000000000000000
0.0393883209123957 1.4827893748733749 3056.0000000000000000
0.0392849343587528 1.4931033052399614 3087.0000000000000000
0.0391945485686606 1.5044166855892465 3114.0000000000000000
0.0391167482375672 1.5166912484413695 3142.0000000000000000
0.0390511656025190 1.5298930825215538 3170.0000000000000000
0.0389974695259493 1.5439949316126440 3203.0000000000000000
0.0389553448831359 1.5589628579320984 3239.0000000000000000
0.0389245132288559 1.5747810516469807 3270.0000000000000000
0.0389047213692842 1.5914258215720800 3302.0000000000000000
0.0388957165213715 1.6088625644964945 3335.0000000000000000
0.0388972870397317 1.6270875901534185 3368.0000000000000000
0.0389092258306534 1.6460758653261163 3420.0000000000000000
0.0389308382310223 1.6656656174940125 3452.0000000000000000
0.0388148360292192 1.6457551274217674 3487.0000000000000000
0.0386216931673433 1.6151951409413376 3520.0000000000000000
0.0383934441198494 1.5823438496091369 3554.0000000000000000
0.0381516080162132 1.5507351630994952 3584.0000000000000000
0.0368424780249814 1.5175844164149594 3616.0000000000000000
0.0349992239828527 1.5327961872380773 3654.0000000000000000
0.0340563366118929 1.4810098455732246 3690.0000000000000000
0.0335471116800014 1.4438560096542796 3734.0000000000000000
0.0332615408280213 1.4217502782340665 3768.0000000000000000
0.0309786481813681 1.7804639920321172 3803.0000000000000000
0.0284612100020046 2.7055465045208709 3837.0000000000000000
0.0274392157401155 2.8436731972830933 3901.0000000000000000
0.0269799124512768 3.0043910601846169 3939.0000000000000000
0.0267502476229019 3.1445471910005010 3986.0000000000000000
0.0266265354634736 3.2751465040752072 4020.0000000000000000
0.0265594230697267 3.4023434928478067 4054.0000000000000000
0.0265283127951119 3.5293548993858663 4089.0000000000000000
0.0265245609606076 3.6577980162702661 4125.0000000000000000
0.0265447325713485 3.7884338698423452 4168.0000000000000000
0.0265877199338654 3.9215782606489968 4206.0000000000000000
0.0266534495051563 4.0573091442905218 4241.0000000000000000
0.0267423219224842 4.1955950278556839 4276.0000000000000000
0.0268549057034933 4.3363116752205144 4312.0000000000000000
0.0269918558061479 4.4793188707147777 4364.0000000000000000
0.0271538197300867 4.6244294614253825 4493.0000000000000000
0.0273414451567814 4.7714658678041797 4550.0000000000000000
0.0275553391848734 4.9202104574340604 4604.0000000000000000
0.0277960775158391 5.0704501114789817 4646.0000000000000000
0.0280641934534650 5.2219524677844387 4687.0000000000000000
0.0283601981709358 5.3745004181126657 4729.0000000000000000
0.0286845435101175 5.5278357621239582 4780.0000000000000000
0.0290376481312183 5.6817137048746149 4979.0000000000000000
0.0294198892811053 5.8358792938220532 5032.0000000000000000
0.0298315998797319 5.9900702531676489 5084.0000000000000000
0.0302730674459501 6.1440189867960902 5126.0000000000000000
0.0307445319445045 6.2974527186410167 5168.0000000000000000
0.0312461843108227 6.4500949727179888 5212.0000000000000000
0.0317781576589831 6.6016602294115216 5290.0000000000000000
0.0323405577744526 6.7518871079264509 5368.0000000000000000
0.0329333972650332 6.9004684004498733 5446.0000000000000000
0.0335566716323927 7.0471478057698409 5527.0000000000000000
0.0342102960113825 7.1916333291540910 5610.0000000000000000
0.0348941068501077 7.3336496006331222 5693.0000000000000000
0.0356078889251900 7.4729232631410207 5773.0000000000000000
0.0363513972052189 7.6092007320565909 5868.0000000000000000
0.0371242501455165 7.7422150193913266 5945.0000000000000000
0.0379261068646159 7.8717385694513826 6028.0000000000000000
0.0387565060497427 7.9975374665610977 6114.0000000000000000
0.0396149062382744 8.1193901021775972 6196.0000000000000000
0.0405007394357528 8.2370972440165993 6282.0000000000000000
0.0414133623327720 8.3504725845288377 6365.0000000000000000
0.0423520763112706 8.4593479717144824 6451.0000000000000000
0.0433161269379418 8.5635740079515799 6550.0000000000000000
0.0443047116717487 8.6630212969926017 6638.0000000000000000
0.0439764697734916 8.6765792068497642 6728.0000000000000000
0.0426839237343517 8.5094488056224922 6816.0000000000000000
0.0421448681493501 8.3846540370173237 6917.0000000000000000
0.0419777258124038 8.3204045024537265 7010.0000000000000000
0.0415096754785015 8.2435237744819450 7097.0000000000000000
0.0398621121500927 7.9844507025923361 7188.0000000000000000
0.0386091464576886 7.7474540178127720 7272.0000000000000000
0.0380773529788683 7.6232060217393940 7360.0000000000000000
0.0368630680049027 7.3920812487518726 7446.0000000000000000
0.0344959991041826 6.8577405304589991 7538.0000000000000000
0.0331483518390811 6.5900595493011460 7635.0000000000000000
0.0322859357515109 6.4049495835284382 7723.0000000000000000
0.0297001692339238 5.6049991776589101 7815.0000000000000000
0.0271067934274129 4.7774183220441939 7906.0000000000000000
0.0253552014259367 4.3045941588774586 7997.0000000000000000
0.0220959315463806 2.6210805509051225 8094.0000000000000000
0.0191099027624168 1.2924384624846932 8184.0000000000000000
0.0175139752179494 3.3681911810011074 8275.0000000000000000
0.0131434318291750 1.1767104447041001 8366.0000000000000000
0.0167571739801356 1.5154624649760784 8456.0000000000000000
0.0086978803246907 0.9056298083435537 8555.0000000000000000
0.0059664483914867 0.7169174893801993 8670.0000000000000000
0.0044209550084994 1.4418493662231895 8963.0000000000000000
0.0311897233738780 0.9722214573340171 9243.0000000000000000
0.0155206983378560 1.0780595550977450 9368.0000000000000000
0.0299705685766382 1.0242058046750879 9473.0000000000000000
0.0479134267357091 2.6435730786932150 9572.0000000000000000
0.0249904854560274 1.2766549989520390 9690.0000000000000000
0.0303144380002486 1.6117122736186384 9800.0000000000000000
0.0251831149613182 5.7872548267901767 9903.0000000000000000
0.0233727188335126 4.0517278800059664 10005.0000000000000000
0.0224504442295190 4.1789571718929608 10114.0000000000000000
0.0209676947110741 3.3098175815300186 10407.0000000000000000
0.0193708958346556 2.6587377757640080 10663.0000000000000000
0.0182368617534827 3.0472524959898015 10765.0000000000000000
0.0156245260912201 2.9808389169155705 10916.0000000000000000
0.0135456861440172 1.4607823749470887 11015.0000000000000000
0.0128679853848079 0.2275414948658653 11125.0000000000000000
0.0213526542976380 0.4780301114493455 11233.0000000000000000
0.0258341560543741 1.9139990819887818 11337.0000000000000000
0.0105303268539214 3.7389685137668414 11437.0000000000000000
0.0061381845501126 3.4765329540834324 11536.0000000000000000
0.0024917215264684 0.5815948839381968 11636.0000000000000000
0.0032896957363448 0.4452331444158499 11736.0000000000000000
0.0000626502334201 0.1000268949891441 11847.0000000000000000
0.0013722384212994 0.4399546130878295 11963.0000000000000000
0.0001066719913297 0.0051093045691700 12067.0000000000000000
0.0000335115065978 0.0025838968603248 12172.0000000000000000
0.0000304908335973 0.0080584923139506 12270.0000000000000000
0.0000292113770488 0.0083012842722456 12374.0000000000000000
0.0000279885374293 0.0079038035680406 12483.0000000000000000
0.0000268197965342 0.0075246449542598 12600.0000000000000000
0.0000257027497954 0.0071629832832746 12700.0000000000000000
0.0000246351010398 0.0068180284914974 12799.0000000000000000
0.0000236146581083 0.0064890245625923 12904.0000000000000000
0.0000226393281276 0.0061752478141589 13013.0000000000000000
0.0000217071132027 0.0058760056558267 13120.0000000000000000
0.0000208161062505 0.0055906352702636 13222.0000000000000000
0.0000199644870186 0.0053185023699466 13334.0000000000000000
0.0000191505182568 0.0050589999823656 13434.0000000000000000
0.0000183725421163 0.0048115473531740 13536.0000000000000000
0.0000176289765596 0.0045755887268719 13648.0000000000000000
0.0000169183121028 0.0043505924111381 13755.0000000000000000
0.0000162391086471 0.0041360497537132 13859.0000000000000000
0.0000155899922346 0.0039314739688612 13973.0000000000000000
0.0000149696523268 0.0037363994952077 14077.0000000000000000
0.0000143768390030 0.0035503810058526 14181.0000000000000000
0.0000138103602853 0.0033729925567749 14291.0000000000000000
0.0000132690792552 0.0032038264312216 14402.0000000000000000
0.0000127519122221 0.0030424931575061 14518.0000000000000000
0.0000122578259847 0.0028886200479271 14637.0000000000000000
0.0000117858357232 0.0027418508204185 14770.0000000000000000
0.0000113350028859 0.0026018448860848 14880.0000000000000000
0.0000109044331012 0.0024682763865059 15001.0000000000000000
0.0000104946380777 0.0022426882645591 15115.0000000000000000
0.0000101294507785 0.0020970527796996 15236.0000000000000000
0.0000098125020341 0.0019810535043431 15352.0000000000000000
0.0000095299645012 0.0018759463229799 15483.0000000000000000
0.0000092750171904 0.0017821797030297 15606.0000000000000000
0.0000090437760659 0.0016993431353597 15735.0000000000000000
0.0000088328590605 0.0016259057100574 15854.0000000000000000
0.0000086393777653 0.0015605442937529 15982.0000000000000000
0.0000084609572360 0.0015021942410929 16098.0000000000000000
0.0000082956329287 0.0014499397496755 16220.0000000000000000
0.0000081417634420 0.0014029832708950 16353.0000000000000000
0.0000079979690778 0.0013606327410809 16483.0000000000000000
0.0000078630841972 0.0013222880294582 16604.0000000000000000
0.0000077361189964 0.0012874286070610 16726.0000000000000000
0.0000076162288547 0.0012556031441104 16846.0000000000000000
0.0000075026896326 0.0012264205492409 16979.0000000000000000
0.0000073948776903 0.0011995422096935 17100.0000000000000000
0.0000072922535125 0.0011746751185015 17220.0000000000000000
0.0000071943484016 0.0011515659759478 17337.0000000000000000
0.0000071007534357 0.0011299959088908 17473.0000000000000000
0.0000070111103804 0.0011097759106594 17604.0000000000000000
0.0000069251041362 0.0010907428298002 17736.0000000000000000
0.0000068424564400 0.0010727558683965 17868.0000000000000000
0.0000067629205938 0.0010556935310932 18000.0000000000000000
0.0000066862770559 0.0010394509797112 18131.0000000000000000
0.0000066123297025 0.0010239377219268 18295.0000000000000000
0.0000065409026951 0.0010090756268130 18437.0000000000000000
0.0000064718377999 0.0009947971928566 18569.0000000000000000
0.0000064049921340 0.0009810440669805 18706.0000000000000000
0.0000063402362313 0.0009677657584420 18833.0000000000000000
0.0000062774523885 0.0009549185333343 18960.0000000000000000
0.0000062165332546 0.0009424644663578 19094.0000000000000000
0.0000061573806189 0.0009303706223317 19244.0000000000000000
0.0000060999043462 0.0009186083522787 19389.0000000000000000
0.0000060440214860 0.0009071526942521 19520.0000000000000000
0.0000059896554836 0.0008959818539620 19654.0000000000000000
0.0000059367354984 0.0008850767611928 19835.0000000000000000
0.0000058851957850 0.0008744206812421 19973.0000000000000000
0.0000058349752773 0.0008639989226038 20122.0000000000000000
0.0000057860169812 0.0008537984955698 20260.0000000000000000
0.0000057382676774 0.0008438079246894 20401.0000000000000000
0.0000056916775480 0.0008340170200978 20556.0000000000000000
0.0000056461998656 0.0008244167038716 20696.0000000000000000
0.0000056017907197 0.0008149988581194 20836.0000000000000000
0.0000055584087755 0.0008057561944213 20968.0000000000000000
0.0000055160150567 0.0007966821417184 21116.0000000000000000
0.0000054745727544 0.0007877707500563 21254.0000000000000000
0.0000054340470549 0.0007790166078440 21401.0000000000000000
0.0000053944049857 0.0007704147707524 21542.0000000000000000
0.0000053556152777 0.0007619607005766 21685.0000000000000000
0.0000053176482401 0.0007536502127033 21822.0000000000000000
0.0000052804756486 0.0007454794307853 21960.0000000000000000
0.0000052440706437 0.0007374447479082 22093.0000000000000000
0.0000052084076382 0.0007295427930451 22232.0000000000000000
0.0000051734622338 0.0007217704023164 22384.0000000000000000
0.0000051392111443 0.0007141245938675 22528.0000000000000000
0.0000051056321261 0.0007066025467270 22664.0000000000000000
0.0000050727039144 0.0006992015821751 22812.0000000000000000
0.0000050404061646 0.0006919191478829 22958.0000000000000000
0.0000050087193981 0.0006847528041390 23095.0000000000000000
0.0000049776249532 0.0006777002119876 23241.0000000000000000
0.0000049471049391 0.0006707591229949 23399.0000000000000000
0.0000049171421936 0.0006639273703703 23537.0000000000000000
0.0000048877202437 0.0006572028612965 23683.0000000000000000
0.0000048588232699 0.0006505835703439 23834.0000000000000000
0.0000048304360714 0.0006440675336726 23972.0000000000000000
0.0000048025440352 0.0006376528440859 24110.0000000000000000
0.0000047751331066 0.0006313376466285 24253.0000000000000000
0.0000047481897618 0.0006251201348966 24392.0000000000000000
0.0000047217009815 0.0006189985477712 24548.0000000000000000
0.0000046956542287 0.0006129711664616 24703.0000000000000000
0.0000046700374188 0.0006070363121153 24851.0000000000000000
0.0000046448389188 0.0006011923435917 24998.0000000000000000
0.0000046200475001 0.0005954376553849 25157.0000000000000000
0.0000045956523360 0.0005897706763845 25320.0000000000000000
0.0000045716429810 0.0005841898677578 25485.0000000000000000
0.0000045480093535 0.0005786937220440 25637.0000000000000000
0.0000045247417212 0.0005732807617750 25786.0000000000000000
0.0000045018306797 0.0005679495383359 25929.0000000000000000
0.0000044792671566 0.0005626986319236 26079.0000000000000000
0.0000044570423733 0.0005575266488871 26226.0000000000000000
0.0000044351478471 0.0005524322226818 26377.0000000000000000
0.0000044135753795 0.0005474140120800 26552.0000000000000000
0.0000043923170388 0.0005424707010453 26709.0000000000000000
0.0000043713651532 0.0005376009979572 26859.0000000000000000
0.0000043507122990 0.0005328036350313 27037.0000000000000000
0.0000043303512914 0.0005280773677915 27186.0000000000000000
0.0000043102751747 0.0005234209746271 27340.0000000000000000
0.0000042904772137 0.0005188332562545 27500.0000000000000000
0.0000042709508849 0.0005143130353266 27670.0000000000000000
0.0000042516898687 0.0005098591559830 27835.0000000000000000
0.0000042326880413 0.0005054704834437 28002.0000000000000000
0.0000042139394676 0.0005011459036170 28160.0000000000000000
0.0000041954383940 0.0004968843227050 28325.0000000000000000
0.0000041771792418 0.0004926846668864 28482.0000000000000000
0.0000041591566005 0.0004885458818932 28649.0000000000000000
0.0000041413652219 0.0004844669326993 28805.0000000000000000
0.0000041238000140 0.0004804468031883 28972.0000000000000000
0.0000041064560356 0.0004764844957566 29157.0000000000000000
0.0000040893284903 0.0004725790310660 29322.0000000000000000
0.0000040724127222 0.0004687294476783 29481.0000000000000000
0.0000040557042101 0.0004649348017500 29665.0000000000000000
0.0000040391985634 0.0004611941667205 29819.0000000000000000
0.0000040228915170 0.0004575066330059 29986.0000000000000000
0.0000040067789273 0.0004538713076989 30149.0000000000000000
0.0000039908567679 0.0004502873142702 30318.0000000000000000
0.0000039751211254 0.0004467537922775 30486.0000000000000000
0.0000039595681957 0.0004432698970486 30657.0000000000000000
0.0000039441942803 0.0004398347994872 30828.0000000000000000
0.0000039289957828 0.0004364476856866 30998.0000000000000000
0.0000039139692053 0.0004331077567236 31171.0000000000000000
0.0000038991111449 0.0004298142283003 31343.0000000000000000
0.0000038844182911 0.0004265663305788 31527.0000000000000000
0.0000038698874222 0.0004233633078571 31704.0000000000000000
0.0000038555154028 0.0004202044183197 31876.0000000000000000
0.0000038412991808 0.0004170889337794 32043.0000000000000000
0.0000038272357845 0.0004140161394229 32206.0000000000000000
0.0000038133223132 0.0004109853316773 32368.0000000000000000
0.0000037995559561 0.0004079958244082 32546.0000000000000000
0.0000037859339691 0.0004050469407977 32720.0000000000000000
0.0000037724536784 0.0004021380172232 32895.0000000000000000
0.0000037591124786 0.0003992684020480 33068.0000000000000000
0.0000037459078278 0.0003964374549186 33252.0000000000000000
0.0000037328372513 0.0003936445482225 33432.0000000000000000
0.0000037198983366 0.0003908890655048 33597.0000000000000000
0.0000037070887316 0.0003881704015660 33769.0000000000000000
0.0000036944061423 0.0003854879622151 33934.0000000000000000
0.0000036818483312 0.0003828411640025 34111.0000000000000000
0.0000036694131151 0.0003802294340050 34280.0000000000000000
0.0000036570983624 0.0003776522091853 34457.0000000000000000
0.0000036449019982 0.0003751089385321 34638.0000000000000000
0.0000036328219951 0.0003725990794723 34818.0000000000000000
0.0000036208563738 0.0003701220996271 34998.0000000000000000
0.0000036090032022 0.0003676774761846 35207.0000000000000000
0.0000035972605937 0.0003652646957682 35375.0000000000000000
0.0000035856267075 0.0003628832545515 35547.0000000000000000
0.0000035740997450 0.0003605326574772 35720.0000000000000000
0.0000035626779500 0.0003582124185331 35901.0000000000000000
0.0000035513596063 0.0003559220603135 36070.0000000000000000
0.0000035401430352 0.0003536611134288 36278.0000000000000000
0.0000035290266029 0.0003514291188489 36457.0000000000000000
0.0000035180087064 0.0003492256232847 36636.0000000000000000
0.0000035070877758 0.0003470501810344 36813.0000000000000000
0.0000034962622864 0.0003449023583245 37002.0000000000000000
0.0000034855307488 0.0003427817278891 37180.0000000000000000
0.0000034748916953 0.0003406878659865 37370.0000000000000000
0.0000034643436958 0.0003386203599785 37556.0000000000000000
0.0000034538853518 0.0003365788036192 37746.0000000000000000
