0.125000000000000000 0.030325443786982247 166.000000000000000000
0.124547376892917547 0.029362601364804383 271.000000000000000000
0.124109172042306426 0.028404121021276284 275.000000000000000000
0.123698659679612355 0.027474991593622267 278.000000000000000000
0.123314479417312481 0.026574945433347954 282.000000000000000000
0.122954989770660286 0.025703465343954277 286.000000000000000000
0.122618636768239128 0.024859996183082794 289.000000000000000000
0.122303952642896022 0.024043935830419642 293.000000000000000000
0.122009554261730921 0.023254647560508736 297.000000000000000000
0.121734139657633592 0.022491467206575445 300.000000000000000000
0.121476484730234022 0.021753710429200133 304.000000000000000000
0.121235439818137308 0.021040679059939501 308.000000000000000000
0.121009926193077377 0.020351666607895939 312.000000000000000000
0.120798932526250721 0.019685963005705236 316.000000000000000000
0.120601511371141654 0.019042858677488110 321.000000000000000000
0.120416775699132131 0.018421648008658531 325.000000000000000000
0.120243895509335688 0.017821632265610659 329.000000000000000000
0.120082094534978395 0.017242122031674485 333.000000000000000000
0.119930647069375437 0.016682439244397114 337.000000000000000000
0.119788874909490403 0.016141918834823719 341.000000000000000000
0.119656144439232628 0.015619910074280086 345.000000000000000000
0.119531863837547825 0.015115777588886402 349.000000000000000000
0.119415480447248146 0.014628902226230220 354.000000000000000000
0.119306478244711647 0.014158681541382116 358.000000000000000000
0.119204375484073546 0.013704530271101485 363.000000000000000000
0.119108722455654473 0.013265880556041172 367.000000000000000000
0.119019099383588151 0.012842182074770534 372.000000000000000000
0.118935114441598877 0.012432902024339006 539.000000000000000000
0.118856401895105629 0.012037525032083845 711.000000000000000000
0.118782620351296275 0.011655552943296271 862.000000000000000000
0.118713451133312636 0.011286504616874271 872.000000000000000000
0.118648596836382139 0.010929916124781442 888.000000000000000000
0.118587779681850372 0.010585339137589168 900.000000000000000000
0.118530740375014362 0.010252341707265690 1063.000000000000000000
0.118477236794738372 0.009930507445957684 1220.000000000000000000
0.118427042834526458 0.009619435146399291 1385.000000000000000000
0.118379947328131896 0.009318738414436279 1485.000000000000000000
0.118335753019515100 0.009028045097944803 1650.000000000000000000
0.118294275639634891 0.008746996973309940 1713.000000000000000000
0.118255343014622261 0.008475249196001605 1766.000000000000000000
0.118218794250174675 0.008212469869897952 1935.000000000000000000
0.118184478972503546 0.007958339621321892 2091.000000000000000000
0.118152256615267334 0.007712551130631829 2246.000000000000000000
0.118121995739861985 0.007474808539278211 2406.000000000000000000
0.118093573481722794 0.007244827535528593 2481.000000000000000000
0.118066874987855633 0.007022335058206414 2640.000000000000000000
0.118041792693686518 0.006807067227084048 2820.000000000000000000
0.118018226028336420 0.006598770732226796 2989.000000000000000000
0.117996080889904015 0.006397201859612843 3158.000000000000000000
0.117975269212605940 0.006202126122573639 3324.000000000000000000
0.117955708565684145 0.006013317902235895 3490.000000000000000000
0.117937321779730361 0.005830560098099687 3659.000000000000000000
0.117920036598769248 0.005653643792159189 3928.000000000000000000
0.117903785356072530 0.005482367924183749 4134.000000000000000000
0.117888504672096966 0.005316538978610830 4291.000000000000000000
0.117874135173082414 0.005155970683839892 4461.000000000000000000
0.117860621228759940 0.005000483722537127 4622.000000000000000000
0.117847910707888887 0.004849905453406736 4792.000000000000000000
0.117835954750310751 0.004704069643293020 4954.000000000000000000
0.117824707554478672 0.004562816210840207 5116.000000000000000000
0.117814126179266204 0.004425990979863362 5280.000000000000000000
0.117804170359118415 0.004293445442873484 5431.000000000000000000
0.117794802331603179 0.004165036534283011 5586.000000000000000000
0.117785986676502238 0.004040626412951228 5742.000000000000000000
0.117777690165636412 0.003920082253729008 5897.000000000000000000
0.117769881622689795 0.003803276047695476 6057.000000000000000000
0.117762531792337283 0.003690084410749483 6214.000000000000000000
0.117755613218049573 0.003580388400493396 6377.000000000000000000
0.117749100127900824 0.003474073339757461 6535.000000000000000000
0.117742968327988584 0.003371028649133873 6696.000000000000000000
0.117737195102786837 0.003271147685551211 6853.000000000000000000
0.117731759122040563 0.003174327587918005 7007.000000000000000000
0.117726640353733536 0.003080469129291757 7162.000000000000000000
0.117721819982723783 0.002989476575301134 7317.000000000000000000
0.117717280334664512 0.002901257548550962 7474.000000000000000000
0.117713004804843424 0.002815722898750830 7633.000000000000000000
0.117708977791624092 0.002732786578322784 7791.000000000000000000
0.117705184634166751 0.002652365523252059 7948.000000000000000000
0.117701611554151972 0.002574379538947051 8107.000000000000000000
0.117698245601231571 0.002498751190893607 8263.000000000000000000
0.117695074601971067 0.002425405699888283 8422.000000000000000000
0.117692087112037547 0.002354270841649832 8576.000000000000000000
0.117689272371445594 0.002285276851075417 8735.000000000000000000
0.117686620262567196 0.002218356328645016 8893.000000000000000000
0.117684121270904676 0.002153444153436368 9050.000000000000000000
0.117681766448264183 0.002090477397933753 9214.000000000000000000
0.117679547378261390 0.002029395246785430 9360.000000000000000000
0.117677456143994788 0.001970138918897928 9512.000000000000000000
0.117675485297737914 0.001912651592717815 9667.000000000000000000
0.117673627832527827 0.001856878334558644 9820.000000000000000000
0.117671877155517954 0.001802766029838269 9994.000000000000000000
0.117670227062994931 0.001750263317096858 10154.000000000000000000
0.117668671716933113 0.001699320524674562 10322.000000000000000000
0.117667205623011764 0.001649889609929412 10493.000000000000000000
0.117665823609978848 0.001601924100885147 10656.000000000000000000
0.117664520810290288 0.001555379040201184 10819.000000000000000000
0.117663292641941572 0.001510210931363344 10986.000000000000000000
0.117662134791405665 0.001466377686998189 11157.000000000000000000
0.117661043197622675 0.001423838579218275 11320.000000000000000000
0.117660014036965951 0.001382554191910442 11485.000000000000000000
0.117659043709118907 0.001342486374881790 11650.000000000000000000
0.117658128823819486 0.001303598199786883 11813.000000000000000000
0.117657266188401971 0.001265853917753241 11976.000000000000000000
0.117656452796098238 0.001229218918637145 12146.000000000000000000
0.117655685815045624 0.001193659691838676 12305.000000000000000000
0.117654962577957406 0.001159143788609495 12461.000000000000000000
0.117654280572418321 0.001125639785788099 12615.000000000000000000
0.117653637431757996 0.001093117250905707 12772.000000000000000000
0.117653030926484242 0.001061546708608633 12930.000000000000000000
0.117652458956215233 0.001030899608330221 12966.000000000000000000
0.117651919542106798 0.001001148293168889 13011.000000000000000000
0.117651410819726854 0.000972265969919694 13167.000000000000000000
0.117650931032354342 0.000944226680214097 13331.000000000000000000
0.117650478524680996 0.000917005272718710 13486.000000000000000000
0.117650051736885378 0.000890577376336656 13644.000000000000000000
0.117649649199059833 0.000864919374442542 13797.000000000000000000
0.117649269525965702 0.000840008379971445 13962.000000000000000000
0.117648911412104554 0.000815822211456226 14126.000000000000000000
0.117648573627075564 0.000792339369916757 14283.000000000000000000
0.117648255011210831 0.000769539016574116 14439.000000000000000000
0.117647954471465047 0.000747400951360963 14607.000000000000000000
0.117647670977550939 0.000725905592196825 14766.000000000000000000
0.117647403558300015 0.000705033954991287 14918.000000000000000000
0.117647151298236718 0.000684767634354127 15084.000000000000000000
0.117646913334356173 0.000665088784980548 15254.000000000000000000
0.117646688853087461 0.000645980103687415 15422.000000000000000000
0.117646477087438930 0.000627424812070760 15578.000000000000000000
0.117646277314306685 0.000609406639767664 15737.000000000000000000
0.117646088851942485 0.000591909808294149 15896.000000000000000000
0.117645911057570288 0.000574919015438350 16048.000000000000000000
0.117645743325139510 0.000558419420188238 16208.000000000000000000
0.117645585083209506 0.000542396628174728 16368.000000000000000000
0.117645435792959496 0.000526836677606160 16519.000000000000000000
0.117645294946313136 0.000511726025680207 16669.000000000000000000
0.117645162064170750 0.000497051535454217 16831.000000000000000000
0.117645036694743854 0.000482800463156120 16998.000000000000000000
0.117644918411990984 0.000468960445921246 17164.000000000000000000
0.117644806814138345 0.000455519489937301 17319.000000000000000000
0.117644701522288980 0.000442465958983415 17479.000000000000000000
0.117644602179111393 0.000429788563348687 17639.000000000000000000
0.117644508447606599 0.000417476349117968 17781.000000000000000000
0.117644420009943074 0.000405518687809838 17934.000000000000000000
0.117644336566358323 0.000393905266353970 18073.000000000000000000
0.117644257834130364 0.000382626077396858 18090.000000000000000000
0.117644183546599931 0.000371671409922895 18247.000000000000000000
0.117644113452254451 0.000361031840180765 18416.000000000000000000
0.117644047313862729 0.000350698222903602 18446.000000000000000000
0.117643984907660537 0.000340661682812917 18462.000000000000000000
0.117643926022582015 0.000330913606396199 18472.000000000000000000
0.117643870459535657 0.000321445633947333 18495.000000000000000000
0.117643818030722810 0.000312249651865128 18507.000000000000000000
0.117643768558991724 0.000303317785195089 18518.000000000000000000
0.117643721877233320 0.000294642390409289 18529.000000000000000000
0.117643677827810267 0.000286216048416114 18538.000000000000000000
0.117643636262014170 0.000278031557791105 18548.000000000000000000
0.117643597039563036 0.000270081928221511 18564.000000000000000000
0.117643560028116573 0.000262360374159950 18608.000000000000000000
0.117643525102829147 0.000254860308669512 18773.000000000000000000
0.117643492145921361 0.000247575337474508 18804.000000000000000000
0.117643461046278749 0.000240499253188566 18953.000000000000000000
0.117643431699075998 0.000233626029725040 18998.000000000000000000
0.117643404005413871 0.000226949816881870 19034.000000000000000000
0.117643377871991431 0.000220464935094508 19143.000000000000000000
0.117643353210779691 0.000214165870355868 19181.000000000000000000
0.117643329938728405 0.000208047269277044 19192.000000000000000000
0.117643307977481792 0.000202103934325514 19204.000000000000000000
0.117643287253112530 0.000196330819193617 19213.000000000000000000
0.117643267695869649 0.000190723024313080 19222.000000000000000000
0.117643249239944486 0.000185275792507793 19230.000000000000000000
0.117643231823244723 0.000179984504781506 19239.000000000000000000
0.117643215387184502 0.000174844676231416 19396.000000000000000000
0.117643199876487983 0.000169851952206299 19438.000000000000000000
0.117643185238999401 0.000165002104103391 19448.000000000000000000
0.117643171425506232 0.000160291026007998 19461.000000000000000000
0.117643158389575009 0.000155714730967676 19471.000000000000000000
0.117643146087393069 0.000151269347489971 19485.000000000000000000
0.117643134477619565 0.000146951116147124 19533.000000000000000000
0.117643123521246604 0.000142756386284442 19583.000000000000000000
0.117643113181466363 0.000138681612826939 19597.000000000000000000
0.117643103423547890 0.000134723353183048 19679.000000000000000000
0.117643094214718302 0.000130878264243269 19761.000000000000000000
0.117643085524054503 0.000127143099465022 19825.000000000000000000
0.117643077322375472 0.000123514706046552 19836.000000000000000000
0.117643069582146209 0.000119990022189930 19863.000000000000000000
0.117643062277384511 0.000116566074440464 19877.000000000000000000
0.117643055383571810 0.000113239975102730 19914.000000000000000000
0.117643048877572265 0.000110008919746391 19928.000000000000000000
0.117643042737554257 0.000106870184768402 19943.000000000000000000
0.117643036942915030 0.000103821125043269 19999.000000000000000000
0.117643031474214579 0.000100859171627681 20128.000000000000000000
0.117643026313106844 0.000097981829554692 20220.000000000000000000
0.117643021442279949 0.000095186675464464 20240.000000000000000000
0.117643016845398532 0.000092471357216790 20251.000000000000000000
0.117643012507045883 0.000089833588197971 20269.000000000000000000
0.117643008412671710 0.000087271147587427 20283.000000000000000000
0.117643004548530328 0.000084781868361220 20350.000000000000000000
0.117643000901645853 0.000082363641093121 20399.000000000000000000
0.117642997459807067 0.000080014440138476 20459.000000000000000000
0.117642994211486093 0.000077732295212766 20472.000000000000000000
0.117642991145827186 0.000075515310195900 20495.000000000000000000
0.117642988252556424 0.000073361623105513 20570.000000000000000000
0.117642985521967045 0.000071269416935726 20637.000000000000000000
0.117642982944905397 0.000069236931899101 20647.000000000000000000
0.117642980512731560 0.000067262456318087 20659.000000000000000000
0.117642978217301991 0.000065344336984250 20669.000000000000000000
0.117642976050947867 0.000063480982623626 20679.000000000000000000
0.117642974006360132 0.000061670783992891 20688.000000000000000000
0.117642972076719338 0.000059912247183910 20698.000000000000000000
0.117642970255557838 0.000058203893834281 20708.000000000000000000
0.117642968536793846 0.000056544306821821 20717.000000000000000000
0.117642966914648428 0.000054932074391072 20727.000000000000000000
0.117642965383688208 0.000053365842308645 20737.000000000000000000
0.117642963938785997 0.000051844296777041 20751.000000000000000000
0.117642962575102983 0.000050366161708402 20761.000000000000000000
0.117642961288072195 0.000048930196944867 20775.000000000000000000
0.117642960073383124 0.000047535197182548 20802.000000000000000000
0.117642958926970895 0.000046179994834826 20850.000000000000000000
0.117642957844993484 0.000044863450544594 20876.000000000000000000
0.117642956823829803 0.000043584461262186 20933.000000000000000000
0.117642955860047693 0.000042341937938962 21039.000000000000000000
0.117642954950434114 0.000041134855306739 21123.000000000000000000
0.117642954091954091 0.000039962215995156 21136.000000000000000000
0.117642953281710524 0.000038823005594656 21162.000000000000000000
0.117642952517011262 0.000037716296126754 21223.000000000000000000
0.117642951795288955 0.000036641151378360 21236.000000000000000000
0.117642951114127953 0.000035596669997800 21400.000000000000000000
0.117642950471247731 0.000034581975893316 21428.000000000000000000
0.117642949864498456 0.000033596221510054 21440.000000000000000000
0.117642949291850721 0.000032638584893973 21452.000000000000000000
0.117642948751385937 0.000031708260407777 21499.000000000000000000
0.117642948241296397 0.000030804470081991 21564.000000000000000000
0.117642947759864100 0.000029926438656102 21667.000000000000000000
0.117642947305491824 0.000029073454810970 21727.000000000000000000
0.117642946876654789 0.000028244797321569 21757.000000000000000000
0.117642946471911106 0.000027439758884627 21877.000000000000000000
0.117642946089911812 0.000026657675444833 21931.000000000000000000
0.117642945729378001 0.000025897891925909 21949.000000000000000000
0.117642945389024325 0.000025159596354652 21991.000000000000000000
0.117642945067794435 0.000024442343896774 22004.000000000000000000
0.117642944764616078 0.000023745538896120 22028.000000000000000000
0.117642944478474717 0.000023068598057135 22149.000000000000000000
0.117642944208413189 0.000022410954708983 22165.000000000000000000
0.117642943953528020 0.000021772058326043 22219.000000000000000000
0.117642943712965173 0.000021151374074443 22240.000000000000000000
0.117642943485920137 0.000020548382361862 22327.000000000000000000
0.117642943271633882 0.000019962578361510 22343.000000000000000000
0.117642943069389161 0.000019393471710162 22473.000000000000000000
0.117642942878508835 0.000018840586042214 22491.000000000000000000
0.117642942698354486 0.000018303458561350 22578.000000000000000000
0.117642942528322914 0.000017781639625055 22645.000000000000000000
0.117642942367845935 0.000017274692443503 22719.000000000000000000
0.117642942216446875 0.000016782394388597 22858.000000000000000000
0.117642942073555967 0.000016304134391446 22911.000000000000000000
0.117642941938693402 0.000015839506654010 22927.000000000000000000
0.117642941811407720 0.000015388122286980 23064.000000000000000000
0.117642941691272915 0.000014949603669117 23222.000000000000000000
0.117642941577888099 0.000014523583933666 23282.000000000000000000
0.117642941470873258 0.000014109706755302 23304.000000000000000000
0.117642941369870871 0.000013707625906368 23321.000000000000000000
0.117642941274542612 0.000013317004932164 23416.000000000000000000
0.117642941184567001 0.000012937505733994 23448.000000000000000000
0.117642941099648332 0.000012568828181677 23521.000000000000000000
0.117642941019500083 0.000012210658273201 23675.000000000000000000
0.117642940943855204 0.000011862697612738 23732.000000000000000000
0.117642940872459911 0.000011524654917675 23778.000000000000000000
0.117642940805076257 0.000011196246528890 23801.000000000000000000
0.117642940741477867 0.000010877198436460 23900.000000000000000000
0.117642940681452562 0.000010567242471220 23998.000000000000000000
0.117642940624799311 0.000010266119337419 24015.000000000000000000
0.117642940571328833 0.000009973578439656 24036.000000000000000000

