0.277790979327942722 0.938783625239678843 10.000000000000000000
0.227422491112819730 0.001902189695957896 14.000000000000000000
0.274461544407918423 0.000015999397419959 22.000000000000000000
0.274460739807441678 0.006205084635801533 31.000000000000000000
0.274460719170408263 0.005687029850374995 37.000000000000000000
0.274457703026117494 0.008844881695103125 42.000000000000000000
0.274454606863613115 0.010242569578187082 49.000000000000000000
0.274450397103002286 0.014166714343359850 57.000000000000000000
0.274445356291405318 0.019066728859165750 62.000000000000000000
0.274438054209058979 0.031110058494645043 79.000000000000000000
0.274426656915671030 0.058053572368384147 84.000000000000000000
0.274400824806312504 0.177643681406017440 91.000000000000000000
0.274311952428183403 0.795646893020980017 98.000000000000000000
0.274198751761572712 0.687402340523976418 112.000000000000000000
0.274008160557688285 0.947747391610494705 119.000000000000000000
0.273790527172893983 0.980297017834985129 126.000000000000000000
0.273567051182965093 0.993077504832078128 132.000000000000000000
0.273305472960169493 1.011676063908170331 139.000000000000000000
0.273020214455850563 0.938912933584016507 160.000000000000000000
0.272734385772602173 0.777044329589757110 167.000000000000000000
0.272341495917883314 0.237866853391797528 174.000000000000000000
0.272127321220162144 0.290447857707779866 187.000000000000000000
0.272421902178556441 0.638507590306768513 198.000000000000000000
0.273361143115811167 0.739538578304935301 206.000000000000000000
0.272637811404310482 0.837442912057617672 220.000000000000000000
0.272613267588680097 0.875159278594129564 236.000000000000000000
0.271748604742069522 0.157572260115436791 248.000000000000000000
0.272248058406209636 0.164282312670889163 256.000000000000000000
0.273393517678769404 0.098690573095435372 264.000000000000000000
0.273429815916888863 0.678991882117053192 272.000000000000000000
0.273724527736994183 0.279764941417930069 281.000000000000000000
0.273745171534659881 0.400815155425513492 289.000000000000000000
0.273512397524676043 0.637043779032423818 299.000000000000000000
0.273074915961958875 0.818466001061814441 306.000000000000000000
0.272497262640975124 0.885914414459221033 315.000000000000000000
0.271864898268827537 0.844571891204528802 322.000000000000000000
0.271256285764763683 0.728764996366715212 329.000000000000000000
0.270704256129192578 0.575722681504984179 339.000000000000000000
0.270206890262145782 0.418614530578406085 347.000000000000000000
0.269784812449603950 0.290466554252175935 356.000000000000000000
0.269511695739920454 0.229797636364277635 365.000000000000000000
0.269459851142391738 0.231698512612022789 374.000000000000000000
0.269632393058767739 0.248708226486027834 382.000000000000000000
0.269978180809831603 0.255994403408848603 396.000000000000000000
0.270445456476030521 0.246891880540670905 410.000000000000000000
0.270219600416365169 0.250884953269179922 419.000000000000000000
0.269631943580385003 0.167965497920129769 429.000000000000000000
0.269414454218140920 0.189750956245810398 439.000000000000000000
0.269318333655725217 0.247979398842800375 449.000000000000000000
0.269288920513057362 0.298877256689643989 463.000000000000000000
0.269536362691878861 0.544422794206299798 618.000000000000000000
0.269893524585656630 0.875758306567328892 738.000000000000000000
0.269144305132895445 0.957402717669835868 750.000000000000000000
0.268462399902372639 1.658364860259081697 760.000000000000000000
0.267086979383434009 0.585379747170275855 771.000000000000000000
0.267467125909917836 0.606695425223781060 781.000000000000000000
0.270401908102264388 0.576930231818910455 791.000000000000000000
0.274788274304032409 0.510883436257341117 804.000000000000000000
0.279131966641966156 0.600035028691557892 815.000000000000000000
0.282952874072489813 0.525645529693960278 829.000000000000000000
0.273951674195960559 2.205326319629489884 841.000000000000000000
0.268285697775346721 2.721898832157183090 853.000000000000000000
0.268059444948220427 1.082201783019226982 868.000000000000000000
0.268080716733141822 1.344162886142041602 881.000000000000000000
0.267246820715328570 2.380742383793648553 896.000000000000000000
0.263917318125291789 2.079810509746393699 911.000000000000000000
0.257942480526103912 0.592437424397984969 925.000000000000000000
0.254994430006349082 0.544841228617886864 940.000000000000000000
0.260017964907231502 0.402029071064402999 955.000000000000000000
0.270503959143698791 2.651487251523390931 967.000000000000000000
0.285722709376686201 2.164711231071036135 981.000000000000000000
0.287421660569027626 0.675594126667950601 998.000000000000000000
0.286958328015478770 1.314404521841714635 1017.000000000000000000
0.286320613996751017 1.376277619145572562 1034.000000000000000000
0.273396318777325176 1.841692661401778119 1049.000000000000000000
0.271064463566139224 1.283787277040323360 1066.000000000000000000
0.273686460062307291 0.997495580744798493 1087.000000000000000000
0.282610942460468639 1.143980766385560344 1105.000000000000000000
0.293087292277174727 0.281694617082527299 1120.000000000000000000
0.298168027200958419 0.025706124972094870 1133.000000000000000000
0.302436529619229066 0.011977601405171802 1147.000000000000000000
0.302067373361281533 0.385725112997726993 1160.000000000000000000
0.301845654347265790 0.368054367008499972 1177.000000000000000000
0.301454483771409876 0.337981497196128189 1192.000000000000000000
0.300939033868064143 0.312785047130147875 1209.000000000000000000
0.300310490379087747 0.350831526408540595 1227.000000000000000000
0.299734638430417255 0.455689029947375590 1249.000000000000000000
0.299133469379691319 0.577936284264003453 1266.000000000000000000
0.298396857720349462 0.692646781271721856 1284.000000000000000000
0.297134848738743795 0.781626707791071795 1301.000000000000000000
0.296335622413834876 0.760428745936752026 1320.000000000000000000
0.295878639356294215 0.721682291007839538 1338.000000000000000000
0.295442513259504824 0.704629227330367147 1355.000000000000000000
0.294788215078599702 0.703243518820561020 1374.000000000000000000
0.293860976887271197 0.634244180683872338 1391.000000000000000000
0.292724989664664148 0.538380325422694539 1410.000000000000000000
0.291722974674327507 0.640205941354807018 1428.000000000000000000
0.291551205894978294 0.652736261529737294 1445.000000000000000000
0.291596626083471477 0.652174948238306462 1467.000000000000000000
0.291822887586398516 0.791680788960391402 1499.000000000000000000
0.292091099811325972 0.699025131137985589 1518.000000000000000000
0.292123256114980245 0.860205000720296264 1537.000000000000000000
0.292126050000309279 0.862467993400970356 1597.000000000000000000
0.292122583320626072 0.924356804092231199 1617.000000000000000000
0.292155001466009867 0.957785220142225113 1637.000000000000000000
0.292006588219523466 0.989996933118230116 1655.000000000000000000
0.291593475184695750 1.034015284615322106 1676.000000000000000000
0.291441728106979936 1.038243360441270191 1698.000000000000000000
0.291420215481538181 1.052112541594365958 1719.000000000000000000
0.291328539681833254 1.062028310437877821 1739.000000000000000000
0.291145143444693832 1.081377039313262234 1759.000000000000000000
0.290840808234484549 1.130593796683824648 1778.000000000000000000
0.290592248858689062 1.163123411957666775 1799.000000000000000000
0.290550528840212929 1.137610344329762491 1821.000000000000000000
0.290601808615391644 1.126280791944340276 1845.000000000000000000
0.290695638151455493 1.117534037543025605 1868.000000000000000000
0.290801909892979271 1.110933051661251891 1893.000000000000000000
0.290911014719348382 1.105427807065774592 1923.000000000000000000
0.291022982605185332 1.100042625358557791 1943.000000000000000000
0.291137841086103188 1.094883638263447034 1958.000000000000000000
0.291255616728791633 1.090055563590956789 1974.000000000000000000
0.291376338099401444 1.085660691744777306 1989.000000000000000000
0.291500033480461496 1.081799482443818627 2011.000000000000000000
0.291626732682893630 1.078569162585892638 2031.000000000000000000
0.291756466072205789 1.076063947067309901 2045.000000000000000000
0.291889265826056565 1.074373394565720563 2060.000000000000000000
0.292022754686458774 1.077482600482813968 2088.000000000000000000
0.292155121279930818 1.089526058958729893 2103.000000000000000000
0.292287376912418129 1.113449025431705985 2126.000000000000000000
0.292422053621326838 1.156880366097181367 2144.000000000000000000
0.292564443162234733 1.233078480386766040 2160.000000000000000000
0.292725602051721379 1.362594812758622265 2176.000000000000000000
0.292938373279950481 1.561874058396278908 2194.000000000000000000
0.293186272152980598 1.539702301495563974 2211.000000000000000000
0.293355046144521625 1.549049404753202408 2226.000000000000000000
0.293522910741663923 1.622619638410950360 2241.000000000000000000
0.293713180002031116 1.711541161226986629 2258.000000000000000000
0.293990292866494363 1.802670700142017690 2273.000000000000000000
0.294294400348096730 1.762061835904374485 2289.000000000000000000
0.294452738534116965 1.805909743629922737 2305.000000000000000000
0.294597259682488455 1.866812423678159805 2323.000000000000000000
0.294737529097114037 1.977810354670140880 2348.000000000000000000
0.294936361624260956 1.939258738723468323 2366.000000000000000000
0.295157906161022332 1.924899773104730372 2385.000000000000000000
0.295348291331591850 1.937454775372817517 2406.000000000000000000
0.295505184550705069 1.970411766306137125 2428.000000000000000000
0.295613550265297009 2.024207994272718469 2446.000000000000000000
0.295652305181161312 2.108256207990533593 2464.000000000000000000
0.295594668235393099 2.232143202928555059 2540.000000000000000000
0.295651820667527876 2.238939706347153447 2575.000000000000000000
0.295820678764741218 2.218680538626279564 2599.000000000000000000
0.296041532014554631 2.208206220693344157 2621.000000000000000000
0.296286891700345389 2.201215406438292721 2648.000000000000000000
0.296540018987432652 2.199012799628400128 2666.000000000000000000
0.296793243432929621 2.200618875067926083 2685.000000000000000000
0.297046562386356072 2.202443298295579499 2706.000000000000000000
0.297299979824659055 2.204663579892768510 2728.000000000000000000
0.297536996994430147 2.216506383639559541 2762.000000000000000000
0.298023364324548123 2.180363337397617229 2781.000000000000000000
0.298487089756476587 2.225065558403104493 2819.000000000000000000
0.298922182022606564 2.288762948939671027 2841.000000000000000000
0.299327250419174462 2.376411334235091211 2859.000000000000000000
0.299710566214533514 2.495466669776625235 2877.000000000000000000
0.300110860035190830 2.652132104618447617 2895.000000000000000000
0.318915314384394855 2.076064662656147419 2912.000000000000000000
0.348523900445860790 1.866239810801293419 2933.000000000000000000
0.359630851030535603 2.272685739519753056 2952.000000000000000000
0.361853510165453141 1.669539005739220983 2981.000000000000000000
0.368944576841707339 0.997554211867911489 3011.000000000000000000
0.389087902509495487 0.554488586886860313 3029.000000000000000000
0.407560099516624585 0.620358104956177714 3048.000000000000000000
0.372490491510449939 7.223051962787685021 3065.000000000000000000
0.349626211280349319 5.867599124583025016 3085.000000000000000000
0.331089139699943802 5.906639155806554520 3103.000000000000000000
0.310303012240494114 5.219356210823585585 3120.000000000000000000
0.290599369677777164 3.404127996792318811 3143.000000000000000000
0.282094414809717864 2.997051924103535825 3161.000000000000000000
0.281751023097045805 1.969400381295952185 3180.000000000000000000
0.281018891866858023 1.361799828262434398 3198.000000000000000000
0.276423198539572756 1.114941411222745593 3219.000000000000000000
0.272961732344686292 1.417179165851922384 3240.000000000000000000
0.258176776197073521 1.160949166895399287 3261.000000000000000000
0.248025846558774909 1.001125584968567406 3282.000000000000000000
0.240701665749255833 1.396119311445421118 3301.000000000000000000
0.237390943461185888 1.461716374471293101 3321.000000000000000000
0.215709209359213588 1.130659195541784845 3341.000000000000000000
0.211121725758498135 1.764746295825021516 3360.000000000000000000
0.206842568921038472 1.032670933478972097 3380.000000000000000000
0.213433561318872367 0.827073483069599713 3403.000000000000000000
0.209975808206250253 0.859381588950066444 3423.000000000000000000
0.232936096806077131 0.821610529158078751 3447.000000000000000000
0.212012182283088046 1.150120420770818219 3481.000000000000000000
0.215187948567478360 0.927298159579293624 3502.000000000000000000
0.206646956224223993 1.833580262562840346 3522.000000000000000000
0.209295695692888223 0.232387183610632764 3548.000000000000000000
0.217452329494540353 0.538411221388246708 3567.000000000000000000
0.204797191980075788 1.608523312211887379 3588.000000000000000000
0.198022948638655744 0.329999928753124505 3609.000000000000000000
0.197377113684916672 0.199825905785960878 3630.000000000000000000
0.196005687476952323 0.069717670510583238 3654.000000000000000000
