Residual Convergence speed Computational time
0.12506336 0.08633597 0.00000000
0.12505758 0.08432642 0.00000000
0.12504841 0.08131451 0.00000000
0.12503727 0.07800942 0.00000000
0.12502502 0.07488626 1.00000000
0.12501214 0.07224798 1.00000000
0.12499887 0.07027539 1.00000000
0.12498535 0.06906562 1.00000000
0.12497162 0.06866102 1.00000000
0.12495767 0.06907086 1.00000000
0.12494348 0.07028730 1.00000000
0.12492897 0.07229666 1.00000000
0.12491408 0.07508688 1.00000000
0.12489872 0.07865199 2.00000000
0.12488278 0.08299436 2.00000000
0.12486613 0.08812556 2.00000000
0.12484862 0.09406635 2.00000000
0.12483006 0.10084633 2.00000000
0.12481026 0.10850342 2.00000000
0.12478895 0.11708330 2.00000000
0.12476583 0.12663892 2.00000000
0.12474055 0.13722994 3.00000000
0.12471269 0.14892226 3.00000000
0.12468173 0.16178726 3.00000000
0.12464710 0.17590101 3.00000000
0.12460808 0.19134313 3.00000000
0.12456386 0.20819521 3.00000000
0.12451346 0.22653876 3.00000000
0.12445575 0.24645240 3.00000000
0.12438943 0.26800814 3.00000000
0.12431297 0.29126662 4.00000000
0.12422463 0.31627086 4.00000000
0.12412245 0.34303843 4.00000000
0.12400420 0.37155171 4.00000000
0.12386743 0.40174607 4.00000000
0.12370949 0.43349581 4.00000000
0.12352756 0.46659806 4.00000000
0.12331876 0.50075513 4.00000000
0.12308026 0.53555621 5.00000000
0.12280950 0.57046031 5.00000000
0.12250438 0.60478291 5.00000000
0.12216359 0.63769020 5.00000000
0.12178694 0.66820537 5.00000000
0.12137571 0.69523226 5.00000000
0.12093297 0.71760099 5.00000000
0.12046375 0.73413875 5.00000000
0.11997514 0.74376462 6.00000000
0.11947603 0.74560209 6.00000000
0.11897660 0.73909589 6.00000000
0.11848760 0.72411406 6.00000000
0.11801931 0.70101327 6.00000000
0.11758060 0.67064902 6.00000000
0.11717805 0.63432127 6.00000000
0.11681541 0.59366024 6.00000000
0.11649350 0.55047075 7.00000000
0.11621049 0.50656290 7.00000000
0.11596248 0.46359787 7.00000000
0.11574433 0.42297117 7.00000000
0.11555036 0.38574474 7.00000000
0.11537505 0.35262706 7.00000000
0.11521343 0.32399209 7.00000000
0.11506140 0.29992391 7.00000000
0.11491573 0.28027400 7.00000000
0.11477407 0.26472157 8.00000000
0.11463478 0.25283083 8.00000000
0.11449685 0.24410210 8.00000000
0.11435970 0.23801478 8.00000000
0.11422306 0.23406123 8.00000000
0.11408692 0.23177080 8.00000000
0.11395139 0.23072446 8.00000000
0.11381670 0.23056146 8.00000000
0.11368312 0.23097982 9.00000000
0.11355099 0.23173283 9.00000000
0.11342062 0.23262330 9.00000000
0.11329237 0.23349680 9.00000000
0.11316657 0.23423497 9.00000000
0.11304355 0.23474921 9.00000000
0.11292361 0.23497515 9.00000000
0.11280704 0.23486798 9.00000000
0.11269410 0.23439848 10.00000000
0.11258501 0.23354987 10.00000000
0.11247998 0.23231526 10.00000000
0.11237915 0.23069564 10.00000000
0.11228265 0.22869828 10.00000000
0.11219054 0.22633551 10.00000000
0.11210289 0.22362370 10.00000000
0.11201969 0.22058253 11.00000000
0.11194091 0.21723430 11.00000000
0.11186650 0.21360339 12.00000000
0.11179638 0.20971579 12.00000000
0.11173043 0.20559865 12.00000000
0.11166853 0.20127985 12.00000000
0.11161052 0.19678761 12.00000000
0.11155626 0.19215009 12.00000000
0.11150558 0.18739507 12.00000000
0.11145829 0.18254958 12.00000000
0.11141422 0.17763957 13.00000000
0.11137319 0.17268971 13.00000000
0.11133503 0.16772313 15.00000000
0.11129955 0.16276126 18.00000000
0.11126658 0.15782372 18.00000000
0.11123595 0.15292822 18.00000000
0.11120751 0.14809057 18.00000000
0.11118109 0.14332472 18.00000000
0.11115655 0.13864272 18.00000000
0.11113375 0.13405494 19.00000000
0.11111256 0.12957006 19.00000000
0.11109285 0.12519526 19.00000000
0.11107450 0.12093633 19.00000000
0.11105740 0.11679781 19.00000000
0.11104146 0.11278311 19.00000000
0.11102657 0.10889469 19.00000000
0.11101264 0.10513411 19.00000000
0.11099960 0.10150223 20.00000000
0.11098736 0.09799923 20.00000000
0.11097585 0.09462478 20.00000000
0.11096501 0.09137808 20.00000000
0.11095478 0.08825795 20.00000000
0.11094509 0.08526291 20.00000000
0.11093590 0.08239122 20.00000000
0.11092715 0.07964092 20.00000000
0.11091881 0.07700992 21.00000000
0.11091082 0.07449597 21.00000000
0.11090316 0.07209677 21.00000000
0.11089578 0.06980991 21.00000000
0.11088866 0.06763298 21.00000000
0.11088175 0.06556352 21.00000000
0.11087504 0.06359908 21.00000000
0.11086849 0.06173720 21.00000000
0.11086209 0.05997544 22.00000000
0.11085580 0.05831141 22.00000000
0.11084961 0.05674270 22.00000000
0.11084350 0.05526699 22.00000000
0.11083745 0.05388194 22.00000000
0.11083143 0.05258529 22.00000000
0.11082544 0.05137481 22.00000000
0.11081945 0.05024828 22.00000000
0.11081345 0.04920354 23.00000000
0.11080744 0.04823847 23.00000000
0.11080138 0.04735095 23.00000000
0.11079528 0.04653893 23.00000000
0.11078912 0.04580034 23.00000000
0.11078288 0.04513318 23.00000000
0.11077655 0.04453545 23.00000000
0.11077013 0.04400518 23.00000000
0.11076360 0.04354042 24.00000000
0.11075695 0.04313925 24.00000000
0.11075017 0.04279977 24.00000000
0.11074326 0.04252012 24.00000000
0.11073619 0.04229844 24.00000000
0.11072896 0.04213295 24.00000000
0.11072156 0.04202186 24.00000000
0.11071399 0.04196344 24.00000000
0.11070622 0.04195601 24.00000000
0.11069825 0.04199791 25.00000000
0.11069007 0.04208756 25.00000000
0.11068167 0.04222340 25.00000000
0.11067304 0.04240395 25.00000000
0.11066417 0.04262776 25.00000000
0.11065505 0.04289346 25.00000000
0.11064567 0.04319971 25.00000000
0.11063601 0.04354526 25.00000000
0.11062607 0.04392889 26.00000000
0.11061584 0.04434945 26.00000000
0.11060530 0.04480583 26.00000000
0.11059445 0.04529699 26.00000000
0.11058327 0.04582194 26.00000000
0.11057175 0.04637972 26.00000000
0.11055988 0.04696945 26.00000000
0.11054764 0.04759024 27.00000000
0.11053503 0.04824130 28.00000000
0.11052203 0.04892184 28.00000000
0.11050863 0.04963111 28.00000000
0.11049481 0.05036839 28.00000000
0.11048057 0.05113300 28.00000000
0.11046588 0.05192427 28.00000000
0.11045075 0.05274156 33.00000000
0.11043514 0.05358424 40.00000000
0.11041904 0.05445170 41.00000000
0.11040245 0.05534335 41.00000000
0.11038535 0.05625860 41.00000000
0.11036772 0.05719687 42.00000000
0.11034954 0.05815758 42.00000000
0.11033080 0.05914017 42.00000000
0.11031149 0.06014407 42.00000000
0.11029159 0.06116871 42.00000000
0.11027108 0.06221353 42.00000000
0.11024994 0.06327794 42.00000000
0.11022816 0.06436138 42.00000000
0.11020572 0.06546326 42.00000000
0.11018261 0.06658301 42.00000000
0.11015880 0.06772003 42.00000000
0.11013428 0.06887373 42.00000000
0.11010903 0.07004351 43.00000000
0.11008304 0.07122877 43.00000000
0.11005627 0.07242890 43.00000000
0.11002872 0.07364329 43.00000000
0.11000037 0.07487132 43.00000000
0.10997119 0.07611240 43.00000000
0.10994117 0.07736589 43.00000000
0.10991029 0.07863120 43.00000000
0.10987853 0.07990772 43.00000000
0.10984587 0.08119485 43.00000000
0.10981229 0.08249201 43.00000000
0.10977777 0.08379861 43.00000000
0.10974229 0.08511411 44.00000000
0.10970583 0.08643795 45.00000000
0.10966836 0.08776962 45.00000000
0.10962988 0.08910861 45.00000000
0.10959036 0.09045447 45.00000000
0.10954978 0.09180674 45.00000000
0.10950812 0.09316503 45.00000000
0.10946536 0.09452898 45.00000000
0.10942147 0.09589826 45.00000000
0.10937644 0.09727259 45.00000000
0.10933025 0.09865177 45.00000000
0.10928288 0.10003561 45.00000000
0.10923430 0.10142400 46.00000000
0.10918449 0.10281690 46.00000000
0.10913344 0.10421431 46.00000000
0.10908112 0.10561633 46.00000000
0.10902751 0.10702311 46.00000000
0.10897260 0.10843488 46.00000000
0.10891635 0.10985196 46.00000000
0.10885875 0.11127474 46.00000000
0.10879979 0.11270369 46.00000000
0.10873942 0.11413938 46.00000000
0.10867765 0.11558246 46.00000000
0.10861443 0.11703367 46.00000000
0.10854976 0.11849385 47.00000000
0.10848361 0.11996393 47.00000000
0.10841597 0.12144492 47.00000000
0.10834680 0.12293794 47.00000000
0.10827609 0.12444420 47.00000000
0.10820382 0.12596499 47.00000000
0.10812996 0.12750172 47.00000000
0.10805450 0.12905585 47.00000000
0.10797741 0.13062896 47.00000000
0.10789867 0.13222270 47.00000000
0.10781826 0.13383882 47.00000000
0.10773616 0.13547911 47.00000000
0.10765236 0.13714548 48.00000000
0.10756682 0.13883987 48.00000000
0.10747952 0.14056431 48.00000000
0.10739046 0.14232086 48.00000000
0.10729960 0.14411166 48.00000000
0.10720692 0.14593887 48.00000000
0.10711241 0.14780470 48.00000000
0.10701605 0.14971136 48.00000000
0.10691781 0.15166110 48.00000000
0.10681768 0.15365616 48.00000000
0.10671564 0.15569880 48.00000000
0.10661166 0.15779124 48.00000000
0.10650574 0.15993567 49.00000000
0.10639784 0.16213427 49.00000000
0.10628796 0.16438914 49.00000000
0.10617607 0.16670233 49.00000000
0.10606216 0.16907582 49.00000000
0.10594622 0.17151147 49.00000000
0.10582822 0.17401108 49.00000000
0.10570814 0.17657630 49.00000000
0.10558599 0.17920867 49.00000000
0.10546173 0.18190956 49.00000000
0.10533535 0.18468022 49.00000000
0.10520685 0.18752171 49.00000000
0.10507621 0.19043489 50.00000000
0.10494341 0.19342047 50.00000000
0.10480844 0.19647891 50.00000000
0.10467130 0.19961046 50.00000000
0.10453197 0.20281517 50.00000000
0.10439045 0.20609281 50.00000000
0.10424672 0.20944293 50.00000000
0.10410078 0.21286480 50.00000000
0.10395262 0.21635744 50.00000000
0.10380223 0.21991958 50.00000000
0.10364961 0.22354968 50.00000000
0.10349476 0.22724593 51.00000000
0.10333767 0.23100621 51.00000000
0.10317835 0.23482812 51.00000000
0.10301679 0.23870897 51.00000000
0.10285299 0.24264579 51.00000000
0.10268696 0.24663531 51.00000000
0.10251869 0.25067398 51.00000000
0.10234821 0.25475798 51.00000000
0.10217550 0.25888324 51.00000000
0.10200059 0.26304539 51.00000000
0.10182348 0.26723986 51.00000000
0.10164418 0.27146183 51.00000000
0.10146271 0.27570627 52.00000000
0.10127909 0.27996797 52.00000000
0.10109332 0.28424153 52.00000000
0.10090543 0.28852142 52.00000000
0.10071545 0.29280199 52.00000000
0.10052338 0.29707749 52.00000000
0.10032927 0.30134212 52.00000000
0.10013313 0.30559005 52.00000000
0.09993500 0.30981545 52.00000000
0.09973491 0.31401255 52.00000000
0.09953288 0.31817564 53.00000000
0.09932896 0.32229913 53.00000000
0.09912317 0.32637758 53.00000000
0.09891556 0.33040575 53.00000000
0.09870617 0.33437862 53.00000000
0.09849503 0.33829141 53.00000000
0.09828219 0.34213965 53.00000000
0.09806769 0.34591918 53.00000000
0.09785157 0.34962619 53.00000000
0.09763389 0.35325723 53.00000000
0.09741467 0.35680925 53.00000000
0.09719398 0.36027958 53.00000000
0.09697185 0.36366597 54.00000000
0.09674833 0.36696660 54.00000000
0.09652347 0.37018005 54.00000000
0.09629731 0.37330531 54.00000000
0.09606989 0.37634177 54.00000000
0.09584126 0.37928921 54.00000000
0.09561147 0.38214778 54.00000000
0.09538056 0.38491797 54.00000000
0.09514856 0.38760059 54.00000000
0.09491552 0.39019675 54.00000000
0.09468147 0.39270779 54.00000000
0.09444646 0.39513531 54.00000000
0.09421051 0.39748110 55.00000000
0.09397367 0.39974708 55.00000000
0.09373596 0.40193535 55.00000000
0.09349742 0.40404807 55.00000000
0.09325807 0.40608748 55.00000000
0.09301794 0.40805588 55.00000000
0.09277706 0.40995557 55.00000000
0.09253545 0.41178888 55.00000000
0.09229313 0.41355810 55.00000000
0.09205012 0.41526551 55.00000000
0.09180643 0.41691336 55.00000000
0.09156210 0.41850388 55.00000000
0.09131712 0.42003924 56.00000000
0.09107150 0.42152161 56.00000000
0.09082527 0.42295314 56.00000000
0.09057843 0.42433597 56.00000000
0.09033097 0.42567227 56.00000000
0.09008291 0.42696422 56.00000000
0.08983425 0.42821407 56.00000000
0.08958498 0.42942414 56.00000000
0.08933509 0.43059687 56.00000000
0.08908459 0.43173481 56.00000000
0.08883347 0.43284066 56.00000000
0.08858170 0.43391729 57.00000000
0.08832928 0.43496779 57.00000000
0.08807619 0.43599544 57.00000000
0.08782240 0.43700378 57.00000000
0.08756789 0.43799659 57.00000000
0.08731264 0.43897792 57.00000000
0.08705661 0.43995209 57.00000000
0.08679977 0.44092373 57.00000000
0.08654209 0.44189773 57.00000000
0.08628352 0.44287925 57.00000000
0.08602402 0.44387374 57.00000000
0.08576355 0.44488689 57.00000000
0.08550206 0.44592466 58.00000000
0.08523950 0.44699317 58.00000000
0.08497582 0.44809876 58.00000000
0.08471097 0.44924786 58.00000000
0.08444491 0.45044702 58.00000000
0.08417756 0.45170282 58.00000000
0.08390890 0.45302181 58.00000000
0.08363885 0.45441042 58.00000000
0.08336738 0.45587494 58.00000000
0.08309445 0.45742141 58.00000000
0.08282000 0.45905553 58.00000000
0.08254400 0.46078260 58.00000000
0.08226641 0.46260742 59.00000000
0.08198721 0.46453421 59.00000000
0.08170638 0.46656656 59.00000000
0.08142389 0.46870733 59.00000000
0.08113974 0.47095862 59.00000000
0.08085392 0.47332172 59.00000000
0.08056644 0.47579709 59.00000000
0.08027730 0.47838434 59.00000000
0.07998654 0.48108228 59.00000000
0.07969416 0.48388893 59.00000000
0.07940020 0.48680157 60.00000000
0.07910469 0.48981688 60.00000000
0.07880767 0.49293098 60.00000000
0.07850918 0.49613954 60.00000000
0.07820926 0.49943797 60.00000000
0.07790797 0.50282148 60.00000000
0.07760533 0.50628527 60.00000000
0.07730139 0.50982460 60.00000000
0.07699619 0.51343497 60.00000000
0.07668976 0.51711218 60.00000000
0.07638213 0.52085246 60.00000000
0.07607332 0.52465248 60.00000000
0.07576334 0.52850947 61.00000000
0.07545219 0.53242118 61.00000000
0.07513988 0.53638589 61.00000000
0.07482638 0.54040245 61.00000000
0.07451168 0.54447013 62.00000000
0.07419572 0.54858868 62.00000000
0.07387846 0.55275815 62.00000000
0.07355985 0.55697889 62.00000000
0.07323980 0.56125143 62.00000000
0.07291824 0.56557635 62.00000000
0.07259507 0.56995426 62.00000000
0.07227019 0.57438564 62.00000000
0.07194347 0.57887079 62.00000000
0.07161479 0.58340971 62.00000000
0.07128402 0.58800206 62.00000000
0.07095101 0.59264706 62.00000000
0.07061561 0.59734344 63.00000000
0.07027766 0.60208939 63.00000000
0.06993699 0.60688251 63.00000000
0.06959343 0.61171976 63.00000000
0.06924681 0.61659749 63.00000000
0.06889695 0.62151134 63.00000000
0.06854366 0.62645631 63.00000000
0.06818676 0.63142674 63.00000000
0.06782607 0.63641628 63.00000000
0.06746140 0.64141799 63.00000000
0.06709259 0.64642429 64.00000000
0.06671944 0.65142705 64.00000000
0.06634178 0.65641760 64.00000000
0.06595945 0.66138681 64.00000000
0.06557228 0.66632512 64.00000000
0.06518012 0.67122262 64.00000000
0.06478283 0.67606909 64.00000000
0.06438026 0.68085410 64.00000000
0.06397229 0.68556708 64.00000000
0.06355880 0.69019737 64.00000000
0.06313969 0.69473429 64.00000000
0.06271489 0.69916725 65.00000000
0.06228430 0.70348576 65.00000000
0.06184787 0.70767955 65.00000000
0.06140558 0.71173856 65.00000000
0.06095738 0.71565304 65.00000000
0.06050328 0.71941350 65.00000000
0.06004330 0.72301080 65.00000000
0.05957747 0.72643606 65.00000000
0.05910586 0.72968069 65.00000000
0.05862856 0.73273627 65.00000000
0.05814566 0.73559451 65.00000000
0.05765732 0.73824710 65.00000000
0.05716370 0.74068564 66.00000000
0.05666498 0.74290143 66.00000000
0.05616140 0.74488536 66.00000000
0.05565321 0.74662777 66.00000000
0.05514069 0.74811834 66.00000000
0.05462416 0.74934597 66.00000000
0.05410396 0.75029880 66.00000000
0.05358048 0.75096422 66.00000000
0.05305411 0.75132901 66.00000000
0.05252530 0.75137957 66.00000000
0.05199450 0.75110220 66.00000000
0.05146217 0.75048358 66.00000000
0.05092883 0.74951118 67.00000000
0.05039496 0.74817387 67.00000000
0.04986107 0.74646241 67.00000000
0.04932769 0.74437006 67.00000000
0.04879530 0.74189303 67.00000000
0.04826441 0.73903089 67.00000000
0.04773549 0.73578686 67.00000000
0.04720900 0.73216789 67.00000000
0.04668538 0.72818466 67.00000000
0.04616505 0.72385136 67.00000000
0.04564838 0.71918541 67.00000000
0.04513574 0.71420695 67.00000000
0.04462744 0.70893838 68.00000000
0.04412381 0.70340373 68.00000000
0.04362509 0.69762809 68.00000000
0.04313155 0.69163705 68.00000000
0.04264341 0.68545616 68.00000000
0.04216086 0.67911045 68.00000000
0.04168409 0.67262407 68.00000000
0.04121324 0.66601991 68.00000000
0.04074847 0.65931944 68.00000000
0.04028989 0.65254250 68.00000000
0.03983762 0.64570722 68.00000000
0.03939174 0.63883004 69.00000000
0.03895234 0.63192563 69.00000000
0.03851948 0.62500706 69.00000000
0.03809323 0.61808584 69.00000000
0.03767361 0.61117202 69.00000000
0.03726068 0.60427435 69.00000000
0.03685445 0.59740040 69.00000000
0.03645494 0.59055666 69.00000000
0.03606215 0.58374871 69.00000000
0.03567608 0.57698133 69.00000000
0.03529672 0.57025856 69.00000000
0.03492406 0.56358387 69.00000000
0.03455806 0.55696021 70.00000000
0.03419869 0.55039009 70.00000000
0.03384593 0.54387565 70.00000000
0.03349971 0.53741872 70.00000000
0.03316000 0.53102087 70.00000000
0.03282673 0.52468346 70.00000000
0.03249985 0.51840766 70.00000000
0.03217928 0.51219448 70.00000000
0.03186497 0.50604480 70.00000000
0.03155684 0.49995940 70.00000000
0.03125481 0.49393895 70.00000000
0.03095880 0.48798404 71.00000000
0.03066873 0.48209519 71.00000000
0.03038451 0.47627283 71.00000000
0.03010607 0.47051735 71.00000000
0.02983330 0.46482909 71.00000000
0.02956612 0.45920830 71.00000000
0.02930444 0.45365520 71.00000000
0.02904816 0.44816998 72.00000000
0.02879719 0.44275274 72.00000000
0.02855144 0.43740355 72.00000000
0.02831080 0.43212246 73.00000000
0.02807519 0.42690943 73.00000000
0.02784450 0.42176441 74.00000000
0.02761865 0.41668730 74.00000000
0.02739754 0.41167794 74.00000000
0.02718106 0.40673615 74.00000000
0.02696913 0.40186170 74.00000000
0.02676166 0.39705432 74.00000000
0.02655854 0.39231373 74.00000000
0.02635970 0.38763956 74.00000000
0.02616503 0.38303147 74.00000000
0.02597444 0.37848903 74.00000000
0.02578785 0.37401181 74.00000000
0.02560517 0.36959935 74.00000000
0.02542630 0.36525116 75.00000000
0.02525118 0.36096671 75.00000000
0.02507970 0.35674546 75.00000000
0.02491179 0.35258684 75.00000000
0.02474737 0.34849026 75.00000000
0.02458635 0.34445512 75.00000000
0.02442865 0.34048079 75.00000000
0.02427421 0.33656662 75.00000000
0.02412294 0.33271195 75.00000000
0.02397477 0.32891612 75.00000000
0.02382962 0.32517844 75.00000000
0.02368743 0.32149821 76.00000000
0.02354813 0.31787472 76.00000000
0.02341164 0.31430728 76.00000000
0.02327789 0.31079515 76.00000000
0.02314684 0.30733761 76.00000000
0.02301840 0.30393393 76.00000000
0.02289252 0.30058338 76.00000000
0.02276913 0.29728522 76.00000000
0.02264818 0.29403871 76.00000000
0.02252960 0.29084312 76.00000000
0.02241335 0.28769771 77.00000000
0.02229936 0.28460174 77.00000000
0.02218758 0.28155448 77.00000000
0.02207796 0.27855520 78.00000000
0.02197045 0.27560316 78.00000000
0.02186499 0.27269764 78.00000000
0.02176154 0.26983792 78.00000000
0.02166004 0.26702329 78.00000000
0.02156046 0.26425303 78.00000000
0.02146274 0.26152644 78.00000000
0.02136684 0.25884282 78.00000000
0.02127272 0.25620149 78.00000000
0.02118034 0.25360175 78.00000000
0.02108965 0.25104294 78.00000000
0.02100062 0.24852437 78.00000000
0.02091320 0.24604539 79.00000000
0.02082736 0.24360535 79.00000000
0.02074305 0.24120359 79.00000000
0.02066026 0.23883949 79.00000000
0.02057893 0.23651242 79.00000000
0.02049903 0.23422175 79.00000000
0.02042054 0.23196687 79.00000000
0.02034341 0.22974718 79.00000000
0.02026763 0.22756209 79.00000000
0.02019314 0.22541102 79.00000000
0.02011994 0.22329339 79.00000000
0.02004798 0.22120863 80.00000000
0.01997723 0.21915618 80.00000000
0.01990768 0.21713551 80.00000000
0.01983929 0.21514606 80.00000000
0.01977204 0.21318731 80.00000000
0.01970589 0.21125873 80.00000000
0.01964083 0.20935982 80.00000000
0.01957684 0.20749007 80.00000000
0.01951388 0.20564899 80.00000000
0.01945193 0.20383609 80.00000000
0.01939098 0.20205089 80.00000000
0.01933099 0.20029292 81.00000000
0.01927195 0.19856172 81.00000000
0.01921384 0.19685685 81.00000000
0.01915664 0.19517784 81.00000000
0.01910032 0.19352428 81.00000000
0.01904487 0.19189573 81.00000000
0.01899027 0.19029177 81.00000000
0.01893649 0.18871198 81.00000000
0.01888353 0.18715597 81.00000000
0.01883137 0.18562334 81.00000000
0.01877998 0.18411369 81.00000000
0.01872935 0.18262665 81.00000000
0.01867947 0.18116184 82.00000000
0.01863031 0.17971888 82.00000000
0.01858187 0.17829743 82.00000000
0.01853412 0.17689712 82.00000000
0.01848706 0.17551761 82.00000000
0.01844067 0.17415856 82.00000000
0.01839494 0.17281963 82.00000000
0.01834984 0.17150050 82.00000000
0.01830537 0.17020084 82.00000000
0.01826152 0.16892033 82.00000000
0.01821827 0.16765868 82.00000000
0.01817561 0.16641557 82.00000000
0.01813353 0.16519070 83.00000000
0.01809202 0.16398379 83.00000000
0.01805106 0.16279455 83.00000000
0.01801064 0.16162270 83.00000000
0.01797076 0.16046796 83.00000000
0.01793139 0.15933006 83.00000000
0.01789254 0.15820873 83.00000000
0.01785419 0.15710372 83.00000000
0.01781633 0.15601477 83.00000000
0.01777896 0.15494163 83.00000000
0.01774205 0.15388406 83.00000000
0.01770561 0.15284181 84.00000000
0.01766962 0.15181465 84.00000000
0.01763408 0.15080234 84.00000000
0.01759897 0.14980466 84.00000000
0.01756429 0.14882138 84.00000000
0.01753003 0.14785229 84.00000000
0.01749618 0.14689717 84.00000000
0.01746273 0.14595581 84.00000000
0.01742968 0.14502799 84.00000000
0.01739702 0.14411353 85.00000000
0.01736474 0.14321222 85.00000000
0.01733283 0.14232386 85.00000000
0.01730129 0.14144826 85.00000000
0.01727011 0.14058523 85.00000000
0.01723928 0.13973458 85.00000000
0.01720880 0.13889614 85.00000000
0.01717866 0.13806973 85.00000000
0.01714885 0.13725516 86.00000000
0.01711936 0.13645228 86.00000000
0.01709020 0.13566090 86.00000000
0.01706136 0.13488086 86.00000000
0.01703282 0.13411200 86.00000000
0.01700459 0.13335415 86.00000000
0.01697665 0.13260717 86.00000000
0.01694901 0.13187089 86.00000000
0.01692166 0.13114516 87.00000000
0.01689459 0.13042984 87.00000000
0.01686780 0.12972477 87.00000000
0.01684127 0.12902981 87.00000000
0.01681502 0.12834482 87.00000000
0.01678903 0.12766966 87.00000000
0.01676330 0.12700419 87.00000000
0.01673782 0.12634827 87.00000000
0.01671259 0.12570178 88.00000000
0.01668760 0.12506458 88.00000000
0.01666286 0.12443654 88.00000000
0.01663835 0.12381754 88.00000000
0.01661407 0.12320745 88.00000000
0.01659002 0.12260615 88.00000000
0.01656619 0.12201352 88.00000000
0.01654259 0.12142945 88.00000000
0.01651920 0.12085380 89.00000000
0.01649602 0.12028647 89.00000000
0.01647305 0.11972735 89.00000000
0.01645029 0.11917633 89.00000000
0.01642773 0.11863329 89.00000000
0.01640537 0.11809812 89.00000000
0.01638320 0.11757073 89.00000000
0.01636122 0.11705100 89.00000000
0.01633944 0.11653883 90.00000000
0.01631783 0.11603413 90.00000000
0.01629641 0.11553678 90.00000000
0.01627517 0.11504670 90.00000000
0.01625411 0.11456378 90.00000000
0.01623322 0.11408793 90.00000000
0.01621250 0.11361905 90.00000000
0.01619194 0.11315705 90.00000000
0.01617155 0.11270185 91.00000000
0.01615133 0.11225334 91.00000000
0.01613126 0.11181144 91.00000000
0.01611135 0.11137606 91.00000000
0.01609159 0.11094711 91.00000000
0.01607198 0.11052451 91.00000000
0.01605253 0.11010818 91.00000000
0.01603322 0.10969803 91.00000000
0.01601405 0.10929397 91.00000000
0.01599503 0.10889593 92.00000000
0.01597615 0.10850383 92.00000000
0.01595740 0.10811759 92.00000000
0.01593879 0.10773713 92.00000000
0.01592031 0.10736237 92.00000000
0.01590196 0.10699323 92.00000000
0.01588375 0.10662965 92.00000000
0.01586565 0.10627155 93.00000000
0.01584769 0.10591885 93.00000000
0.01582984 0.10557148 93.00000000
0.01581212 0.10522938 93.00000000
0.01579452 0.10489246 93.00000000
0.01577703 0.10456067 93.00000000
0.01575966 0.10423393 93.00000000
0.01574240 0.10391217 93.00000000
0.01572525 0.10359533 93.00000000
0.01570821 0.10328334 94.00000000
0.01569129 0.10297613 94.00000000
0.01567446 0.10267365 95.00000000
0.01565775 0.10237582 95.00000000
0.01564113 0.10208259 95.00000000
0.01562462 0.10179388 95.00000000
0.01560821 0.10150965 95.00000000
0.01559189 0.10122982 95.00000000
0.01557568 0.10095434 95.00000000
0.01555955 0.10068315 95.00000000
0.01554353 0.10041619 96.00000000
0.01552759 0.10015340 96.00000000
0.01551175 0.09989472 96.00000000
0.01549600 0.09964010 96.00000000
0.01548033 0.09938948 96.00000000
0.01546475 0.09914281 96.00000000
0.01544926 0.09890002 96.00000000
0.01543385 0.09866106 96.00000000
0.01541853 0.09842589 97.00000000
0.01540329 0.09819445 97.00000000
0.01538812 0.09796668 97.00000000
0.01537304 0.09774253 97.00000000
0.01535804 0.09752195 97.00000000
0.01534311 0.09730489 97.00000000
0.01532826 0.09709130 97.00000000
0.01531349 0.09688113 97.00000000
0.01529879 0.09667434 98.00000000
0.01528416 0.09647086 98.00000000
0.01526960 0.09627065 98.00000000
0.01525512 0.09607367 98.00000000
0.01524070 0.09587987 98.00000000
0.01522635 0.09568919 98.00000000
0.01521207 0.09550161 98.00000000
0.01519786 0.09531705 98.00000000
0.01518371 0.09513550 99.00000000
0.01516963 0.09495689 99.00000000
0.01515561 0.09478118 99.00000000
0.01514165 0.09460833 99.00000000
0.01512776 0.09443830 99.00000000
0.01511393 0.09427104 99.00000000
0.01510015 0.09410650 99.00000000
0.01508644 0.09394466 99.00000000
0.01507279 0.09378546 99.00000000
0.01505919 0.09362887 100.00000000
0.01504565 0.09347483 100.00000000
0.01503217 0.09332332 100.00000000
0.01501874 0.09317430 100.00000000
0.01500536 0.09302771 100.00000000
0.01499204 0.09288352 100.00000000
0.01497878 0.09274170 100.00000000
0.01496556 0.09260220 100.00000000
0.01495240 0.09246499 100.00000000
0.01493929 0.09233003 101.00000000
0.01492623 0.09219728 101.00000000
0.01491322 0.09206670 101.00000000
0.01490025 0.09193825 101.00000000
0.01488734 0.09181191 101.00000000
0.01487447 0.09168762 101.00000000
0.01486165 0.09156537 101.00000000
0.01484888 0.09144510 101.00000000
0.01483615 0.09132679 101.00000000
0.01482347 0.09121040 102.00000000
0.01481083 0.09109590 102.00000000
0.01479823 0.09098325 102.00000000
0.01478568 0.09087242 102.00000000
0.01477317 0.09076336 102.00000000
0.01476071 0.09065606 102.00000000
0.01474828 0.09055048 102.00000000
0.01473590 0.09044657 102.00000000
0.01472356 0.09034432 102.00000000
0.01471126 0.09024369 103.00000000
0.01469899 0.09014464 103.00000000
0.01468677 0.09004714 103.00000000
0.01467459 0.08995117 103.00000000
0.01466244 0.08985669 103.00000000
0.01465033 0.08976366 103.00000000
0.01463826 0.08967207 103.00000000
0.01462623 0.08958187 103.00000000
0.01461423 0.08949303 103.00000000
0.01460226 0.08940553 103.00000000
0.01459034 0.08931934 104.00000000
0.01457845 0.08923442 104.00000000
0.01456659 0.08915075 104.00000000
0.01455477 0.08906829 104.00000000
0.01454298 0.08898702 104.00000000
0.01453122 0.08890691 104.00000000
0.01451950 0.08882793 104.00000000
0.01450781 0.08875004 104.00000000
0.01449615 0.08867323 104.00000000
0.01448453 0.08859746 105.00000000
0.01447294 0.08852270 105.00000000
0.01446137 0.08844893 105.00000000
0.01444984 0.08837611 105.00000000
0.01443834 0.08830423 106.00000000
0.01442687 0.08823324 106.00000000
0.01441543 0.08816314 106.00000000
0.01440402 0.08809388 107.00000000
0.01439264 0.08802543 107.00000000
0.01438129 0.08795779 107.00000000
0.01436997 0.08789090 107.00000000
0.01435868 0.08782476 107.00000000
0.01434741 0.08775933 107.00000000
0.01433617 0.08769458 107.00000000
0.01432496 0.08763050 107.00000000
0.01431378 0.08756705 107.00000000
0.01430262 0.08750420 108.00000000
0.01429150 0.08744194 108.00000000
0.01428039 0.08738023 108.00000000
0.01426932 0.08731905 108.00000000
0.01425827 0.08725837 108.00000000
0.01424725 0.08719818 108.00000000
0.01423625 0.08713844 108.00000000
0.01422528 0.08707912 108.00000000
0.01421433 0.08702021 108.00000000
0.01420341 0.08696168 109.00000000
0.01419252 0.08690350 109.00000000
0.01418165 0.08684564 109.00000000
0.01417080 0.08678810 109.00000000
0.01415998 0.08673083 109.00000000
0.01414918 0.08667382 109.00000000
0.01413841 0.08661703 109.00000000
0.01412766 0.08656046 109.00000000
0.01411693 0.08650407 109.00000000
0.01410623 0.08644784 109.00000000
0.01409555 0.08639174 110.00000000
0.01408490 0.08633576 110.00000000
0.01407426 0.08627987 110.00000000
0.01406365 0.08622404 111.00000000
0.01405307 0.08616826 111.00000000
0.01404250 0.08611250 111.00000000
0.01403196 0.08605673 111.00000000
0.01402145 0.08600094 111.00000000
0.01401095 0.08594510 111.00000000
0.01400048 0.08588920 111.00000000
0.01399002 0.08583320 111.00000000
0.01397959 0.08577709 112.00000000
0.01396919 0.08572084 112.00000000
0.01395880 0.08566444 112.00000000
0.01394844 0.08560786 112.00000000
0.01393810 0.08555108 112.00000000
0.01392777 0.08549408 112.00000000
0.01391748 0.08543684 112.00000000
0.01390720 0.08537933 112.00000000
0.01389694 0.08532155 112.00000000
0.01388671 0.08526347 113.00000000
0.01387649 0.08520506 113.00000000
0.01386630 0.08514632 113.00000000
0.01385613 0.08508721 113.00000000
0.01384598 0.08502772 113.00000000
0.01383585 0.08496784 113.00000000
0.01382574 0.08490754 113.00000000
0.01381565 0.08484680 113.00000000
0.01380558 0.08478560 113.00000000
0.01379554 0.08472394 113.00000000
0.01378551 0.08466179 114.00000000
0.01377551 0.08459913 114.00000000
0.01376552 0.08453594 114.00000000
0.01375556 0.08447221 114.00000000
0.01374562 0.08440793 114.00000000
0.01373569 0.08434307 114.00000000
0.01372579 0.08427762 114.00000000
0.01371591 0.08421157 114.00000000
0.01370605 0.08414490 114.00000000
0.01369621 0.08407758 115.00000000
0.01368639 0.08400962 115.00000000
0.01367659 0.08394100 115.00000000
0.01366681 0.08387169 115.00000000
0.01365705 0.08380169 115.00000000
0.01364732 0.08373098 115.00000000
0.01363760 0.08365956 115.00000000
0.01362790 0.08358740 115.00000000
0.01361822 0.08351450 115.00000000
0.01360857 0.08344084 116.00000000
0.01359893 0.08336641 116.00000000
0.01358932 0.08329120 116.00000000
0.01357972 0.08321520 116.00000000
0.01357015 0.08313840 116.00000000
0.01356059 0.08306079 116.00000000
0.01355106 0.08298236 116.00000000
0.01354155 0.08290309 116.00000000
0.01353206 0.08282299 116.00000000
0.01352258 0.08274204 116.00000000
0.01351313 0.08266023 117.00000000
0.01350370 0.08257755 117.00000000
0.01349429 0.08249401 117.00000000
0.01348490 0.08240958 117.00000000
0.01347553 0.08232427 117.00000000
0.01346619 0.08223807 117.00000000
0.01345686 0.08215097 117.00000000
0.01344755 0.08206297 117.00000000
0.01343827 0.08197406 117.00000000
0.01342900 0.08188424 118.00000000
0.01341976 0.08179350 118.00000000
0.01341053 0.08170184 118.00000000
0.01340133 0.08160925 118.00000000
0.01339215 0.08151574 118.00000000
0.01338299 0.08142130 118.00000000
0.01337385 0.08132593 118.00000000
0.01336473 0.08122963 119.00000000
0.01335563 0.08113239 119.00000000
0.01334655 0.08103422 119.00000000
0.01333750 0.08093511 119.00000000
0.01332846 0.08083506 119.00000000