Residual Convergence speed Computational time
0.12506336 0.08633597 7.00000000
0.12505758 0.08432642 13.00000000
0.12505013 0.08190079 20.00000000
0.12504222 0.07957844 25.00000000
0.12503422 0.07752057 31.00000000
0.12502621 0.07577204 38.00000000
0.12501822 0.07434076 47.00000000
0.12501025 0.07322356 51.00000000
0.12500227 0.07241445 58.00000000
0.12499427 0.07190731 65.00000000
0.12498624 0.07169671 75.00000000
0.12497817 0.07177817 82.00000000
0.12497004 0.07214825 88.00000000
0.12496182 0.07280456 94.00000000
0.12495351 0.07374577 101.00000000
0.12494509 0.07497164 108.00000000
0.12493652 0.07648302 116.00000000
0.12492780 0.07828183 121.00000000
0.12491890 0.08037113 128.00000000
0.12490978 0.08275506 134.00000000
0.12490042 0.08543889 141.00000000
0.12489079 0.08842898 147.00000000
0.12488085 0.09173281 153.00000000
0.12487055 0.09535897 160.00000000
0.12485986 0.09931711 167.00000000
0.12484872 0.10361799 170.00000000
0.12483707 0.10827344 170.00000000
0.12482485 0.11329634 170.00000000
0.12481200 0.11870059 170.00000000
0.12479842 0.12450114 170.00000000
0.12478404 0.13071389 170.00000000
0.12476875 0.13735570 171.00000000
0.12475244 0.14444433 171.00000000
0.12473500 0.15199839 171.00000000
0.12471628 0.16003723 171.00000000
0.12469613 0.16858090 171.00000000
0.12467439 0.17764999 171.00000000
0.12465087 0.18726551 171.00000000
0.12462535 0.19744868 171.00000000
0.12459761 0.20822075 172.00000000
0.12456740 0.21960274 172.00000000
0.12453443 0.23161508 172.00000000
0.12449840 0.24427726 173.00000000
0.12445897 0.25760740 173.00000000
0.12441576 0.27162168 173.00000000
0.12436837 0.28633375 173.00000000
0.12431637 0.30175403 173.00000000
0.12425927 0.31788883 174.00000000
0.12419657 0.33473944 174.00000000
0.12412771 0.35230108 174.00000000
0.12405212 0.37056166 174.00000000
0.12396917 0.38950051 174.00000000
0.12387824 0.40908689 174.00000000
0.12377865 0.42927851 175.00000000
0.12366972 0.45001985 175.00000000
0.12355077 0.47124059 175.00000000
0.12342113 0.49285393 175.00000000
0.12328017 0.51475510 175.00000000
0.12312727 0.53682001 176.00000000
0.12296191 0.55890429 176.00000000
0.12278367 0.58084271 176.00000000
0.12259222 0.60244925 176.00000000
0.12238741 0.62351796 177.00000000
0.12216928 0.64382475 178.00000000
0.12193806 0.66313029 178.00000000
0.12169422 0.68118412 178.00000000
0.12143852 0.69773002 179.00000000
0.12117196 0.71251264 179.00000000
0.12089582 0.72528517 179.00000000
0.12061165 0.73581791 179.00000000
0.12032123 0.74390728 179.00000000
0.12002657 0.74938468 179.00000000
0.11972979 0.75212486 180.00000000
0.11943312 0.75205288 180.00000000
0.11913880 0.74914923 180.00000000
0.11884900 0.74345262 180.00000000
0.11856577 0.73506002 180.00000000
0.11829093 0.72412385 181.00000000
0.11802608 0.71084663 181.00000000
0.11777247 0.69547310 181.00000000
0.11753106 0.67828082 181.00000000
0.11730247 0.65956957 181.00000000
0.11708698 0.63965052 181.00000000
0.11688458 0.61883575 182.00000000
0.11669500 0.59742881 182.00000000
0.11651775 0.57571670 182.00000000
0.11635217 0.55396355 182.00000000
0.11619745 0.53240615 182.00000000
0.11605272 0.51125116 182.00000000
0.11591706 0.49067400 194.00000000
0.11578954 0.47081898 203.00000000
0.11566925 0.45180061 210.00000000
0.11555532 0.43370555 218.00000000
0.11544693 0.41659523 224.00000000
0.11534332 0.40050859 232.00000000
0.11524383 0.38546505 237.00000000
0.11514783 0.37146734 245.00000000
0.11505480 0.35850422 254.00000000
0.11496426 0.34655299 260.00000000
0.11487581 0.33558171 269.00000000
0.11478911 0.32555121 275.00000000
0.11470387 0.31641684 282.00000000
0.11461985 0.30812991 290.00000000
0.11453687 0.30063903 300.00000000
0.11445475 0.29389117 305.00000000
0.11437339 0.28783258 312.00000000
0.11429269 0.28240956 320.00000000
0.11421258 0.27756907 325.00000000
0.11413302 0.27325931 334.00000000
0.11405398 0.26943006 342.00000000
0.11397546 0.26603308 347.00000000
0.11389746 0.26302233 353.00000000
0.11382000 0.26035415 360.00000000
0.11374310 0.25798738 384.00000000
0.11366680 0.25588347 392.00000000
0.11359113 0.25400644 397.00000000
0.11351613 0.25232292 397.00000000
0.11344187 0.25080211 397.00000000
0.11336838 0.24941567 398.00000000
0.11329572 0.24813768 398.00000000
0.11322394 0.24694455 398.00000000
0.11315309 0.24581485 398.00000000
0.11308323 0.24472928 398.00000000
0.11301441 0.24367047 398.00000000
0.11294667 0.24262295 398.00000000
0.11288007 0.24157296 398.00000000
0.11281464 0.24050836 398.00000000
0.11275043 0.23941856 399.00000000
0.11268748 0.23829433 399.00000000
0.11262582 0.23712777 399.00000000
0.11256549 0.23591219 399.00000000
0.11250650 0.23464199 399.00000000
0.11244888 0.23331262 400.00000000
0.11239266 0.23192046 400.00000000
0.11233784 0.23046276 400.00000000
0.11228444 0.22893754 400.00000000
0.11223246 0.22734357 400.00000000
0.11218192 0.22568026 400.00000000
0.11213280 0.22394760 400.00000000
0.11208511 0.22214614 400.00000000
0.11203884 0.22027690 400.00000000
0.11199398 0.21834132 400.00000000
0.11195051 0.21634125 400.00000000
0.11190843 0.21427884 401.00000000
0.11186771 0.21215656 401.00000000
0.11182833 0.20997712 401.00000000
0.11179028 0.20774346 401.00000000
0.11175353 0.20545868 401.00000000
0.11171805 0.20312604 401.00000000
0.11168381 0.20074891 401.00000000
0.11165079 0.19833077 401.00000000
0.11161896 0.19587513 401.00000000
0.11158829 0.19338556 401.00000000
0.11155875 0.19086562 401.00000000
0.11153031 0.18831890 402.00000000
0.11150293 0.18574893 402.00000000
0.11147658 0.18315922 402.00000000
0.11145124 0.18055320 402.00000000
0.11142687 0.17793426 402.00000000
0.11140344 0.17530567 402.00000000
0.11138091 0.17267064 402.00000000
0.11135926 0.17003226 402.00000000
0.11133846 0.16739351 402.00000000
0.11131847 0.16475727 406.00000000
0.11129926 0.16212627 412.00000000
0.11128082 0.15950314 419.00000000
0.11126309 0.15689038 431.00000000
0.11124607 0.15429035 436.00000000
0.11122972 0.15170530 445.00000000
0.11121402 0.14913733 454.00000000
0.11119893 0.14658843 462.00000000
0.11118444 0.14406044 467.00000000
0.11117052 0.14155510 476.00000000
0.11115714 0.13907401 482.00000000
0.11114429 0.13661867 489.00000000
0.11113193 0.13419045 497.00000000
0.11112006 0.13179061 504.00000000
0.11110864 0.12942030 512.00000000
0.11109766 0.12708058 526.00000000
0.11108709 0.12477239 534.00000000
0.11107693 0.12249659 541.00000000
0.11106714 0.12025394 548.00000000
0.11105772 0.11804512 555.00000000
0.11104865 0.11587072 563.00000000
0.11103990 0.11373128 568.00000000
0.11103147 0.11162722 578.00000000
0.11102334 0.10955893 585.00000000
0.11101550 0.10752672 592.00000000
0.11100793 0.10553085 601.00000000
0.11100061 0.10357149 606.00000000
0.11099354 0.10164881 612.00000000
0.11098670 0.09976288 620.00000000
0.11098009 0.09791376 627.00000000
0.11097368 0.09610145 634.00000000
0.11096748 0.09432592 641.00000000
0.11096146 0.09258709 647.00000000
0.11095562 0.09088487 655.00000000
0.11094995 0.08921911 662.00000000
0.11094444 0.08758966 670.00000000
0.11093908 0.08599632 676.00000000
0.11093387 0.08443890 683.00000000
0.11092879 0.08291715 701.00000000
0.11092383 0.08143084 710.00000000
0.11091900 0.07997969 716.00000000
0.11091427 0.07856342 723.00000000
0.11090966 0.07718175 730.00000000
0.11090514 0.07583436 736.00000000
0.11090071 0.07452095 743.00000000
0.11089637 0.07324118 755.00000000
0.11089211 0.07199473 762.00000000
0.11088792 0.07078126 769.00000000
0.11088381 0.06960042 777.00000000
0.11087975 0.06845188 784.00000000
0.11087576 0.06733527 791.00000000
0.11087182 0.06625026 798.00000000
0.11086793 0.06519647 804.00000000
0.11086408 0.06417356 810.00000000
0.11086027 0.06318118 819.00000000
0.11085651 0.06221895 830.00000000
0.11085277 0.06128653 837.00000000
0.11084906 0.06038356 843.00000000
0.11084538 0.05950969 850.00000000
0.11084171 0.05866455 855.00000000
0.11083807 0.05784781 862.00000000
0.11083444 0.05705910 869.00000000
0.11083082 0.05629808 876.00000000
0.11082720 0.05556441 883.00000000
0.11082359 0.05485773 890.00000000
0.11081999 0.05417770 897.00000000
0.11081638 0.05352399 904.00000000
0.11081276 0.05289625 912.00000000
0.11080914 0.05229415 918.00000000
0.11080551 0.05171734 924.00000000
0.11080187 0.05116550 935.00000000
0.11079821 0.05063830 941.00000000
0.11079453 0.05013540 948.00000000
0.11079084 0.04965648 954.00000000
0.11078712 0.04920120 962.00000000
0.11078337 0.04876925 967.00000000
0.11077960 0.04836030 974.00000000
0.11077579 0.04797403 979.00000000
0.11077196 0.04761012 986.00000000
0.11076809 0.04726824 993.00000000
0.11076418 0.04694808 999.00000000
0.11076024 0.04664933 999.00000000
0.11075625 0.04637166 999.00000000
0.11075222 0.04611476 999.00000000
0.11074815 0.04587833 999.00000000
0.11074402 0.04566204 999.00000000
0.11073985 0.04546560 999.00000000
0.11073562 0.04528868 999.00000000
0.11073135 0.04513100 999.00000000
0.11072701 0.04499223 1000.00000000
0.11072262 0.04487209 1000.00000000
0.11071817 0.04477027 1000.00000000
0.11071365 0.04468648 1000.00000000
0.11070907 0.04462042 1000.00000000
0.11070443 0.04457180 1000.00000000
0.11069971 0.04454034 1000.00000000
0.11069493 0.04452574 1001.00000000
0.11069007 0.04452774 1001.00000000
0.11068514 0.04454604 1001.00000000
0.11068014 0.04458037 1001.00000000
0.11067505 0.04463048 1001.00000000
0.11066988 0.04469608 1001.00000000
0.11066463 0.04477691 1001.00000000
0.11065930 0.04487273 1001.00000000
0.11065387 0.04498327 1001.00000000
0.11064836 0.04510829 1001.00000000
0.11064276 0.04524754 1001.00000000
0.11063706 0.04540079 1001.00000000
0.11063127 0.04556779 1002.00000000
0.11062537 0.04574832 1002.00000000
0.11061938 0.04594216 1002.00000000
0.11061329 0.04614908 1002.00000000
0.11060709 0.04636886 1002.00000000
0.11060078 0.04660130 1002.00000000
0.11059437 0.04684619 1002.00000000
0.11058784 0.04710333 1002.00000000
0.11058119 0.04737252 1002.00000000
0.11057443 0.04765357 1002.00000000
0.11056756 0.04794630 1002.00000000
0.11056056 0.04825051 1002.00000000
0.11055343 0.04856602 1003.00000000
0.11054618 0.04889268 1003.00000000
0.11053880 0.04923029 1003.00000000
0.11053129 0.04957870 1003.00000000
0.11052365 0.04993774 1003.00000000
0.11051586 0.05030725 1003.00000000
0.11050794 0.05068708 1003.00000000
0.11049988 0.05107707 1003.00000000
0.11049167 0.05147707 1003.00000000
0.11048332 0.05188693 1003.00000000
0.11047481 0.05230651 1003.00000000
0.11046615 0.05273567 1003.00000000
0.11045734 0.05317426 1004.00000000
0.11044837 0.05362216 1004.00000000
0.11043923 0.05407922 1004.00000000
0.11042994 0.05454531 1004.00000000
0.11042047 0.05502030 1004.00000000
0.11041084 0.05550406 1004.00000000
0.11040103 0.05599646 1004.00000000
0.11039104 0.05649738 1004.00000000
0.11038088 0.05700669 1004.00000000
0.11037053 0.05752426 1004.00000000
0.11036000 0.05804997 1004.00000000
0.11034928 0.05858370 1005.00000000
0.11033837 0.05912533 1005.00000000
0.11032727 0.05967473 1005.00000000
0.11031596 0.06023178 1005.00000000
0.11030446 0.06079636 1005.00000000
0.11029275 0.06136836 1005.00000000
0.11028083 0.06194765 1005.00000000
0.11026870 0.06253411 1005.00000000
0.11025636 0.06312762 1005.00000000
0.11024380 0.06372807 1005.00000000
0.11023102 0.06433533 1005.00000000
0.11021801 0.06494927 1005.00000000
0.11020478 0.06556980 1006.00000000
0.11019131 0.06619677 1006.00000000
0.11017761 0.06683008 1006.00000000
0.11016368 0.06746959 1006.00000000
0.11014950 0.06811520 1006.00000000
0.11013507 0.06876678 1006.00000000
0.11012039 0.06942420 1006.00000000
0.11010547 0.07008736 1006.00000000
0.11009028 0.07075612 1006.00000000
0.11007484 0.07143037 1006.00000000
0.11005913 0.07210998 1006.00000000
0.11004315 0.07279484 1006.00000000
0.11002691 0.07348482 1007.00000000
0.11001039 0.07417980 1007.00000000
0.10999359 0.07487967 1007.00000000
0.10997651 0.07558431 1007.00000000
0.10995914 0.07629358 1007.00000000
0.10994148 0.07700739 1007.00000000
0.10992353 0.07772560 1007.00000000
0.10990528 0.07844810 1007.00000000
0.10988673 0.07917479 1007.00000000
0.10986788 0.07990553 1007.00000000
0.10984871 0.08064023 1008.00000000
0.10982923 0.08137876 1008.00000000
0.10980944 0.08212103 1008.00000000
0.10978933 0.08286691 1008.00000000
0.10976889 0.08361631 1008.00000000
0.10974812 0.08436912 1008.00000000
0.10972702 0.08512525 1008.00000000
0.10970558 0.08588459 1008.00000000
0.10968381 0.08664704 1008.00000000
0.10966169 0.08741252 1009.00000000
0.10963922 0.08818094 1009.00000000
0.10961640 0.08895221 1009.00000000
0.10959322 0.08972625 1009.00000000
0.10956968 0.09050298 1009.00000000
0.10954578 0.09128233 1009.00000000
0.10952151 0.09206422 1009.00000000
0.10949687 0.09284860 1009.00000000
0.10947185 0.09363541 1009.00000000
0.10944645 0.09442458 1009.00000000
0.10942067 0.09521607 1009.00000000
0.10939450 0.09600985 1009.00000000
0.10936793 0.09680586 1010.00000000
0.10934097 0.09760407 1010.00000000
0.10931361 0.09840447 1011.00000000
0.10928585 0.09920703 1014.00000000
0.10925767 0.10001174 1017.00000000
0.10922908 0.10081860 1019.00000000
0.10920008 0.10162760 1019.00000000
0.10917065 0.10243876 1019.00000000
0.10914080 0.10325210 1019.00000000
0.10911052 0.10406763 1019.00000000
0.10907981 0.10488539 1019.00000000
0.10904866 0.10570542 1019.00000000
0.10901707 0.10652778 1019.00000000
0.10898503 0.10735251 1019.00000000
0.10895254 0.10817969 1019.00000000
0.10891960 0.10900939 1019.00000000
0.10888620 0.10984169 1019.00000000
0.10885234 0.11067669 1020.00000000
0.10881801 0.11151450 1020.00000000
0.10878321 0.11235522 1020.00000000
0.10874794 0.11319898 1020.00000000
0.10871218 0.11404591 1020.00000000
0.10867595 0.11489614 1020.00000000
0.10863922 0.11574985 1020.00000000
0.10860201 0.11660717 1020.00000000
0.10856429 0.11746829 1020.00000000
0.10852608 0.11833338 1020.00000000
0.10848737 0.11920265 1020.00000000
0.10844814 0.12007628 1021.00000000
0.10840840 0.12095449 1021.00000000
0.10836815 0.12183750 1021.00000000
0.10832737 0.12272555 1021.00000000
0.10828607 0.12361888 1021.00000000
0.10824424 0.12451772 1021.00000000
0.10820187 0.12542236 1021.00000000
0.10815897 0.12633305 1021.00000000
0.10811552 0.12725008 1021.00000000
0.10807153 0.12817374 1021.00000000
0.10802699 0.12910433 1021.00000000
0.10798189 0.13004214 1021.00000000
0.10793623 0.13098751 1022.00000000
0.10789001 0.13194075 1022.00000000
0.10784322 0.13290221 1022.00000000
0.10779586 0.13387221 1022.00000000
0.10774792 0.13485111 1022.00000000
0.10769940 0.13583928 1022.00000000
0.10765030 0.13683706 1022.00000000
0.10760060 0.13784484 1022.00000000
0.10755032 0.13886299 1022.00000000
0.10749943 0.13989189 1022.00000000
0.10744795 0.14093194 1022.00000000
0.10739586 0.14198353 1023.00000000
0.10734316 0.14304705 1023.00000000
0.10728984 0.14412292 1023.00000000
0.10723591 0.14521154 1023.00000000
0.10718135 0.14631332 1023.00000000
0.10712617 0.14742867 1023.00000000
0.10707036 0.14855801 1023.00000000
0.10701391 0.14970177 1023.00000000
0.10695682 0.15086035 1023.00000000
0.10689909 0.15203417 1023.00000000
0.10684072 0.15322366 1023.00000000
0.10678169 0.15442923 1023.00000000
0.10672201 0.15565130 1024.00000000
0.10666167 0.15689027 1024.00000000
0.10660066 0.15814657 1024.00000000
0.10653900 0.15942059 1024.00000000
0.10647666 0.16071275 1024.00000000
0.10641364 0.16202343 1024.00000000
0.10634995 0.16335302 1024.00000000
0.10628558 0.16470192 1024.00000000
0.10622052 0.16607048 1024.00000000
0.10615477 0.16745909 1024.00000000
0.10608833 0.16886810 1024.00000000
0.10602120 0.17029785 1024.00000000
0.10595336 0.17174869 1025.00000000
0.10588482 0.17322093 1025.00000000
0.10581558 0.17471489 1025.00000000
0.10574562 0.17623086 1025.00000000
0.10567495 0.17776913 1025.00000000
0.10560356 0.17932996 1025.00000000
0.10553146 0.18091361 1025.00000000
0.10545863 0.18252031 1025.00000000
0.10538507 0.18415027 1025.00000000
0.10531079 0.18580370 1025.00000000
0.10523577 0.18748076 1025.00000000
0.10516001 0.18918162 1025.00000000
0.10508352 0.19090641 1026.00000000
0.10500629 0.19265525 1026.00000000
0.10492831 0.19442822 1026.00000000
0.10484959 0.19622539 1026.00000000
0.10477012 0.19804681 1026.00000000
0.10468989 0.19989249 1026.00000000
0.10460891 0.20176242 1026.00000000
0.10452718 0.20365658 1026.00000000
0.10444468 0.20557488 1026.00000000
0.10436143 0.20751725 1026.00000000
0.10427741 0.20948357 1026.00000000
0.10419263 0.21147369 1027.00000000
0.10410708 0.21348743 1027.00000000
0.10402076 0.21552459 1027.00000000
0.10393367 0.21758493 1027.00000000
0.10384581 0.21966819 1028.00000000
0.10375718 0.22177405 1028.00000000
0.10366777 0.22390221 1028.00000000
0.10357758 0.22605228 1028.00000000
0.10348662 0.22822389 1028.00000000
0.10339488 0.23041660 1028.00000000
0.10330236 0.23262996 1028.00000000
0.10320906 0.23486348 1028.00000000
0.10311499 0.23711664 1029.00000000
0.10302013 0.23938888 1029.00000000
0.10292449 0.24167963 1029.00000000
0.10282807 0.24398827 1029.00000000
0.10273087 0.24631414 1029.00000000
0.10263289 0.24865658 1029.00000000
0.10253413 0.25101488 1029.00000000
0.10243459 0.25338830 1029.00000000
0.10233427 0.25577607 1029.00000000
0.10223317 0.25817740 1029.00000000
0.10213129 0.26059147 1029.00000000
0.10202864 0.26301744 1029.00000000
0.10192522 0.26545442 1030.00000000
0.10182102 0.26790152 1030.00000000
0.10171606 0.27035782 1030.00000000
0.10161032 0.27282238 1030.00000000
0.10150382 0.27529423 1030.00000000
0.10139655 0.27777239 1030.00000000
0.10128853 0.28025586 1030.00000000
0.10117974 0.28274363 1030.00000000
0.10107020 0.28523465 1030.00000000
0.10095991 0.28772789 1030.00000000
0.10084887 0.29022229 1030.00000000
0.10073708 0.29271679 1031.00000000
0.10062456 0.29521031 1031.00000000
0.10051129 0.29770178 1031.00000000
0.10039730 0.30019013 1031.00000000
0.10028258 0.30267426 1031.00000000
0.10016713 0.30515311 1031.00000000
0.10005096 0.30762559 1031.00000000
0.09993409 0.31009064 1031.00000000
0.09981650 0.31254720 1031.00000000
0.09969821 0.31499422 1031.00000000
0.09957923 0.31743065 1031.00000000
0.09945955 0.31985548 1031.00000000
0.09933919 0.32226770 1032.00000000
0.09921815 0.32466633 1032.00000000
0.09909644 0.32705039 1032.00000000
0.09897406 0.32941896 1032.00000000
0.09885102 0.33177111 1032.00000000
0.09872733 0.33410595 1032.00000000
0.09860299 0.33642264 1032.00000000
0.09847802 0.33872034 1032.00000000
0.09835241 0.34099826 1032.00000000
0.09822618 0.34325564 1032.00000000
0.09809933 0.34549177 1032.00000000
0.09797188 0.34770597 1032.00000000
0.09784382 0.34989758 1033.00000000
0.09771516 0.35206600 1033.00000000
0.09758592 0.35421068 1033.00000000
0.09745609 0.35633108 1033.00000000
0.09732569 0.35842675 1033.00000000
0.09719473 0.36049723 1033.00000000
0.09706321 0.36254214 1033.00000000
0.09693114 0.36456113 1033.00000000
0.09679852 0.36655391 1033.00000000
0.09666537 0.36852020 1040.00000000
0.09653169 0.37045979 1040.00000000
0.09639749 0.37237252 1040.00000000
0.09626277 0.37425824 1040.00000000
0.09612754 0.37611688 1041.00000000
0.09599181 0.37794837 1041.00000000
0.09585559 0.37975272 1041.00000000
0.09571888 0.38152995 1041.00000000
0.09558169 0.38328013 1041.00000000
0.09544402 0.38500336 1041.00000000
0.09530588 0.38669979 1041.00000000
0.09516728 0.38836958 1041.00000000
0.09502821 0.39001294 1041.00000000
0.09488870 0.39163012 1041.00000000
0.09474874 0.39322136 1041.00000000
0.09460833 0.39478697 1041.00000000
0.09446749 0.39632725 1042.00000000
0.09432621 0.39784257 1042.00000000
0.09418451 0.39933327 1042.00000000
0.09404238 0.40079976 1042.00000000
0.09389983 0.40224242 1042.00000000
0.09375686 0.40366170 1042.00000000
0.09361347 0.40505803 1042.00000000
0.09346968 0.40643187 1042.00000000
0.09332547 0.40778370 1042.00000000
0.09318086 0.40911399 1042.00000000
0.09303585 0.41042326 1042.00000000
0.09289044 0.41171202 1043.00000000
0.09274462 0.41298077 1043.00000000
0.09259841 0.41423007 1043.00000000
0.09245180 0.41546044 1043.00000000
0.09230480 0.41667245 1043.00000000
0.09215740 0.41786664 1044.00000000
0.09200960 0.41904359 1044.00000000
0.09186141 0.42020388 1044.00000000
0.09171283 0.42134808 1044.00000000
0.09156385 0.42247680 1044.00000000
0.09141447 0.42359063 1045.00000000
0.09126470 0.42469019 1045.00000000
0.09111453 0.42577608 1045.00000000
0.09096396 0.42684895 1045.00000000
0.09081299 0.42790942 1045.00000000
0.09066161 0.42895815 1045.00000000
0.09050983 0.42999580 1045.00000000
0.09035764 0.43102302 1045.00000000
0.09020504 0.43204051 1045.00000000
0.09005203 0.43304895 1049.00000000
0.08989860 0.43404906 1053.00000000
0.08974475 0.43504155 1053.00000000
0.08959048 0.43602714 1053.00000000
0.08943578 0.43700660 1053.00000000
0.08928065 0.43798067 1053.00000000
0.08912508 0.43895013 1053.00000000
0.08896907 0.43991577 1053.00000000
0.08881262 0.44087839 1053.00000000
0.08865572 0.44183880 1053.00000000
0.08849836 0.44279785 1054.00000000
0.08834055 0.44375636 1054.00000000
0.08818227 0.44471519 1054.00000000
0.08802352 0.44567522 1054.00000000
0.08786430 0.44663731 1054.00000000
0.08770460 0.44760236 1054.00000000
0.08754441 0.44857126 1054.00000000
0.08738374 0.44954491 1054.00000000
0.08722257 0.45052422 1054.00000000
0.08706090 0.45151009 1054.00000000
0.08689873 0.45250344 1054.00000000
0.08673605 0.45350517 1054.00000000
0.08657285 0.45451618 1055.00000000
0.08640914 0.45553737 1055.00000000
0.08624491 0.45656962 1055.00000000
0.08608015 0.45761380 1055.00000000
0.08591486 0.45867076 1055.00000000
0.08574904 0.45974134 1055.00000000
0.08558269 0.46082636 1055.00000000
0.08541580 0.46192658 1055.00000000
0.08524837 0.46304278 1055.00000000
0.08508040 0.46417566 1056.00000000
0.08491189 0.46532592 1056.00000000
0.08474284 0.46649419 1056.00000000
0.08457325 0.46768109 1056.00000000
0.08440311 0.46888716 1056.00000000
0.08423244 0.47011293 1056.00000000
0.08406123 0.47135884 1056.00000000
0.08388948 0.47262530 1056.00000000
0.08371721 0.47391267 1057.00000000
0.08354440 0.47522124 1057.00000000
0.08337107 0.47655126 1057.00000000
0.08319723 0.47790292 1060.00000000
0.08302286 0.47927633 1064.00000000
0.08284799 0.48067158 1064.00000000
0.08267262 0.48208869 1064.00000000
0.08249676 0.48352763 1064.00000000
0.08232041 0.48498830 1064.00000000
0.08214358 0.48647059 1064.00000000
0.08196628 0.48797430 1064.00000000
0.08178851 0.48949922 1065.00000000
0.08161030 0.49104510 1065.00000000
0.08143164 0.49261164 1065.00000000
0.08125255 0.49419851 1065.00000000
0.08107303 0.49580538 1065.00000000
0.08089310 0.49743188 1065.00000000
0.08071277 0.49907762 1065.00000000
0.08053204 0.50074221 1065.00000000
0.08035093 0.50242526 1065.00000000
0.08016944 0.50412637 1065.00000000
0.07998759 0.50584515 1065.00000000
0.07980537 0.50758123 1066.00000000
0.07962281 0.50933424 1066.00000000
0.07943991 0.51110383 1066.00000000
0.07925668 0.51288969 1066.00000000
0.07907312 0.51469152 1066.00000000
0.07888925 0.51650907 1066.00000000
0.07870506 0.51834210 1066.00000000
0.07852057 0.52019042 1066.00000000
0.07833577 0.52205389 1066.00000000
0.07815067 0.52393239 1066.00000000
0.07796528 0.52582584 1067.00000000
0.07777960 0.52773422 1067.00000000
0.07759362 0.52965755 1067.00000000
0.07740735 0.53159587 1067.00000000
0.07722078 0.53354929 1068.00000000
0.07703392 0.53551793 1068.00000000
0.07684676 0.53750197 1068.00000000
0.07665929 0.53950162 1068.00000000
0.07647152 0.54151712 1073.00000000
0.07628343 0.54354875 1074.00000000
0.07609502 0.54559680 1074.00000000
0.07590628 0.54766160 1074.00000000
0.07571720 0.54974350 1074.00000000
0.07552776 0.55184286 1074.00000000
0.07533796 0.55396006 1074.00000000
0.07514778 0.55609550 1074.00000000
0.07495721 0.55824955 1074.00000000
0.07476623 0.56042263 1074.00000000
0.07457483 0.56261512 1075.00000000
0.07438298 0.56482740 1075.00000000
0.07419067 0.56705986 1075.00000000
0.07399787 0.56931285 1075.00000000
0.07380458 0.57158672 1075.00000000
0.07361075 0.57388177 1075.00000000
0.07341638 0.57619831 1075.00000000
0.07322143 0.57853659 1075.00000000
0.07302588 0.58089683 1075.00000000
0.07282970 0.58327922 1075.00000000
0.07263288 0.58568389 1075.00000000
0.07243537 0.58811096 1076.00000000
0.07223715 0.59056046 1076.00000000
0.07203819 0.59303239 1076.00000000
0.07183845 0.59552669 1076.00000000
0.07163792 0.59804324 1076.00000000
0.07143655 0.60058186 1076.00000000
0.07123432 0.60314230 1078.00000000
0.07103119 0.60572427 1078.00000000
0.07082712 0.60832737 1078.00000000
0.07062209 0.61095117 1078.00000000
0.07041605 0.61359514 1078.00000000
0.07020898 0.61625869 1078.00000000
0.07000083 0.61894115 1078.00000000
0.06979158 0.62164177 1078.00000000
0.06958118 0.62435973 1078.00000000
0.06936961 0.62709412 1078.00000000
0.06915682 0.62984397 1079.00000000
0.06894277 0.63260820 1079.00000000
0.06872745 0.63538568 1079.00000000
0.06851080 0.63817519 1079.00000000
0.06829279 0.64097540 1079.00000000
0.06807339 0.64378495 1079.00000000
0.06785256 0.64660237 1079.00000000
0.06763027 0.64942611 1079.00000000
0.06740648 0.65225454 1079.00000000
0.06718116 0.65508599 1082.00000000
0.06695428 0.65791866 1086.00000000
0.06672581 0.66075072 1086.00000000
0.06649571 0.66358024 1086.00000000
0.06626396 0.66640526 1086.00000000
0.06603052 0.66922371 1087.00000000
0.06579537 0.67203348 1087.00000000
0.06555848 0.67483241 1087.00000000
0.06531983 0.67761826 1087.00000000
0.06507939 0.68038875 1087.00000000
0.06483713 0.68314157 1087.00000000
0.06459304 0.68587433 1087.00000000
0.06434709 0.68858463 1088.00000000
0.06409927 0.69127003 1088.00000000
0.06384956 0.69392804 1088.00000000
0.06359795 0.69655617 1088.00000000
0.06334443 0.69915190 1088.00000000
0.06308898 0.70171269 1088.00000000
0.06283159 0.70423600 1089.00000000
0.06257226 0.70671928 1089.00000000
0.06231099 0.70915997 1089.00000000
0.06204777 0.71155554 1089.00000000
0.06178261 0.71390344 1089.00000000
0.06151550 0.71620115 1089.00000000
0.06124646 0.71844616 1089.00000000
0.06097550 0.72063599 1089.00000000
0.06070262 0.72276817 1089.00000000
0.06042784 0.72484027 1090.00000000
0.06015118 0.72684988 1090.00000000
0.05987266 0.72879462 1090.00000000
0.05959231 0.73067214 1090.00000000
0.05931014 0.73248013 1090.00000000
0.05902620 0.73421630 1090.00000000
0.05874051 0.73587841 1090.00000000
0.05845311 0.73746423 1090.00000000
0.05816405 0.73897157 1091.00000000
0.05787336 0.74039827 1091.00000000
0.05758109 0.74174220 1093.00000000
0.05728729 0.74300126 1097.00000000
0.05699202 0.74417336 1098.00000000
0.05669533 0.74525646 1098.00000000
0.05639728 0.74624853 1098.00000000
0.05609794 0.74714758 1098.00000000
0.05579737 0.74795165 1098.00000000
0.05549563 0.74865880 1098.00000000
0.05519281 0.74926714 1098.00000000
0.05488898 0.74977483 1098.00000000
0.05458420 0.75018008 1098.00000000
0.05427857 0.75048115 1098.00000000
0.05397216 0.75067638 1099.00000000
0.05366506 0.75076419 1099.00000000
0.05335735 0.75074310 1099.00000000
0.05304912 0.75061173 1099.00000000
0.05274045 0.75036883 1099.00000000
0.05243144 0.75001329 1099.00000000
0.05212218 0.74954415 1099.00000000
0.05181275 0.74896060 1099.00000000
0.05150324 0.74826205 1100.00000000
0.05119375 0.74744807 1100.00000000
0.05088437 0.74651846 1100.00000000
0.05057518 0.74547324 1101.00000000
0.05026628 0.74431265 1101.00000000
0.04995775 0.74303718 1101.00000000
0.04964967 0.74164753 1101.00000000
0.04934213 0.74014470 1101.00000000
0.04903522 0.73852987 1101.00000000
0.04872902 0.73680453 1101.00000000
0.04842360 0.73497034 1101.00000000
0.04811904 0.73302925 1101.00000000
0.04781542 0.73098339 1102.00000000
0.04751281 0.72883513 1102.00000000
0.04721128 0.72658700 1102.00000000
0.04691089 0.72424175 1102.00000000
0.04661171 0.72180227 1103.00000000
0.04631380 0.71927160 1109.00000000
0.04601723 0.71665291 1109.00000000
0.04572204 0.71394949 1109.00000000
0.04542830 0.71116472 1109.00000000
0.04513605 0.70830202 1109.00000000
0.04484535 0.70536491 1110.00000000
0.04455625 0.70235692 1110.00000000
0.04426878 0.69928160 1111.00000000
0.04398299 0.69614249 1111.00000000
0.04369892 0.69294315 1111.00000000
0.04341661 0.68968708 1111.00000000
0.04313609 0.68637775 1111.00000000
0.04285741 0.68301858 1112.00000000
0.04258058 0.67961292 1112.00000000
0.04230565 0.67616405 1112.00000000
0.04203264 0.67267517 1112.00000000
0.04176157 0.66914939 1112.00000000
0.04149248 0.66558972 1112.00000000
0.04122538 0.66199908 1112.00000000
0.04096030 0.65838029 1113.00000000
0.04069726 0.65473606 1113.00000000
0.04043627 0.65106898 1113.00000000
0.04017736 0.64738155 1113.00000000
0.03992053 0.64367617 1113.00000000
0.03966581 0.63995511 1113.00000000
0.03941321 0.63622055 1113.00000000
0.03916274 0.63247456 1113.00000000
0.03891441 0.62871910 1113.00000000
0.03866823 0.62495605 1114.00000000
0.03842421 0.62118718 1117.00000000
0.03818235 0.61741417 1117.00000000
0.03794267 0.61363859 1117.00000000
0.03770517 0.60986196 1117.00000000
0.03746985 0.60608569 1117.00000000
0.03723671 0.60231111 1117.00000000
0.03700577 0.59853948 1118.00000000
0.03677701 0.59477200 1118.00000000
0.03655045 0.59100976 1118.00000000
0.03632607 0.58725384 1118.00000000
0.03610388 0.58350520 1118.00000000
0.03588388 0.57976479 1118.00000000
0.03566607 0.57603348 1118.00000000
0.03545043 0.57231208 1118.00000000
0.03523697 0.56860137 1118.00000000
0.03502569 0.56490206 1118.00000000
0.03481656 0.56121485 1118.00000000
0.03460960 0.55754036 1118.00000000
0.03440479 0.55387921 1119.00000000
0.03420212 0.55023194 1119.00000000
0.03400159 0.54659910 1120.00000000
0.03380318 0.54298117 1120.00000000
0.03360689 0.53937863 1120.00000000
0.03341271 0.53579191 1120.00000000
0.03322063 0.53222143 1120.00000000
0.03303063 0.52866757 1121.00000000
0.03284270 0.52513069 1121.00000000
0.03265683 0.52161115 1121.00000000
0.03247302 0.51810925 1121.00000000
0.03229124 0.51462531 1121.00000000
0.03211148 0.51115960 1121.00000000
0.03193374 0.50771240 1121.00000000
0.03175799 0.50428395 1121.00000000
0.03158421 0.50087448 1121.00000000
0.03141241 0.49748422 1121.00000000
0.03124256 0.49411338 1121.00000000
0.03107464 0.49076214 1121.00000000
0.03090864 0.48743069 1122.00000000
0.03074455 0.48411919 1122.00000000
0.03058235 0.48082781 1122.00000000
0.03042202 0.47755669 1122.00000000
0.03026354 0.47430596 1122.00000000
0.03010691 0.47107575 1122.00000000
0.02995209 0.46786618 1122.00000000
0.02979909 0.46467735 1122.00000000
0.02964787 0.46150936 1122.00000000
0.02949842 0.45836230 1122.00000000
0.02935073 0.45523626 1122.00000000
0.02920478 0.45213130 1123.00000000
0.02906054 0.44904750 1123.00000000
0.02891801 0.44598490 1123.00000000
0.02877716 0.44294356 1123.00000000
0.02863798 0.43992353 1123.00000000
0.02850045 0.43692484 1123.00000000
0.02836455 0.43394751 1123.00000000
0.02823026 0.43099158 1123.00000000
0.02809757 0.42805706 1123.00000000
0.02796646 0.42514396 1123.00000000
0.02783691 0.42225229 1123.00000000
0.02770891 0.41938204 1123.00000000
0.02758243 0.41653322 1124.00000000
0.02745746 0.41370580 1124.00000000
0.02733398 0.41089977 1124.00000000
0.02721197 0.40811512 1124.00000000
0.02709142 0.40535180 1124.00000000
0.02697231 0.40260979 1124.00000000
0.02685462 0.39988906 1124.00000000
0.02673834 0.39718956 1124.00000000
0.02662344 0.39451124 1124.00000000
0.02650992 0.39185405 1124.00000000
0.02639775 0.38921795 1124.00000000
0.02628692 0.38660286 1125.00000000
0.02617740 0.38400874 1125.00000000
0.02606920 0.38143550 1125.00000000
0.02596228 0.37888309 1125.00000000
0.02585663 0.37635143 1125.00000000
0.02575224 0.37384044 1125.00000000
0.02564909 0.37135003 1125.00000000
0.02554716 0.36888014 1125.00000000
0.02544644 0.36643066 1125.00000000
0.02534692 0.36400152 1125.00000000
0.02524857 0.36159262 1125.00000000
0.02515138 0.35920385 1125.00000000
0.02505534 0.35683513 1126.00000000
0.02496044 0.35448636 1126.00000000
0.02486665 0.35215743 1126.00000000
0.02477396 0.34984824 1126.00000000
0.02468236 0.34755867 1126.00000000
0.02459183 0.34528863 1126.00000000
0.02450237 0.34303800 1126.00000000
0.02441395 0.34080666 1126.00000000
0.02432656 0.33859451 1126.00000000
0.02424019 0.33640142 1126.00000000
0.02415482 0.33422727 1126.00000000
0.02407045 0.33207196 1126.00000000
0.02398705 0.32993535 1127.00000000
0.02390461 0.32781733 1127.00000000
0.02382313 0.32571777 1127.00000000
0.02374259 0.32363655 1128.00000000