0.12506336 0.08633597 8.00000000
0.12505758 0.08432642 14.00000000
0.12504669 0.08073101 20.00000000
0.12503132 0.07613226 27.00000000
0.12501204 0.07123873 34.00000000
0.12498932 0.06684768 40.00000000
0.12496346 0.06377887 47.00000000
0.12493462 0.06275821 53.00000000
0.12490276 0.06428124 58.00000000
0.12486763 0.06856338 65.00000000
0.12482876 0.07564948 71.00000000
0.12478544 0.08560076 78.00000000
0.12473658 0.09862166 83.00000000
0.12468069 0.11508058 89.00000000
0.12461568 0.13546301 96.00000000
0.12453869 0.16030751 105.00000000
0.12444575 0.19015177 110.00000000
0.12433148 0.22549104 116.00000000
0.12418863 0.26673509 123.00000000
0.12400754 0.31414189 129.00000000
0.12377569 0.36770278 136.00000000
0.12347732 0.42695060 140.00000000
0.12309352 0.49066144 140.00000000
0.12260320 0.55642731 140.00000000
0.12198588 0.62010696 140.00000000
0.12122703 0.67523907 140.00000000
0.12032696 0.71265435 140.00000000
0.11931230 0.72075030 140.00000000
0.11824666 0.68708732 141.00000000
0.11723199 0.60182007 141.00000000
0.11639081 0.46259277 141.00000000
0.11582572 0.27916767 142.00000000
0.11557065 0.08181918 142.00000000
0.11556331 0.14923069 142.00000000
0.11566138 0.31950654 142.00000000
0.11569619 0.44219795 142.00000000
0.11553427 0.50436730 142.00000000
0.11511891 0.50461353 142.00000000
0.11448063 0.44917092 142.00000000
0.11371921 0.35033261 143.00000000
0.11296640 0.22717472 143.00000000
0.11234225 0.12319027 143.00000000
0.11192028 0.15683935 143.00000000
0.11171264 0.27381214 143.00000000
0.11167729 0.38762269 143.00000000
0.11173953 0.47895806 143.00000000
0.11181765 0.54003337 143.00000000
0.11184533 0.56634284 144.00000000
0.11178638 0.55571472 145.00000000
0.11164017 0.50865200 145.00000000
0.11143703 0.42887276 145.00000000
0.11122509 0.32365037 145.00000000
0.11105258 0.20413232 145.00000000
0.11095129 0.09074811 145.00000000
0.11092727 0.08214736 145.00000000
0.11096161 0.16975514 146.00000000
0.11102012 0.24508296 146.00000000
0.11106696 0.29374244 146.00000000
0.11107664 0.31333991 146.00000000
0.11104023 0.30544613 146.00000000
0.11096485 0.27418123 146.00000000
0.11086803 0.22539439 146.00000000
0.11076988 0.16604314 146.00000000
0.11068615 0.10417303 147.00000000
0.11062428 0.05332806 147.00000000
0.11058302 0.05227831 147.00000000
0.11055491 0.08815462 147.00000000
0.11052995 0.12095268 147.00000000
0.11049916 0.14322016 147.00000000
0.11045680 0.15417040 147.00000000
0.11040113 0.15491027 147.00000000
0.11033384 0.14757675 148.00000000
0.11025865 0.13503671 148.00000000
0.11017967 0.12073921 148.00000000
0.11010006 0.10849513 148.00000000
0.11002119 0.10171922 148.00000000
0.10994241 0.10188803 148.00000000
0.10986148 0.10764602 148.00000000
0.10977528 0.11606807 148.00000000
0.10968066 0.12448217 149.00000000
0.10957518 0.13119969 149.00000000
0.10945749 0.13547482 149.00000000
0.10932739 0.13729233 149.00000000
0.10918558 0.13718075 149.00000000
0.10903317 0.13604599 149.00000000
0.10887111 0.13497065 150.00000000
0.10869981 0.13494008 150.00000000
0.10851892 0.13653587 150.00000000
0.10832729 0.13973779 150.00000000
0.10812327 0.14397016 150.00000000
0.10790507 0.14837397 150.00000000
0.10767108 0.15214847 150.00000000
0.10742019 0.15481635 150.00000000
0.10715182 0.15635034 151.00000000
0.10686586 0.15715479 151.00000000
0.10656236 0.15791590 151.00000000
0.10624132 0.15935942 151.00000000
0.10590243 0.16200103 151.00000000
0.10554502 0.16600905 151.00000000
0.10516815 0.17125879 151.00000000
0.10477081 0.17754588 151.00000000
0.10435218 0.18483339 151.00000000
0.10391170 0.19339636 152.00000000
0.10344923 0.20377861 152.00000000
0.10296482 0.21655924 152.00000000
0.10245864 0.23203070 152.00000000
0.10193077 0.24996371 152.00000000
0.10138114 0.26959411 152.00000000
0.10080959 0.28982813 152.00000000
0.10021600 0.30954919 152.00000000
0.09960052 0.32789341 153.00000000
0.09896367 0.34440797 153.00000000
0.09830633 0.35906365 153.00000000
0.09762971 0.37214010 153.00000000
0.09693517 0.38404031 153.00000000
0.09622416 0.39510828 153.00000000
0.09549818 0.40551176 153.00000000
0.09475882 0.41521032 153.00000000
0.09400789 0.42398352 154.00000000
0.09324734 0.43147561 154.00000000
0.09247929 0.43723047 154.00000000
0.09170581 0.44072502 154.00000000
0.09092883 0.44142960 154.00000000
0.09015008 0.43891302 154.00000000
0.08937111 0.43297604 154.00000000
0.08859340 0.42376545 154.00000000
0.08781838 0.41181538 155.00000000
0.08704755 0.39798697 155.00000000
0.08628241 0.38332008 155.00000000
0.08552446 0.36884905 155.00000000
0.08477523 0.35544607 155.00000000
0.08403631 0.34373154 155.00000000
0.08330942 0.33404625 155.00000000
0.08259639 0.32645207 155.00000000
0.08189908 0.32074040 156.00000000
0.08121925 0.31646378 156.00000000
0.08055846 0.31301923 156.00000000
0.07991799 0.30978360 156.00000000
0.07929881 0.30625848 156.00000000
0.07870159 0.30216901 156.00000000
0.07812673 0.29748417 156.00000000
0.07757437 0.29236477 156.00000000
0.07704437 0.28707268 157.00000000
0.07653636 0.28188023 157.00000000
0.07604976 0.27700676 157.00000000
0.07558381 0.27258970 157.00000000
0.07513761 0.26868269 157.00000000
0.07471016 0.26526773 157.00000000
0.07430034 0.26227196 158.00000000
0.07390694 0.25958537 158.00000000
0.07352867 0.25708001 158.00000000
0.07316415 0.25463082 158.00000000
0.07281192 0.25213638 158.00000000
0.07247044 0.24953604 158.00000000
0.07213808 0.24682006 158.00000000
0.07181314 0.24403106 158.00000000
0.07149379 0.24125749 159.00000000
0.07117808 0.23862144 159.00000000
0.07086386 0.23626425 159.00000000
0.07054883 0.23433324 159.00000000
0.07023043 0.23297206 159.00000000
0.06990582 0.23231645 159.00000000
0.06957190 0.23249655 159.00000000
0.06922522 0.23364672 159.00000000
0.06886204 0.23592348 159.00000000
0.06847834 0.23953180 160.00000000
0.06806986 0.24475775 160.00000000
0.06763227 0.25200097 160.00000000
0.06716132 0.26179434 160.00000000
0.06665308 0.27479187 160.00000000
0.06610425 0.29170533 160.00000000
0.06551236 0.31318325 160.00000000
0.06487610 0.33965120 160.00000000
0.06419532 0.37115929 161.00000000
0.06347105 0.40729056 162.00000000
0.06270518 0.44716576 162.00000000
0.06190000 0.48954899 162.00000000
0.06105773 0.53302883 162.00000000
0.06017988 0.57623019 162.00000000
0.05926685 0.61800094 162.00000000
0.05831770 0.65751968 162.00000000
0.05733015 0.69428982 162.00000000
0.05630079 0.72802265 163.00000000
0.05522555 0.75845610 163.00000000
0.05410030 0.78518557 163.00000000
0.05292154 0.80757749 163.00000000
0.05168707 0.82479528 163.00000000
0.05039638 0.83591340 163.00000000
0.04905078 0.84006538 163.00000000
0.04765290 0.83657951 164.00000000
0.04620582 0.82509070 164.00000000
0.04471183 0.80565027 164.00000000
0.04317142 0.77887255 164.00000000
0.04158299 0.74616331 164.00000000
0.03994429 0.71006446 164.00000000
0.03825618 0.67465654 164.00000000
0.03652896 0.64561469 164.00000000
0.03479000 0.62877192 165.00000000
0.03308750 0.62574048 165.00000000
0.03148268 0.62816523 165.00000000
0.03002788 0.61816430 165.00000000
0.02874628 0.58067113 165.00000000
0.02763272 0.52017065 165.00000000
0.02666800 0.46571979 165.00000000
0.02582572 0.44849338 165.00000000
0.02507238 0.46266553 166.00000000
0.02437363 0.47220206 166.00000000
0.02370633 0.45076298 166.00000000
0.02306483 0.39497819 166.00000000
0.02245562 0.31750182 166.00000000
0.02188648 0.23710770 166.00000000
0.02135948 0.17112408 166.00000000
0.02087091 0.12938100 166.00000000
0.02041531 0.10853739 167.00000000
0.01998907 0.09662763 167.00000000
0.01959139 0.08707289 167.00000000
0.01922311 0.08244082 167.00000000
0.01888475 0.08737195 167.00000000
0.01857539 0.10036729 168.00000000
0.01829254 0.11547830 168.00000000
0.01803284 0.12794945 168.00000000
0.01779306 0.13572646 168.00000000
0.01757071 0.13888236 168.00000000
0.01736419 0.13876202 168.00000000
0.01717253 0.13714734 168.00000000
0.01699496 0.13554336 168.00000000
0.01683064 0.13474958 169.00000000
0.01667849 0.13483293 169.00000000
0.01653727 0.13541816 169.00000000
0.01640572 0.13605202 169.00000000
0.01628268 0.13644325 169.00000000
0.01616715 0.13653185 169.00000000
0.01605836 0.13643813 169.00000000
0.01595567 0.13636010 169.00000000
0.01585858 0.13647265 170.00000000
0.01576663 0.13686059 170.00000000
0.01567942 0.13749809 170.00000000
0.01559653 0.13826810 170.00000000
0.01551759 0.13900406 170.00000000
0.01544222 0.13953449 170.00000000
0.01537010 0.13971732 170.00000000
0.01530091 0.13945917 170.00000000
0.01523442 0.13872081 171.00000000
0.01517040 0.13751274 171.00000000
0.01510867 0.13588517 171.00000000
0.01504907 0.13391567 171.00000000
0.01499146 0.13169710 171.00000000
0.01493573 0.12932697 171.00000000
0.01488175 0.12689911 171.00000000
0.01482940 0.12449767 171.00000000
0.01477859 0.12219340 172.00000000
0.01472920 0.12004179 172.00000000
0.01468114 0.11808265 172.00000000
0.01463432 0.11634072 172.00000000
0.01458867 0.11482692 172.00000000
0.01454410 0.11354002 172.00000000
0.01450055 0.11246847 172.00000000
0.01445796 0.11159235 172.00000000
0.01441628 0.11088541 172.00000000
0.01437546 0.11031704 173.00000000
0.01433545 0.10985433 173.00000000
0.01429621 0.10946392 173.00000000
0.01425771 0.10911383 173.00000000
0.01421990 0.10877498 173.00000000
0.01418275 0.10842244 174.00000000
0.01414622 0.10803633 174.00000000
0.01411029 0.10760235 174.00000000
0.01407492 0.10711191 174.00000000
0.01404008 0.10656196 174.00000000
0.01400575 0.10595445 174.00000000
0.01397190 0.10529564 174.00000000
0.01393852 0.10459517 174.00000000
0.01390557 0.10386513 175.00000000
0.01387303 0.10311909 175.00000000
0.01384090 0.10237113 175.00000000
0.01380915 0.10163510 175.00000000
0.01377776 0.10092389 175.00000000
0.01374672 0.10024893 175.00000000
0.01371601 0.09961980 175.00000000
0.01368563 0.09904406 175.00000000
0.01365554 0.09852711 176.00000000
0.01362575 0.09807225 176.00000000
0.01359623 0.09768080 176.00000000
0.01356698 0.09735227 176.00000000
0.01353799 0.09708462 176.00000000
0.01350925 0.09687448 176.00000000
0.01348074 0.09671745 176.00000000
0.01345246 0.09660837 176.00000000
0.01342440 0.09654158 176.00000000
0.01339656 0.09651114 177.00000000
0.01336891 0.09651111 177.00000000
0.01334147 0.09653568 177.00000000
0.01331421 0.09657938 177.00000000
0.01328713 0.09663719 177.00000000
0.01326023 0.09670467 177.00000000
0.01323350 0.09677801 177.00000000
0.01320693 0.09685404 177.00000000
0.01318052 0.09693029 178.00000000
0.01315425 0.09700496 178.00000000
0.01312813 0.09707683 179.00000000
0.01310215 0.09714529 179.00000000
0.01307629 0.09721019 179.00000000
0.01305056 0.09727177 179.00000000
0.01302495 0.09733064 179.00000000
0.01299945 0.09738760 179.00000000
0.01297407 0.09744360 179.00000000
0.01294878 0.09749969 180.00000000
0.01292360 0.09755685 180.00000000
0.01289851 0.09761604 180.00000000
0.01287350 0.09767807 180.00000000
0.01284858 0.09774356 180.00000000
0.01282374 0.09781293 180.00000000
0.01279898 0.09788640 180.00000000
0.01277429 0.09796389 180.00000000
0.01274966 0.09804513 180.00000000
0.01272510 0.09812957 181.00000000
0.01270061 0.09821643 181.00000000
0.01267617 0.09830474 181.00000000
0.01265178 0.09839331 181.00000000
0.01262746 0.09848081 181.00000000
0.01260318 0.09856576 181.00000000
0.01257895 0.09864657 181.00000000
0.01255478 0.09872157 181.00000000
0.01253065 0.09878907 182.00000000
0.01250657 0.09884734 182.00000000
0.01248254 0.09889465 182.00000000
0.01245856 0.09892935 182.00000000
0.01243463 0.09894981 182.00000000
0.01241075 0.09895451 182.00000000
0.01238692 0.09894203 182.00000000
0.01236315 0.09891105 182.00000000
0.01233943 0.09886041 183.00000000
0.01231578 0.09878908 183.00000000
0.01229219 0.09869617 183.00000000
0.01226866 0.09858096 183.00000000
0.01224520 0.09844290 183.00000000
0.01222182 0.09828158 184.00000000
0.01219851 0.09809676 184.00000000
0.01217528 0.09788835 184.00000000
0.01215214 0.09765644 184.00000000
0.01212909 0.09740124 184.00000000
0.01210614 0.09712312 184.00000000
0.01208328 0.09682261 184.00000000
0.01206052 0.09650033 184.00000000
0.01203788 0.09615708 184.00000000
0.01201534 0.09579375 185.00000000
0.01199292 0.09541135 185.00000000
0.01197062 0.09501101 185.00000000
0.01194844 0.09459396 185.00000000
0.01192638 0.09416151 185.00000000
0.01190446 0.09371509 185.00000000
0.01188267 0.09325616 185.00000000
0.01186101 0.09278630 185.00000000
0.01183949 0.09230713 186.00000000
0.01181810 0.09182031 186.00000000
0.01179686 0.09132756 186.00000000
0.01177575 0.09083064 186.00000000
0.01175479 0.09033130 186.00000000
0.01173397 0.08983132 186.00000000
0.01171329 0.08933248 186.00000000
0.01169275 0.08883652 186.00000000
0.01167234 0.08834519 187.00000000
0.01165208 0.08786016 187.00000000
0.01163195 0.08738310 187.00000000
0.01161195 0.08691558 187.00000000
0.01159208 0.08645911 187.00000000
0.01157234 0.08601514 187.00000000
0.01155272 0.08558502 187.00000000
0.01153323 0.08517001 187.00000000
0.01151385 0.08477128 188.00000000
0.01149458 0.08438987 188.00000000
0.01147542 0.08402677 188.00000000
0.01145637 0.08368280 188.00000000
0.01143741 0.08335872 188.00000000
0.01141854 0.08305517 188.00000000
0.01139977 0.08277268 188.00000000
0.01138108 0.08251167 188.00000000
0.01136246 0.08227248 189.00000000
0.01134392 0.08205534 189.00000000
0.01132544 0.08186038 189.00000000
0.01130703 0.08168767 189.00000000
0.01128867 0.08153716 189.00000000
0.01127036 0.08140875 189.00000000
0.01125209 0.08130226 189.00000000
0.01123386 0.08121744 189.00000000
0.01121566 0.08115398 189.00000000
0.01119749 0.08111150 190.00000000
0.01117934 0.08108958 190.00000000
0.01116121 0.08108775 190.00000000
0.01114308 0.08110550 190.00000000
0.01112496 0.08114228 190.00000000
0.01110683 0.08119749 190.00000000
0.01108870 0.08127052 190.00000000
0.01107055 0.08136072 190.00000000
0.01105238 0.08146742 191.00000000
0.01103419 0.08158995 191.00000000
0.01101597 0.08172758 191.00000000
0.01099772 0.08187962 191.00000000
0.01097943 0.08204535 191.00000000
0.01096109 0.08222404 191.00000000
0.01094270 0.08241496 192.00000000
0.01092426 0.08261741 192.00000000
0.01090576 0.08283068 192.00000000
0.01088719 0.08305407 192.00000000
0.01086856 0.08328689 192.00000000
0.01084985 0.08352850 192.00000000
0.01083107 0.08377826 192.00000000
0.01081221 0.08403556 192.00000000
0.01079327 0.08429983 193.00000000
0.01077423 0.08457053 193.00000000
0.01075511 0.08484717 193.00000000
0.01073589 0.08512928 193.00000000
0.01071657 0.08541646 193.00000000
0.01069715 0.08570834 193.00000000
0.01067763 0.08600461 193.00000000
0.01065800 0.08630501 193.00000000
0.01063827 0.08660933 194.00000000
0.01061842 0.08691744 195.00000000
0.01059845 0.08722922 195.00000000
0.01057838 0.08754466 195.00000000
0.01055818 0.08786377 195.00000000
0.01053786 0.08818664 195.00000000
0.01051743 0.08851343 195.00000000
0.01049687 0.08884433 195.00000000
0.01047619 0.08917962 196.00000000
0.01045539 0.08951963 196.00000000
0.01043446 0.08986475 196.00000000
0.01041340 0.09021544 196.00000000
0.01039222 0.09057223 196.00000000
0.01037091 0.09093569 196.00000000
0.01034947 0.09130649 196.00000000
0.01032791 0.09168535 196.00000000
0.01030622 0.09207305 197.00000000
0.01028439 0.09247048 197.00000000
0.01026244 0.09287856 197.00000000
0.01024036 0.09329832 197.00000000
0.01021814 0.09373088 197.00000000
0.01019579 0.09417742 197.00000000
0.01017331 0.09463922 197.00000000
0.01015068 0.09511768 197.00000000
0.01012792 0.09561426 197.00000000
0.01010502 0.09613056 198.00000000
0.01008197 0.09666827 198.00000000
0.01005877 0.09722920 198.00000000
0.01003542 0.09781526 198.00000000
0.01001191 0.09842850 198.00000000
0.00998823 0.09907108 198.00000000
0.00996437 0.09974530 198.00000000
0.00994033 0.10045355 198.00000000
0.00991610 0.10119838 199.00000000
0.00989167 0.10198245 199.00000000
0.00986702 0.10280855 199.00000000
0.00984214 0.10367960 199.00000000
0.00981702 0.10459862 199.00000000
0.00979163 0.10556878 200.00000000
0.00976596 0.10659335 205.00000000
0.00974000 0.10767571 210.00000000
0.00971370 0.10881936 210.00000000
0.00968706 0.11002790 210.00000000
0.00966005 0.11130505 211.00000000
0.00963263 0.11265462 211.00000000
0.00960477 0.11408050 211.00000000
0.00957645 0.11558669 212.00000000
0.00954762 0.11717728 212.00000000
0.00951824 0.11885643 212.00000000
0.00948827 0.12062837 213.00000000
0.00945767 0.12249741 213.00000000
0.00942639 0.12446788 213.00000000
0.00939436 0.12654417 213.00000000
0.00936154 0.12873066 213.00000000
0.00932787 0.13103171 213.00000000
0.00929327 0.13345164 213.00000000
0.00925769 0.13599461 213.00000000
0.00922104 0.13866463 214.00000000
0.00918324 0.14146541 214.00000000
0.00914422 0.14440029 214.00000000
0.00910388 0.14747208 214.00000000
0.00906212 0.15068288 214.00000000
0.00901884 0.15403390 214.00000000
0.00897393 0.15752517 215.00000000
0.00892729 0.16115527 215.00000000
0.00887878 0.16492094 215.00000000
0.00882829 0.16881672 215.00000000
0.00877567 0.17283444 216.00000000
0.00872081 0.17696277 216.00000000
0.00866354 0.18118665 216.00000000
0.00860375 0.18548682 216.00000000
0.00854129 0.18983928 216.00000000
0.00847601 0.19421498 216.00000000
0.00840780 0.19857963 217.00000000
0.00833653 0.20289384 217.00000000
0.00826210 0.20711370 217.00000000
0.00818443 0.21119190 217.00000000
0.00810347 0.21507957 217.00000000
0.00801919 0.21872881 217.00000000
0.00793161 0.22209594 218.00000000
0.00784080 0.22514513 218.00000000
0.00774685 0.22785221 218.00000000
0.00764992 0.23020781 218.00000000
0.00755021 0.23221937 218.00000000
0.00744796 0.23391126 219.00000000
0.00734346 0.23532271 219.00000000
0.00723700 0.23650366 219.00000000
0.00712894 0.23750930 219.00000000
0.00701964 0.23839423 219.00000000
0.00690946 0.23920736 219.00000000
0.00679879 0.23998845 220.00000000
0.00668802 0.24076645 220.00000000
0.00657753 0.24155939 220.00000000
0.00646770 0.24237522 220.00000000
0.00635888 0.24321302 220.00000000
0.00625141 0.24406407 220.00000000
0.00614558 0.24491264 221.00000000
0.00604165 0.24573654 221.00000000
0.00593982 0.24650764 221.00000000
0.00584027 0.24719239 221.00000000
0.00574312 0.24775271 221.00000000
0.00564845 0.24814716 221.00000000
0.00555632 0.24833253 222.00000000
0.00546674 0.24826576 222.00000000
0.00537969 0.24790611 222.00000000
0.00529515 0.24721743 222.00000000
0.00521308 0.24617031 222.00000000
0.00513342 0.24474401 222.00000000
0.00505609 0.24292783 223.00000000
0.00498104 0.24072192 223.00000000
0.00490820 0.23813738 223.00000000
0.00483749 0.23519563 223.00000000
0.00476884 0.23192723 223.00000000
0.00470220 0.22837012 224.00000000
0.00463750 0.22456761 224.00000000
0.00457466 0.22056623 224.00000000
0.00451362 0.21641370 224.00000000
0.00445432 0.21215712 224.00000000
0.00439669 0.20784144 224.00000000
0.00434066 0.20350840 225.00000000
0.00428615 0.19919576 225.00000000
0.00423311 0.19493697 225.00000000
0.00418146 0.19076098 225.00000000
0.00413114 0.18669230 225.00000000
0.00408209 0.18275117 225.00000000
0.00403425 0.17895374 226.00000000
0.00398756 0.17531230 226.00000000
0.00394199 0.17183541 226.00000000
0.00389748 0.16852810 226.00000000
0.00385399 0.16539204 226.00000000
0.00381149 0.16242567 227.00000000
0.00376994 0.15962445 227.00000000
0.00372931 0.15698114 227.00000000
0.00368956 0.15448618 228.00000000
0.00365068 0.15212809 229.00000000
0.00361263 0.14989405 230.00000000
0.00357537 0.14777045 234.00000000
0.00353890 0.14574346 240.00000000
0.00350317 0.14379970 247.00000000
0.00346816 0.14192667 253.00000000
0.00343384 0.14011332 258.00000000
0.00340020 0.13835029 267.00000000
0.00336720 0.13663019 272.00000000
0.00333483 0.13494766 272.00000000
0.00330306 0.13329932 272.00000000
0.00327187 0.13168362 272.00000000
0.00324125 0.13010056 272.00000000
0.00321117 0.12855137 272.00000000
0.00318163 0.12703821 272.00000000
0.00315260 0.12556375 273.00000000
0.00312407 0.12413088 273.00000000
0.00309602 0.12274240 273.00000000
0.00306845 0.12140077 273.00000000
0.00304133 0.12010797 273.00000000
0.00301467 0.11886532 273.00000000
0.00298843 0.11767350 273.00000000
0.00296262 0.11653246 273.00000000
0.00293722 0.11544151 273.00000000
0.00291221 0.11439934 273.00000000
0.00288760 0.11340414 273.00000000
0.00286337 0.11245363 274.00000000
0.00283951 0.11154521 274.00000000
0.00281601 0.11067603 274.00000000
0.00279286 0.10984305 274.00000000
0.00277006 0.10904316 274.00000000
0.00274759 0.10827320 274.00000000
0.00272545 0.10753007 274.00000000
0.00270362 0.10681071 274.00000000
0.00268212 0.10611223 274.00000000
0.00266091 0.10543185 274.00000000
0.00264001 0.10476703 275.00000000
0.00261940 0.10411541 275.00000000
0.00259907 0.10347488 275.00000000
0.00257902 0.10284357 275.00000000
0.00255925 0.10221989 275.00000000
0.00253974 0.10160250 275.00000000
0.00252050 0.10099032 275.00000000
0.00250151 0.10038254 275.00000000
0.00248278 0.09977858 275.00000000
0.00246429 0.09917810 275.00000000
0.00244604 0.09858094 275.00000000
0.00242803 0.09798715 276.00000000
0.00241025 0.09739688 276.00000000
0.00239270 0.09681043 276.00000000
0.00237537 0.09622817 276.00000000
0.00235826 0.09565053 276.00000000
0.00234136 0.09507795 276.00000000
0.00232468 0.09451088 276.00000000
0.00230820 0.09394975 279.00000000
0.00229193 0.09339494 286.00000000
0.00227585 0.09284679 289.00000000
0.00225997 0.09230557 289.00000000
0.00224429 0.09177147 289.00000000
0.00222879 0.09124461 289.00000000
0.00221348 0.09072507 289.00000000
0.00219835 0.09021282 290.00000000
0.00218340 0.08970780 290.00000000
0.00216863 0.08920989 290.00000000
0.00215403 0.08871892 290.00000000
0.00213960 0.08823469 290.00000000
0.00212534 0.08775696 290.00000000
0.00211125 0.08728550 290.00000000
0.00209731 0.08682004 290.00000000
0.00208354 0.08636031 291.00000000
0.00206992 0.08590605 291.00000000
0.00205646 0.08545700 291.00000000
0.00204315 0.08501291 291.00000000
0.00202998 0.08457356 291.00000000
0.00201697 0.08413870 291.00000000
0.00200410 0.08370814 291.00000000
0.00199137 0.08328170 291.00000000
0.00197878 0.08285919 292.00000000
0.00196633 0.08244046 292.00000000
0.00195402 0.08202539 292.00000000
0.00194184 0.08161383 297.00000000
0.00192979 0.08120570 299.00000000
0.00191787 0.08080090 299.00000000
0.00190608 0.08039935 299.00000000
0.00189442 0.08000098 302.00000000
0.00188288 0.07960575 302.00000000
0.00187146 0.07921360 302.00000000
0.00186016 0.07882449 302.00000000
0.00184898 0.07843840 302.00000000
0.00183792 0.07805531 306.00000000
0.00182698 0.07767518 306.00000000
0.00181614 0.07729801 306.00000000
0.00180542 0.07692378 306.00000000
0.00179481 0.07655247 306.00000000
0.00178431 0.07618407 306.00000000
0.00177391 0.07581857 306.00000000
0.00176363 0.07545594 307.00000000
0.00175344 0.07509617 307.00000000
0.00174336 0.07473923 307.00000000
0.00173338 0.07438511 307.00000000
0.00172350 0.07403377 307.00000000
0.00171371 0.07368519 307.00000000
0.00170403 0.07333934 307.00000000
0.00169444 0.07299617 308.00000000
0.00168495 0.07265566 308.00000000
0.00167554 0.07231777 308.00000000
0.00166623 0.07198245 308.00000000
0.00165701 0.07164967 308.00000000
0.00164789 0.07131940 308.00000000
0.00163884 0.07099158 308.00000000
0.00162989 0.07066619 308.00000000
0.00162102 0.07034318 309.00000000
0.00161224 0.07002252 309.00000000
0.00160354 0.06970418 309.00000000
0.00159492 0.06938811 309.00000000
0.00158638 0.06907430 309.00000000
0.00157793 0.06876271 309.00000000
0.00156955 0.06845331 309.00000000
0.00156126 0.06814608 309.00000000
0.00155304 0.06784099 310.00000000
0.00154489 0.06753802 310.00000000
0.00153682 0.06723716 310.00000000
0.00152883 0.06693837 310.00000000
0.00152091 0.06664165 310.00000000
0.00151306 0.06634697 312.00000000
0.00150528 0.06605433 312.00000000
0.00149757 0.06576369 312.00000000
0.00148994 0.06547506 312.00000000
0.00148237 0.06518841 313.00000000
0.00147487 0.06490374 314.00000000
0.00146744 0.06462102 314.00000000
0.00146007 0.06434024 314.00000000
0.00145277 0.06406140 314.00000000
0.00144554 0.06378448 314.00000000
0.00143836 0.06350946 314.00000000
0.00143125 0.06323633 315.00000000
0.00142421 0.06296508 315.00000000
0.00141722 0.06269570 315.00000000
0.00141030 0.06242817 315.00000000
0.00140344 0.06216248 315.00000000
0.00139663 0.06189861 315.00000000
0.00138988 0.06163655 315.00000000
0.00138320 0.06137629 315.00000000
0.00137657 0.06111782 316.00000000
0.00136999 0.06086111 316.00000000
0.00136347 0.06060615 316.00000000
0.00135701 0.06035294 316.00000000
0.00135060 0.06010145 316.00000000
0.00134425 0.05985167 316.00000000
0.00133795 0.05960358 316.00000000
0.00133170 0.05935718 317.00000000
0.00132550 0.05911244 317.00000000
0.00131936 0.05886936 317.00000000
0.00131326 0.05862791 317.00000000
0.00130722 0.05838808 317.00000000
0.00130123 0.05814987 317.00000000
0.00129528 0.05791325 317.00000000
0.00128939 0.05767820 317.00000000
0.00128354 0.05744473 317.00000000
0.00127774 0.05721280 318.00000000
0.00127198 0.05698242 318.00000000
0.00126628 0.05675356 318.00000000
0.00126062 0.05652621 318.00000000
0.00125500 0.05630036 318.00000000
0.00124943 0.05607600 318.00000000
0.00124390 0.05585310 318.00000000
0.00123842 0.05563167 318.00000000
0.00123298 0.05541169 318.00000000
0.00122758 0.05519314 319.00000000
0.00122223 0.05497602 319.00000000
0.00121692 0.05476031 319.00000000
0.00121165 0.05454599 319.00000000
0.00120642 0.05433307 319.00000000
0.00120123 0.05412153 319.00000000
0.00119608 0.05391135 319.00000000
0.00119097 0.05370252 319.00000000
0.00118590 0.05349504 319.00000000
0.00118087 0.05328890 319.00000000
0.00117588 0.05308408 320.00000000
0.00117092 0.05288056 320.00000000
0.00116600 0.05267835 320.00000000
0.00116112 0.05247744 320.00000000
0.00115628 0.05227780 320.00000000
0.00115148 0.05207943 320.00000000
0.00114671 0.05188232 320.00000000
0.00114197 0.05168647 320.00000000
0.00113727 0.05149185 320.00000000
0.00113261 0.05129847 321.00000000
0.00112798 0.05110630 321.00000000
0.00112338 0.05091535 321.00000000
0.00111882 0.05072559 321.00000000
0.00111429 0.05053703 321.00000000
0.00110980 0.05034965 321.00000000
0.00110533 0.05016344 321.00000000
0.00110090 0.04997840 321.00000000
0.00109651 0.04979451 321.00000000
0.00109214 0.04961176 321.00000000
0.00108781 0.04943015 322.00000000
0.00108350 0.04924967 322.00000000
0.00107923 0.04907030 322.00000000
0.00107499 0.04889204 322.00000000
0.00107078 0.04871488 322.00000000
0.00106660 0.04853882 322.00000000
0.00106244 0.04836383 322.00000000
0.00105832 0.04818992 322.00000000
0.00105423 0.04801707 322.00000000
0.00105016 0.04784528 323.00000000
0.00104613 0.04767453 323.00000000
0.00104212 0.04750483 323.00000000
0.00103814 0.04733616 323.00000000
0.00103418 0.04716851 323.00000000
0.00103026 0.04700188 323.00000000
0.00102636 0.04683625 323.00000000
0.00102249 0.04667162 323.00000000
0.00101864 0.04650799 323.00000000
0.00101483 0.04634533 323.00000000
0.00101103 0.04618366 324.00000000
0.00100727 0.04602295 324.00000000
0.00100353 0.04586320 324.00000000
0.00099981 0.04570441 324.00000000
0.00099612 0.04554656 324.00000000
0.00099245 0.04538965 324.00000000
0.00098881 0.04523367 324.00000000
0.00098519 0.04507861 324.00000000
0.00098160 0.04492447 324.00000000
0.00097803 0.04477124 325.00000000
0.00097449 0.04461891 325.00000000
0.00097097 0.04446748 325.00000000
0.00096747 0.04431694 325.00000000
0.00096399 0.04416727 325.00000000
0.00096054 0.04401849 325.00000000
0.00095711 0.04387057 325.00000000
0.00095370 0.04372351 325.00000000
0.00095031 0.04357730 325.00000000
0.00094695 0.04343195 325.00000000
0.00094361 0.04328743 326.00000000
0.00094029 0.04314375 326.00000000
0.00093699 0.04300090 326.00000000
0.00093371 0.04285887 326.00000000
0.00093045 0.04271766 326.00000000
0.00092722 0.04257726 326.00000000
0.00092400 0.04243766 327.00000000
0.00092081 0.04229886 327.00000000
0.00091763 0.04216085 327.00000000
0.00091448 0.04202362 327.00000000
0.00091134 0.04188718 328.00000000
0.00090823 0.04175151 329.00000000
0.00090513 0.04161660 329.00000000
0.00090206 0.04148246 329.00000000
0.00089900 0.04134907 329.00000000
0.00089596 0.04121644 329.00000000
0.00089294 0.04108455 329.00000000
0.00088994 0.04095340 329.00000000
0.00088696 0.04082298 329.00000000
0.00088399 0.04069329 330.00000000
0.00088105 0.04056432 330.00000000
0.00087812 0.04043607 330.00000000
0.00087521 0.04030854 330.00000000
0.00087232 0.04018171 330.00000000
0.00086944 0.04005558 330.00000000
0.00086659 0.03993014 330.00000000
0.00086375 0.03980540 330.00000000
0.00086092 0.03968134 331.00000000
0.00085812 0.03955797 331.00000000
0.00085533 0.03943527 331.00000000
0.00085256 0.03931324 331.00000000
0.00084980 0.03919187 331.00000000
0.00084706 0.03907117 331.00000000
0.00084434 0.03895112 331.00000000
0.00084163 0.03883172 331.00000000
0.00083894 0.03871297 332.00000000
0.00083626 0.03859486 332.00000000
0.00083360 0.03847739 332.00000000
0.00083096 0.03836055 332.00000000
0.00082833 0.03824434 332.00000000
0.00082572 0.03812875 332.00000000
0.00082312 0.03801378 332.00000000
0.00082054 0.03789943 332.00000000
0.00081797 0.03778568 333.00000000
0.00081541 0.03767254 333.00000000
0.00081288 0.03756000 333.00000000
0.00081035 0.03744805 333.00000000
0.00080784 0.03733670 333.00000000
0.00080535 0.03722593 333.00000000
0.00080287 0.03711575 333.00000000
0.00080040 0.03700615 333.00000000
0.00079795 0.03689712 334.00000000
0.00079551 0.03678867 334.00000000
0.00079308 0.03668078 334.00000000
0.00079067 0.03657345 334.00000000
0.00078827 0.03646669 334.00000000
0.00078589 0.03636047 334.00000000
0.00078351 0.03625481 334.00000000
0.00078116 0.03614970 334.00000000
0.00077881 0.03604513 335.00000000
0.00077648 0.03594110 335.00000000
0.00077416 0.03583760 335.00000000
0.00077185 0.03573464 335.00000000
0.00076956 0.03563220 335.00000000
0.00076728 0.03553029 336.00000000
0.00076501 0.03542890 336.00000000
0.00076275 0.03532803 336.00000000
0.00076051 0.03522767 336.00000000
0.00075828 0.03512782 336.00000000
0.00075606 0.03502847 336.00000000
0.00075385 0.03492963 336.00000000
0.00075165 0.03483129 336.00000000
0.00074947 0.03473344 337.00000000
0.00074730 0.03463609 337.00000000
0.00074514 0.03453922 337.00000000
0.00074299 0.03444284 337.00000000
0.00074085 0.03434694 337.00000000
0.00073873 0.03425152 337.00000000
0.00073661 0.03415658 337.00000000
0.00073451 0.03406211 337.00000000
0.00073242 0.03396811 338.00000000
0.00073033 0.03387457 338.00000000
0.00072826 0.03378149 338.00000000
0.00072620 0.03368888 338.00000000
0.00072415 0.03359672 338.00000000
0.00072212 0.03350502 338.00000000
0.00072009 0.03341376 338.00000000
0.00071807 0.03332295 338.00000000
0.00071607 0.03323259 338.00000000
0.00071407 0.03314266 339.00000000
0.00071208 0.03305318 339.00000000
0.00071011 0.03296413 339.00000000
0.00070814 0.03287551 339.00000000
0.00070619 0.03278732 339.00000000
0.00070424 0.03269956 339.00000000
0.00070231 0.03261222 339.00000000
0.00070038 0.03252530 339.00000000
0.00069847 0.03243880 340.00000000
0.00069656 0.03235271 340.00000000
0.00069467 0.03226704 340.00000000
0.00069278 0.03218178 340.00000000
0.00069090 0.03209692 340.00000000
0.00068903 0.03201246 340.00000000
0.00068718 0.03192841 340.00000000
0.00068533 0.03184476 340.00000000
0.00068349 0.03176150 341.00000000
0.00068166 0.03167864 341.00000000
0.00067983 0.03159617 341.00000000
0.00067802 0.03151408 341.00000000
0.00067622 0.03143238 341.00000000
0.00067442 0.03135107 341.00000000
0.00067264 0.03127013 341.00000000
0.00067086 0.03118958 341.00000000
0.00066909 0.03110940 342.00000000
0.00066733 0.03102959 342.00000000
