Residual Convergence speed Computational time
309.1430958098915198 45956.5839031257855822 165.0000000000000000
3529649800.6539559364318848 3950714600.7906689643859863 347.0000000000000000
14168070714.9273719787597656 10663089761.3998775482177734 613.0000000000000000
31910128239.2862777709960938 17435433258.5282058715820312 858.0000000000000000
56779137268.7050399780273438 19235500886.9868202209472656 1043.0000000000000000
88761986190.4380493164062500 23033066582.5046806335449219 1225.0000000000000000
127847934676.3598327636718750 31413311047.6664505004882812 1410.0000000000000000
174035071553.5461425781250000 44445545822.0523910522460938 1610.0000000000000000
227328956188.3753051757812500 76263135750.1735534667968750 1809.0000000000000000
287734014868.9683837890625000 120784533654.5545196533203125 1994.0000000000000000
355253337061.8218383789062500 145183069870.5776367187500000 2120.0000000000000000
429892138945.9506835937500000 148994257428.3063049316406250 2275.0000000000000000
511652482059.4873046875000000 169199050847.1182861328125000 2406.0000000000000000
600529686559.8096923828125000 219931699459.2160949707031250 2574.0000000000000000
696521276773.1754150390625000 291627980787.6293945312500000 2720.0000000000000000
799631901006.2641601562500000 372136509273.9054565429687500 2871.0000000000000000
909869340113.3054199218750000 447165427149.6463012695312500 3024.0000000000000000
1027240052686.3005371093750000 502268484042.3480834960937500 3170.0000000000000000
1151746220883.2446289062500000 528421064660.8693847656250000 3321.0000000000000000
1283384475079.9604492187500000 524324149234.4586791992187500 3486.0000000000000000
1422147296090.0378417968750000 494650270288.0809936523437500 3626.0000000000000000
1568026335699.2192382812500000 447243986085.3176269531250000 3772.0000000000000000
1721015196259.5864257812500000 390665669222.9434204101562500 3911.0000000000000000
1881110301732.0332031250000000 332296498594.5793457031250000 4075.0000000000000000
2048310383579.6425781250000000 277304569056.9328002929687500 4222.0000000000000000
2222615589191.4389648437500000 228537337415.6549377441406250 4373.0000000000000000
2404026754972.6176757812500000 187008485391.7955017089843750 4570.0000000000000000
2592544952095.3041992187500000 152559422675.5693054199218750 4727.0000000000000000
2788171245598.9892578125000000 124429333364.5856018066406250 4886.0000000000000000
2990906586540.1333007812500000 101644325135.0294494628906250 5046.0000000000000000
3200751777415.2177734375000000 83239357179.6371917724609375 5197.0000000000000000
3417707473753.0532226562500000 68361553925.5390014648437500 5362.0000000000000000
3641774200994.9726562500000000 56302453799.7161254882812500 5527.0000000000000000
3872952375838.4140625000000000 46493796947.9598236083984375 5691.0000000000000000
4111242326960.1347656250000000 38488206739.7859039306640625 5857.0000000000000000
4356644313098.8417968750000000 31936288407.6648864746093750 6029.0000000000000000
4609158537992.7529296875000000 26565471522.3436470031738281 6196.0000000000000000
4868785162346.5009765625000000 22162465324.2906761169433594 6373.0000000000000000
5135524313251.4052734375000000 18559487113.7199592590332031 6574.0000000000000000
5409376091529.4492187500000000 15623704504.0975723266601562 6746.0000000000000000
5690340577431.8789062500000000 13249114529.0483856201171875 6902.0000000000000000
5978417835054.6494140625000000 11350100547.9920864105224609 7071.0000000000000000
6273607915762.2265625000000000 9856058491.2090053558349609 7266.0000000000000000
6575910860848.0996093750000000 8706764908.5182189941406250 7442.0000000000000000
6885326703608.8212890625000000 7848564679.9827413558959961 7603.0000000000000000
7201855470966.4394531250000000 7231823861.2186603546142578 7776.0000000000000000
7525497184743.5244140625000000 6810079323.0153436660766602 7934.0000000000000000
7856251862668.3730468750000000 6540749020.5289249420166016 8091.0000000000000000
8194119519171.7431640625000000 6386556434.1884069442749023 8259.0000000000000000
8539100166020.3984375000000000 6316641914.3054723739624023 8429.0000000000000000
8891193812823.2460937500000000 6306800164.5974779129028320 8584.0000000000000000
9250400467436.7402343750000000 6338893953.9887742996215820 8742.0000000000000000
9616720136291.5410156250000000 6399809109.8361654281616211 8896.0000000000000000
9990152824655.4238281250000000 6480310254.7956018447875977 9057.0000000000000000
10370698536846.7929687500000000 6574015181.3424463272094727 9246.0000000000000000
10758357276407.5019531250000000 6676571524.6360025405883789 9409.0000000000000000
11153129046243.6660156250000000 6785038566.8215389251708984 9579.0000000000000000
11555013848740.2402343750000000 6897442266.2733325958251953 9751.0000000000000000
11964011685854.8964843750000000 7012463600.9955492019653320 9985.0000000000000000
12380122559194.5898437500000000 7129224166.6588106155395508 10151.0000000000000000
12803346470078.1425781250000000 7247140435.8668384552001953 10303.0000000000000000
13233683419588.1191406250000000 7365825493.0310478210449219 10503.0000000000000000
13671133408612.6132812500000000 7485023153.1664009094238281 10665.0000000000000000
14115696437880.0957031250000000 7604563970.5376062393188477 10823.0000000000000000
14567372507987.9882812500000000 7724335951.6877956390380859 10994.0000000000000000
15026161619426.0351562500000000 7844265102.5714464187622070 11157.0000000000000000
15492063772595.3496093750000000 7964302531.3616714477539062 11313.0000000000000000
15965078967824.5351562500000000 8084415910.7084131240844727 11471.0000000000000000
16445207205382.5898437500000000 8204583833.3114576339721680 11643.0000000000000000
16932448485489.4707031250000000 8324792084.6653022766113281 11803.0000000000000000
17426802808325.0117187500000000 8445031184.4129352569580078 11955.0000000000000000
17928270174036.2226562500000000 8565294766.1306896209716797 12128.0000000000000000
18436850582743.0976562500000000 8685578510.6349086761474609 12325.0000000000000000
18952544034543.3867187500000000 8805879444.3488998413085938 12496.0000000000000000
19475350529516.9921875000000000 8926195478.2144298553466797 12662.0000000000000000
20005270067728.7656250000000000 9046525104.9594383239746094 12823.0000000000000000
20542302649231.5859375000000000 9166867200.5335006713867188 12992.0000000000000000
21086448274068.4726562500000000 9287220894.0071086883544922 13162.0000000000000000
21637706942274.1289062500000000 9407585482.4338397979736328 13326.0000000000000000
22196078653876.7695312500000000 9527960375.2182712554931641 13518.0000000000000000
22761563408899.2734375000000000 9648345057.8279304504394531 13679.0000000000000000
23334161207360.0273437500000000 9768739068.1774616241455078 13863.0000000000000000
23913872049273.9257812500000000 9889141981.3028221130371094 14043.0000000000000000
24500695934652.8007812500000000 10009553399.4507503509521484 14210.0000000000000000
25094632863506.1718750000000000 10129972945.7010097503662109 14381.0000000000000000
25695682835841.5585937500000000 10250400259.8843631744384766 14568.0000000000000000
26303845851665.0351562500000000 10370834995.9884357452392578 14753.0000000000000000
26919121910981.3046875000000000 10491276820.5214462280273438 14927.0000000000000000
27541511013793.9296875000000000 10611725411.4889163970947266 15100.0000000000000000
28171013160105.9296875000000000 10732180457.7559890747070312 15275.0000000000000000
28807628349919.1835937500000000 10852641658.6493129730224609 15481.0000000000000000
29451356583235.4726562500000000 10973108723.7025051116943359 15646.0000000000000000
30102197860055.8046875000000000 11093581372.4835491180419922 15859.0000000000000000
