Residual Convergence speed Computational time
0.12567346 0.22520372 1.00000000
0.12562190 0.21512789 1.00000000
0.12557265 0.20651056 1.00000000
0.12552538 0.19946377 1.00000000
0.12547978 0.19409365 2.00000000
0.12543554 0.19048949 2.00000000
0.12539238 0.18871267 2.00000000
0.12535002 0.18878767 2.00000000
0.12530817 0.19069759 3.00000000
0.12526658 0.19438548 3.00000000
0.12522498 0.19976110 3.00000000
0.12518311 0.20671121 3.00000000
0.12514070 0.21511086 4.00000000
0.12509750 0.22483349 4.00000000
0.12505324 0.23575862 4.00000000
0.12500764 0.24777688 4.00000000
0.12496045 0.26079246 4.00000000
0.12491136 0.27472394 5.00000000
0.12486010 0.28950377 5.00000000
0.12480636 0.30507713 5.00000000
0.12474983 0.32140048 5.00000000
0.12469019 0.33843997 6.00000000
0.12462708 0.35616994 6.00000000
0.12456017 0.37457153 6.00000000
0.12448907 0.39363141 6.00000000
0.12441340 0.41334071 7.00000000
0.12433274 0.43369397 7.00000000
0.12424666 0.45468836 7.00000000
0.12415471 0.47632284 7.00000000
0.12405640 0.49859753 7.00000000
0.12395123 0.52151302 8.00000000
0.12383867 0.54506983 8.00000000
0.12371817 0.56926785 8.00000000
0.12358914 0.59410580 8.00000000
0.12345097 0.61958073 9.00000000
0.12330303 0.64568752 9.00000000
0.12314466 0.67241838 9.00000000
0.12297516 0.69976238 9.00000000
0.12279381 0.72770497 10.00000000
0.12259989 0.75622746 10.00000000
0.12239264 0.78530664 10.00000000
0.12217127 0.81491425 10.00000000
0.12193499 0.84501660 11.00000000
0.12168302 0.87557419 11.00000000
0.12141454 0.90654132 11.00000000
0.12112874 0.93786581 11.00000000
0.12082483 0.96948877 12.00000000
0.12050203 1.00134445 12.00000000
0.12015958 1.03336018 12.00000000
0.11979675 1.06545640 12.00000000
0.11941286 1.09754684 13.00000000
0.11900729 1.12953880 13.00000000
0.11857946 1.16133361 13.00000000
0.11812889 1.19282714 13.00000000
0.11765517 1.22391056 13.00000000
0.11715800 1.25447121 14.00000000
0.11663719 1.28439351 14.00000000
0.11609266 1.31356018 14.00000000
0.11552446 1.34185333 14.00000000
0.11493279 1.36915584 15.00000000
0.11431799 1.39535270 15.00000000
0.11368054 1.42033233 15.00000000
0.11302108 1.44398804 15.00000000
0.11234042 1.46621932 16.00000000
0.11163949 1.48693315 16.00000000
0.11091938 1.50604518 16.00000000
0.11018134 1.52348084 16.00000000
0.10942673 1.53917626 16.00000000
0.10865703 1.55307903 17.00000000
0.10787384 1.56514886 17.00000000
0.10707883 1.57535795 17.00000000
0.10627375 1.58369123 17.00000000
0.10546042 1.59014641 18.00000000
0.10464066 1.59473380 18.00000000
0.10381632 1.59747596 18.00000000
0.10298926 1.59840718 18.00000000
0.10216127 1.59757281 18.00000000
0.10133414 1.59502840 19.00000000
0.10050958 1.59083878 19.00000000
0.09968920 1.58507699 19.00000000
0.09887457 1.57782316 19.00000000
0.09806711 1.56916333 20.00000000
0.09726817 1.55918829 20.00000000
0.09647896 1.54799234 20.00000000
0.09570059 1.53567216 20.00000000
0.09493402 1.52232568 21.00000000
0.09418012 1.50805103 21.00000000
0.09343962 1.49294558 21.00000000
0.09271315 1.47710505 21.00000000
0.09200120 1.46062277 21.00000000
0.09130420 1.44358894 22.00000000
0.09062243 1.42609017 22.00000000
0.08995611 1.40820892 22.00000000
0.08930535 1.39002321 22.00000000
0.08867022 1.37160636 23.00000000
0.08805068 1.35302676 23.00000000
0.08744665 1.33434784 23.00000000
0.08685798 1.31562801 23.00000000
0.08628448 1.29692072 24.00000000
0.08572592 1.27827452 24.00000000
0.08518203 1.25973321 24.00000000
0.08465251 1.24133599 24.00000000
0.08413704 1.22311770 24.00000000
0.08363527 1.20510896 25.00000000
0.08314685 1.18733644 25.00000000
0.08267142 1.16982311 25.00000000
0.08220860 1.15258843 25.00000000
0.08175800 1.13564864 26.00000000
0.08131925 1.11901696 26.00000000
0.08089198 1.10270386 26.00000000
0.08047581 1.08671725 26.00000000
0.08007036 1.07106272 26.00000000
0.07967528 1.05574377 27.00000000
0.07929021 1.04076196 27.00000000
0.07891482 1.02611716 27.00000000
0.07854875 1.01180767 27.00000000
0.07819169 0.99783046 28.00000000
0.07784333 0.98418127 28.00000000
0.07750335 0.97085478 28.00000000
0.07717148 0.95784477 28.00000000
0.07684743 0.94514425 29.00000000
0.07653093 0.93274553 29.00000000
0.07622173 0.92064040 29.00000000
0.07591958 0.90882022 29.00000000
0.07562424 0.89727599 29.00000000
0.07533550 0.88599845 30.00000000
0.07505313 0.87497818 30.00000000
0.07477694 0.86420566 30.00000000
0.07450672 0.85367133 30.00000000
0.07424230 0.84336567 31.00000000
0.07398350 0.83327925 31.00000000
0.07373014 0.82340277 31.00000000
0.07348208 0.81372710 31.00000000
0.07323914 0.80424334 32.00000000
0.07300121 0.79494284 32.00000000
0.07276812 0.78581721 32.00000000
0.07253975 0.77685837 32.00000000
0.07231598 0.76805858 33.00000000
0.07209667 0.75941040 33.00000000
0.07188173 0.75090675 33.00000000
0.07167103 0.74254092 33.00000000
0.07146448 0.73430654 34.00000000
0.07126196 0.72619761 34.00000000
0.07106339 0.71820849 34.00000000
0.07086867 0.71033390 34.00000000
0.07067771 0.70256891 34.00000000
0.07049042 0.69490894 35.00000000
0.07030672 0.68734975 35.00000000
0.07012654 0.67988742 35.00000000
0.06994978 0.67251835 35.00000000
0.06977639 0.66523924 36.00000000
0.06960628 0.65804710 36.00000000
0.06943938 0.65093921 36.00000000
0.06927564 0.64391309 36.00000000
0.06911497 0.63696655 37.00000000
0.06895732 0.63009761 37.00000000
0.06880262 0.62330453 37.00000000
0.06865081 0.61658574 37.00000000
0.06850183 0.60993990 37.00000000
0.06835562 0.60336583 38.00000000
0.06821214 0.59686253 38.00000000
0.06807131 0.59042912 38.00000000
0.06793309 0.58406488 38.00000000
0.06779742 0.57776922 39.00000000
0.06766424 0.57154164 39.00000000
0.06753352 0.56538176 39.00000000
0.06740520 0.55928928 39.00000000
0.06727922 0.55326398 39.00000000
0.06715554 0.54730573 40.00000000
0.06703412 0.54141442 40.00000000
0.06691490 0.53559002 40.00000000
0.06679785 0.52983255 40.00000000
0.06668290 0.52414204 41.00000000
0.06657003 0.51851857 41.00000000
0.06645918 0.51296224 41.00000000
0.06635032 0.50747316 41.00000000
0.06624340 0.50205145 42.00000000
0.06613838 0.49669725 42.00000000
0.06603522 0.49141069 42.00000000
0.06593388 0.48619190 42.00000000
0.06583433 0.48104100 42.00000000
0.06573651 0.47595813 43.00000000
0.06564040 0.47094338 43.00000000
0.06554596 0.46599685 43.00000000
0.06545315 0.46111861 43.00000000
0.06536194 0.45630873 44.00000000
0.06527229 0.45156726 44.00000000
0.06518416 0.44689420 44.00000000
0.06509753 0.44228957 44.00000000
0.06501236 0.43775333 45.00000000
0.06492861 0.43328545 45.00000000
0.06484626 0.42888587 45.00000000
0.06476527 0.42455448 45.00000000
0.06468562 0.42029118 45.00000000
0.06460727 0.41609582 46.00000000
0.06453019 0.41196826 46.00000000
0.06445436 0.40790831 46.00000000
0.06437975 0.40391577 46.00000000
0.06430633 0.39999040 47.00000000
0.06423406 0.39613196 47.00000000
0.06416294 0.39234019 47.00000000
0.06409292 0.38861479 47.00000000
0.06402399 0.38495545 48.00000000
0.06395611 0.38136186 48.00000000
0.06388928 0.37783367 48.00000000
0.06382345 0.37437051 48.00000000
0.06375861 0.37097201 48.00000000
0.06369474 0.36763777 49.00000000
0.06363180 0.36436739 49.00000000
0.06356979 0.36116045 49.00000000
0.06350868 0.35801652 49.00000000
0.06344845 0.35493514 50.00000000
0.06338907 0.35191586 50.00000000
0.06333054 0.34895821 50.00000000
0.06327282 0.34606171 50.00000000
0.06321590 0.34322588 51.00000000
0.06315977 0.34045023 51.00000000
0.06310439 0.33773424 51.00000000
0.06304976 0.33507742 51.00000000
0.06299586 0.33247924 51.00000000
0.06294267 0.32993919 52.00000000
0.06289017 0.32745675 52.00000000
0.06283835 0.32503137 52.00000000
0.06278719 0.32266254 52.00000000
0.06273668 0.32034972 53.00000000
0.06268679 0.31809237 53.00000000
0.06263753 0.31588995 53.00000000
0.06258886 0.31374193 53.00000000
0.06254078 0.31164776 53.00000000
0.06249328 0.30960691 54.00000000
0.06244633 0.30761883 54.00000000
0.06239994 0.30568299 54.00000000
0.06235407 0.30379886 54.00000000
0.06230873 0.30196589 55.00000000
0.06226389 0.30018356 55.00000000
0.06221955 0.29845133 55.00000000
0.06217570 0.29676868 55.00000000
0.06213231 0.29513509 56.00000000
0.06208939 0.29355004 56.00000000
0.06204692 0.29201300 56.00000000
0.06200489 0.29052347 56.00000000
0.06196329 0.28908095 56.00000000
0.06192211 0.28768492 57.00000000
0.06188133 0.28633490 57.00000000
0.06184095 0.28503039 57.00000000
0.06180097 0.28377090 57.00000000
0.06176136 0.28255597 58.00000000
0.06172212 0.28138510 58.00000000
0.06168324 0.28025784 58.00000000
0.06164471 0.27917372 58.00000000
0.06160653 0.27813229 59.00000000
0.06156868 0.27713310 59.00000000
0.06153116 0.27617571 59.00000000
0.06149395 0.27525968 59.00000000
0.06145706 0.27438459 59.00000000
0.06142046 0.27355001 60.00000000
0.06138416 0.27275554 60.00000000
0.06134815 0.27200077 60.00000000
0.06131241 0.27128530 60.00000000
0.06127695 0.27060875 61.00000000
0.06124175 0.26997072 61.00000000
0.06120680 0.26937085 61.00000000
0.06117211 0.26880877 61.00000000
0.06113766 0.26828411 62.00000000
0.06110345 0.26779654 62.00000000
0.06106947 0.26734570 62.00000000
0.06103571 0.26693127 62.00000000
0.06100217 0.26655291 63.00000000
0.06096883 0.26621031 63.00000000
0.06093571 0.26590315 63.00000000
0.06090278 0.26563114 63.00000000
0.06087005 0.26539398 63.00000000
0.06083750 0.26519139 64.00000000
0.06080513 0.26502308 64.00000000
0.06077294 0.26488878 64.00000000
0.06074091 0.26478824 64.00000000
0.06070906 0.26472120 65.00000000
0.06067736 0.26468742 65.00000000
0.06064581 0.26468665 65.00000000
0.06061441 0.26471867 65.00000000
0.06058315 0.26478326 65.00000000
0.06055203 0.26488020 66.00000000
0.06052105 0.26500929 66.00000000
0.06049019 0.26517032 66.00000000
0.06045945 0.26536311 66.00000000
0.06042883 0.26558747 67.00000000
0.06039832 0.26584323 67.00000000
0.06036791 0.26613021 67.00000000
0.06033761 0.26644827 67.00000000
0.06030741 0.26679724 68.00000000
0.06027730 0.26717697 68.00000000
0.06024728 0.26758734 68.00000000
0.06021734 0.26802820 68.00000000
0.06018748 0.26849942 68.00000000
0.06015770 0.26900090 69.00000000
0.06012798 0.26953251 69.00000000
0.06009833 0.27009415 69.00000000
0.06006874 0.27068571 69.00000000
0.06003920 0.27130711 70.00000000
0.06000972 0.27195826 70.00000000
0.05998028 0.27263906 70.00000000
0.05995089 0.27334945 70.00000000
0.05992153 0.27408935 71.00000000
0.05989221 0.27485869 71.00000000
0.05986291 0.27565740 71.00000000
0.05983364 0.27648544 72.00000000
0.05980439 0.27734275 72.00000000
0.05977516 0.27822927 72.00000000
0.05974594 0.27914496 72.00000000
0.05971672 0.28008978 73.00000000
0.05968751 0.28106368 73.00000000
0.05965829 0.28206663 73.00000000
0.05962907 0.28309860 73.00000000
0.05959984 0.28415956 74.00000000
0.05957059 0.28524946 74.00000000
0.05954133 0.28636829 74.00000000
0.05951204 0.28751602 74.00000000
0.05948272 0.28869262 75.00000000
0.05945337 0.28989807 75.00000000
0.05942398 0.29113233 75.00000000
0.05939455 0.29239538 75.00000000
0.05936507 0.29368720 75.00000000
0.05933555 0.29500775 76.00000000
0.05930596 0.29635700 76.00000000
0.05927632 0.29773493 76.00000000
0.05924662 0.29914148 76.00000000
0.05921684 0.30057663 77.00000000
0.05918699 0.30204033 77.00000000
0.05915707 0.30353254 77.00000000
0.05912706 0.30505319 77.00000000
0.05909696 0.30660222 78.00000000
0.05906678 0.30817959 78.00000000
0.05903649 0.30978520 78.00000000
0.05900611 0.31141899 78.00000000
0.05897562 0.31308085 78.00000000
0.05894502 0.31477070 79.00000000
0.05891430 0.31648843 79.00000000
0.05888346 0.31823392 79.00000000
0.05885250 0.32000704 79.00000000
0.05882141 0.32180764 80.00000000
0.05879019 0.32363559 80.00000000
0.05875882 0.32549070 80.00000000
0.05872731 0.32737279 80.00000000
0.05869566 0.32928168 80.00000000
0.05866384 0.33121715 81.00000000
0.05863187 0.33317897 81.00000000
0.05859974 0.33516688 81.00000000
0.05856744 0.33718064 81.00000000
0.05853496 0.33921996 82.00000000
0.05850231 0.34128452 82.00000000
0.05846947 0.34337401 82.00000000
0.05843645 0.34548809 82.00000000
0.05840323 0.34762638 83.00000000
0.05836982 0.34978849 83.00000000
0.05833620 0.35197402 83.00000000
0.05830238 0.35418252 83.00000000
0.05826834 0.35641353 84.00000000
0.05823409 0.35866656 84.00000000
0.05819962 0.36094110 84.00000000
0.05816492 0.36323661 84.00000000
0.05812999 0.36555251 84.00000000
0.05809482 0.36788822 86.00000000
0.05805942 0.37024311 86.00000000
0.05802377 0.37261653 88.00000000
0.05798787 0.37500779 88.00000000
0.05795172 0.37741620 93.00000000
0.05791531 0.37984101 96.00000000
0.05787864 0.38228145 96.00000000
0.05784171 0.38473674 96.00000000
0.05780451 0.38720605 96.00000000
0.05776703 0.38968852 97.00000000
0.05772928 0.39218329 97.00000000
0.05769124 0.39468945 97.00000000
0.05765292 0.39720606 97.00000000
0.05761432 0.39973216 98.00000000
0.05757542 0.40226678 98.00000000
0.05753623 0.40480891 98.00000000
0.05749674 0.40735751 103.00000000
0.05745696 0.40991155 105.00000000
0.05741687 0.41246993 105.00000000
0.05737647 0.41503159 105.00000000
0.05733577 0.41759540 105.00000000
0.05729476 0.42016025 106.00000000
0.05725343 0.42272500 106.00000000
0.05721180 0.42528851 106.00000000
0.05716984 0.42784960 106.00000000
0.05712757 0.43040713 107.00000000
0.05708499 0.43295991 107.00000000
0.05704208 0.43550678 107.00000000
0.05699886 0.43804655 107.00000000
0.05695531 0.44057807 108.00000000
0.05691144 0.44310015 108.00000000
0.05686725 0.44561164 108.00000000
0.05682274 0.44811139 110.00000000
0.05677791 0.45059826 110.00000000
0.05673276 0.45307112 110.00000000
0.05668729 0.45552887 110.00000000
0.05664150 0.45797042 111.00000000
0.05659539 0.46039471 111.00000000
0.05654896 0.46280071 112.00000000
0.05650221 0.46518740 112.00000000
0.05645515 0.46755380 112.00000000
0.05640778 0.46989898 112.00000000
0.05636010 0.47222201 113.00000000
0.05631210 0.47452204 113.00000000
0.05626380 0.47679822 113.00000000
0.05621520 0.47904978 113.00000000
0.05616629 0.48127595 114.00000000
0.05611708 0.48347604 114.00000000
0.05606757 0.48564940 114.00000000
0.05601777 0.48779541 114.00000000
0.05596767 0.48991353 114.00000000
0.05591729 0.49200324 115.00000000
0.05586662 0.49406410 115.00000000
0.05581567 0.49609569 115.00000000
0.05576444 0.49809767 115.00000000
0.05571293 0.50006974 116.00000000
0.05566115 0.50201165 116.00000000
0.05560909 0.50392322 116.00000000
0.05555677 0.50580429 116.00000000
0.05550419 0.50765480 116.00000000
0.05545134 0.50947469 117.00000000
0.05539824 0.51126398 117.00000000
0.05534489 0.51302274 117.00000000
0.05529128 0.51475107 117.00000000
0.05523742 0.51644915 118.00000000
0.05518332 0.51811717 118.00000000
0.05512898 0.51975538 118.00000000
0.05507440 0.52136408 118.00000000
0.05501958 0.52294360 118.00000000
0.05496453 0.52449431 119.00000000
0.05490925 0.52601662 119.00000000
0.05485374 0.52751098 119.00000000
0.05479800 0.52897786 120.00000000
0.05474204 0.53041777 120.00000000
0.05468586 0.53183126 120.00000000
0.05462945 0.53321887 120.00000000
0.05457283 0.53458121 120.00000000
0.05451600 0.53591888 121.00000000
0.05445894 0.53723252 121.00000000
0.05440168 0.53852276 121.00000000
0.05434420 0.53979027 121.00000000
0.05428651 0.54103573 122.00000000
0.05422862 0.54225982 122.00000000
0.05417051 0.54346324 122.00000000
0.05411220 0.54464669 122.00000000
0.05405368 0.54581087 122.00000000
0.05399495 0.54695649 123.00000000
0.05393601 0.54808427 123.00000000
0.05387687 0.54919491 123.00000000
0.05381753 0.55028911 123.00000000
0.05375797 0.55136758 123.00000000
0.05369821 0.55243101 124.00000000
0.05363825 0.55348007 124.00000000
0.05357808 0.55451546 124.00000000
0.05351770 0.55553783 124.00000000
0.05345711 0.55654784 124.00000000
0.05339631 0.55754613 125.00000000
0.05333531 0.55853331 125.00000000
0.05327409 0.55951001 125.00000000
0.05321266 0.56047680 125.00000000
0.05315102 0.56143428 126.00000000
0.05308917 0.56238298 126.00000000
0.05302711 0.56332346 126.00000000
0.05296483 0.56425623 126.00000000
0.05290233 0.56518178 126.00000000
0.05283961 0.56610059 127.00000000
0.05277668 0.56701313 127.00000000
0.05271353 0.56791982 127.00000000
0.05265015 0.56882107 127.00000000
0.05258655 0.56971728 128.00000000
0.05252273 0.57060881 128.00000000
0.05245868 0.57149601 128.00000000
0.05239441 0.57237921 128.00000000
0.05232991 0.57325870 128.00000000
0.05226517 0.57413477 129.00000000
0.05220021 0.57500767 129.00000000
0.05213502 0.57587765 129.00000000
0.05206959 0.57674491 129.00000000
0.05200393 0.57760966 130.00000000
0.05193803 0.57847205 130.00000000
0.05187190 0.57933226 130.00000000
0.05180552 0.58019040 130.00000000
0.05173891 0.58104660 130.00000000
0.05167206 0.58190094 131.00000000
0.05160497 0.58275351 131.00000000
0.05153764 0.58360437 131.00000000
0.05147007 0.58445354 131.00000000
0.05140225 0.58530106 132.00000000
0.05133419 0.58614694 132.00000000
0.05126588 0.58699116 132.00000000
0.05119733 0.58783370 132.00000000
0.05112853 0.58867453 133.00000000
0.05105949 0.58951359 133.00000000
0.05099020 0.59035082 133.00000000
0.05092067 0.59118614 134.00000000
0.05085088 0.59201947 134.00000000
0.05078085 0.59285070 134.00000000
0.05071058 0.59367973 135.00000000
0.05064005 0.59450643 135.00000000
0.05056928 0.59533069 135.00000000
0.05049826 0.59615236 136.00000000
0.05042700 0.59697129 136.00000000
0.05035548 0.59778735 136.00000000
0.05028372 0.59860037 136.00000000
0.05021172 0.59941019 137.00000000
0.05013946 0.60021664 137.00000000
0.05006697 0.60101956 137.00000000
0.04999422 0.60181877 137.00000000
0.04992123 0.60261410 137.00000000
0.04984800 0.60340536 138.00000000
0.04977453 0.60419237 138.00000000
0.04970081 0.60497497 138.00000000
0.04962684 0.60575296 138.00000000
0.04955264 0.60652617 138.00000000
0.04947819 0.60729442 139.00000000
0.04940350 0.60805753 139.00000000
0.04932858 0.60881534 139.00000000
0.04925341 0.60956766 139.00000000
0.04917801 0.61031433 140.00000000
0.04910236 0.61105520 140.00000000
0.04902648 0.61179010 140.00000000
0.04895036 0.61251887 140.00000000
0.04887401 0.61324138 140.00000000
0.04879742 0.61395749 141.00000000
0.04872060 0.61466705 141.00000000
0.04864354 0.61536995 141.00000000
0.04856624 0.61606606 142.00000000
0.04848872 0.61675528 142.00000000
0.04841096 0.61743751 142.00000000
0.04833296 0.61811265 142.00000000
0.04825474 0.61878063 142.00000000
0.04817628 0.61944136 143.00000000
0.04809759 0.62009480 143.00000000
0.04801867 0.62074088 143.00000000
0.04793952 0.62137958 144.00000000
0.04786014 0.62201085 144.00000000
0.04778052 0.62263470 144.00000000
0.04770067 0.62325110 144.00000000
0.04762059 0.62386007 144.00000000
0.04754028 0.62446164 145.00000000
0.04745973 0.62505583 145.00000000
0.04737895 0.62564269 145.00000000
0.04729793 0.62622228 145.00000000
0.04721668 0.62679468 145.00000000
0.04713519 0.62735997 146.00000000
0.04705347 0.62791825 146.00000000
0.04697150 0.62846964 146.00000000
0.04688929 0.62901426 146.00000000
0.04680684 0.62955226 147.00000000
0.04672415 0.63008380 147.00000000
0.04664121 0.63060904 147.00000000
0.04655803 0.63112817 147.00000000
0.04647459 0.63164139 147.00000000
0.04639090 0.63214890 148.00000000
0.04630696 0.63265094 148.00000000
0.04622276 0.63314774 148.00000000
0.04613830 0.63363956 148.00000000
0.04605358 0.63412666 148.00000000
0.04596858 0.63460932 149.00000000
0.04588332 0.63508783 149.00000000
0.04579779 0.63556250 149.00000000
0.04571198 0.63603364 149.00000000
0.04562589 0.63650158 150.00000000
0.04553951 0.63696666 150.00000000
0.04545284 0.63742923 150.00000000
0.04536588 0.63788965 150.00000000
0.04527862 0.63834829 150.00000000
0.04519105 0.63880553 151.00000000
0.04510318 0.63926177 151.00000000
0.04501499 0.63971740 151.00000000
0.04492648 0.64017282 151.00000000
0.04483765 0.64062844 152.00000000
0.04474849 0.64108470 152.00000000
0.04465899 0.64154200 152.00000000
0.04456914 0.64200079 152.00000000
0.04447895 0.64246149 152.00000000
0.04438840 0.64292453 153.00000000
0.04429748 0.64339037 153.00000000
0.04420620 0.64385943 153.00000000
0.04411454 0.64433216 153.00000000
0.04402249 0.64480900 153.00000000
0.04393006 0.64529039 154.00000000
0.04383722 0.64577675 154.00000000
0.04374398 0.64626853 154.00000000
0.04365032 0.64676614 154.00000000
0.04355624 0.64727001 155.00000000
0.04346172 0.64778054 155.00000000
0.04336677 0.64829815 155.00000000
0.04327138 0.64882321 155.00000000
0.04317552 0.64935613 155.00000000
0.04307921 0.64989725 156.00000000
0.04298242 0.65044695 156.00000000
0.04288515 0.65100555 156.00000000
0.04278739 0.65157339 156.00000000
0.04268913 0.65215075 156.00000000
0.04259037 0.65273794 157.00000000
0.04249109 0.65333521 157.00000000
0.04239128 0.65394280 157.00000000
0.04229095 0.65456093 157.00000000
0.04219007 0.65518980 158.00000000
0.04208865 0.65582956 158.00000000
0.04198666 0.65648035 158.00000000
0.04188412 0.65714229 158.00000000
0.04178099 0.65781544 158.00000000
0.04167729 0.65849986 159.00000000
0.04157299 0.65919555 159.00000000
0.04146810 0.65990249 159.00000000
0.04136260 0.66062061 159.00000000
0.04125649 0.66134983 160.00000000
0.04114976 0.66209001 160.00000000
0.04104241 0.66284097 160.00000000
0.04093442 0.66360250 160.00000000
0.04082579 0.66437435 160.00000000
0.04071651 0.66515621 161.00000000
0.04060658 0.66594776 161.00000000
0.04049600 0.66674860 161.00000000
0.04038475 0.66755832 162.00000000
0.04027283 0.66837645 162.00000000
0.04016024 0.66920247 162.00000000
0.04004698 0.67003584 162.00000000
0.03993303 0.67087594 163.00000000
0.03981841 0.67172213 163.00000000
0.03970309 0.67257374 163.00000000
0.03958709 0.67343002 163.00000000
0.03947039 0.67429021 163.00000000
0.03935301 0.67515349 164.00000000
0.03923492 0.67601901 164.00000000
0.03911615 0.67688587 164.00000000
0.03899668 0.67775314 164.00000000
0.03887651 0.67861985 164.00000000
0.03875565 0.67948499 165.00000000
0.03863410 0.68034753 165.00000000
0.03851185 0.68120638 165.00000000
0.03838892 0.68206045 165.00000000
0.03826530 0.68290861 166.00000000
0.03814099 0.68374970 166.00000000
0.03801601 0.68458253 166.00000000
0.03789035 0.68540590 166.00000000
0.03776402 0.68621860 166.00000000
0.03763702 0.68701938 167.00000000
0.03750936 0.68780699 167.00000000
0.03738104 0.68858017 167.00000000
0.03725208 0.68933765 167.00000000
0.03712247 0.69007815 168.00000000
0.03699223 0.69080039 168.00000000
0.03686136 0.69150310 168.00000000
0.03672988 0.69218501 168.00000000
0.03659778 0.69284485 168.00000000
0.03646508 0.69348136 169.00000000
0.03633179 0.69409331 169.00000000
0.03619791 0.69467946 169.00000000
0.03606346 0.69523861 169.00000000
0.03592845 0.69576958 170.00000000
0.03579289 0.69627120 170.00000000
0.03565678 0.69674234 170.00000000
0.03552014 0.69718190 170.00000000
0.03538298 0.69758881 170.00000000
0.03524532 0.69796204 171.00000000
0.03510715 0.69830058 171.00000000
0.03496850 0.69860348 171.00000000
0.03482938 0.69886983 171.00000000
0.03468980 0.69909874 171.00000000
0.03454976 0.69928940 172.00000000
0.03440929 0.69944103 172.00000000
0.03426840 0.69955288 172.00000000
0.03412709 0.69962427 172.00000000
0.03398539 0.69965458 173.00000000
0.03384329 0.69964322 173.00000000
0.03370083 0.69958966 173.00000000
0.03355800 0.69949343 173.00000000
0.03341482 0.69935409 173.00000000
0.03327130 0.69917127 174.00000000
0.03312746 0.69894467 174.00000000
0.03298330 0.69867400 174.00000000
0.03283885 0.69835906 174.00000000
0.03269411 0.69799968 174.00000000
0.03254909 0.69759575 175.00000000
0.03240381 0.69714722 175.00000000
0.03225828 0.69665407 175.00000000
0.03211250 0.69611635 175.00000000
0.03196650 0.69553412 176.00000000
0.03182028 0.69490754 176.00000000
0.03167385 0.69423678 176.00000000
0.03152723 0.69352206 176.00000000
0.03138042 0.69276364 176.00000000
0.03123344 0.69196182 177.00000000
0.03108630 0.69111696 177.00000000
0.03093900 0.69022943 177.00000000
0.03079157 0.68929966 177.00000000
0.03064400 0.68832808 178.00000000
0.03049631 0.68731519 178.00000000
0.03034851 0.68626151 178.00000000
0.03020060 0.68516756 178.00000000
0.03005261 0.68403394 178.00000000
0.02990453 0.68286123 179.00000000
0.02975638 0.68165004 179.00000000
0.02960816 0.68040104 179.00000000
0.02945989 0.67911487 179.00000000
0.02931158 0.67779222 179.00000000
0.02916322 0.67643379 180.00000000
0.02901484 0.67504028 180.00000000
0.02886644 0.67361244 180.00000000
0.02871802 0.67215099 180.00000000
0.02856961 0.67065670 181.00000000
0.02842120 0.66913031 181.00000000
0.02827280 0.66757260 181.00000000
0.02812443 0.66598434 181.00000000
0.02797608 0.66436632 181.00000000
0.02782778 0.66271931 182.00000000
0.02767952 0.66104412 182.00000000
0.02753132 0.65934152 182.00000000
0.02738318 0.65761232 182.00000000
0.02723512 0.65585730 182.00000000
0.02708713 0.65407725 183.00000000
0.02693923 0.65227297 183.00000000
0.02679143 0.65044524 183.00000000
0.02664374 0.64859485 184.00000000
0.02649615 0.64672258 184.00000000
0.02634869 0.64482921 184.00000000
0.02620136 0.64291550 184.00000000
0.02605417 0.64098223 184.00000000
0.02590713 0.63903015 185.00000000
0.02576025 0.63706002 185.00000000
0.02561352 0.63507258 185.00000000
0.02546698 0.63306859 185.00000000
0.02532061 0.63104876 185.00000000
0.02517444 0.62901382 186.00000000
0.02502847 0.62696450 186.00000000
0.02488272 0.62490149 186.00000000
0.02473718 0.62282551 186.00000000
0.02459187 0.62073724 187.00000000
0.02444680 0.61863737 187.00000000
0.02430198 0.61652657 187.00000000
0.02415742 0.61440551 187.00000000
0.02401313 0.61227484 187.00000000
0.02386912 0.61013522 188.00000000
0.02372539 0.60798728 188.00000000
0.02358197 0.60583166 188.00000000
0.02343886 0.60366898 188.00000000
0.02329607 0.60149986 188.00000000
0.02315361 0.59932489 189.00000000
0.02301150 0.59714468 189.00000000
0.02286973 0.59495981 189.00000000
0.02272834 0.59277086 189.00000000
0.02258731 0.59057841 190.00000000
0.02244668 0.58838301 190.00000000
0.02230644 0.58618522 190.00000000
0.02216661 0.58398559 190.00000000
0.02202720 0.58178465 190.00000000
0.02188823 0.57958294 191.00000000
0.02174969 0.57738097 191.00000000
0.02161162 0.57517925 191.00000000
0.02147400 0.57297830 191.00000000
0.02133687 0.57077860 192.00000000
0.02120022 0.56858064 192.00000000
0.02106408 0.56638491 192.00000000
0.02092844 0.56419187 192.00000000
0.02079333 0.56200199 192.00000000
0.02065876 0.55981572 193.00000000
0.02052473 0.55763349 193.00000000
0.02039125 0.55545576 193.00000000
0.02025835 0.55328295 193.00000000
0.02012602 0.55111547 194.00000000
0.01999428 0.54895372 194.00000000
0.01986315 0.54679812 194.00000000
0.01973262 0.54464905 194.00000000
0.01960271 0.54250688 194.00000000
0.01947344 0.54037200 195.00000000
0.01934481 0.53824474 195.00000000
0.01921683 0.53612547 195.00000000
0.01908951 0.53401451 195.00000000
0.01896286 0.53191220 195.00000000
0.01883689 0.52981884 196.00000000
0.01871161 0.52773475 196.00000000
0.01858702 0.52566021 196.00000000
0.01846315 0.52359549 196.00000000
0.01833998 0.52154088 197.00000000
0.01821754 0.51949661 197.00000000
0.01809582 0.51746294 197.00000000
0.01797484 0.51544008 197.00000000
0.01785460 0.51342827 197.00000000
0.01773512 0.51142769 198.00000000
0.01761639 0.50943855 198.00000000
0.01749841 0.50746101 198.00000000
0.01738121 0.50549524 198.00000000
0.01726478 0.50354139 198.00000000
0.01714913 0.50159959 199.00000000
0.01703425 0.49966997 199.00000000
0.01692017 0.49775265 199.00000000
0.01680687 0.49584771 200.00000000
0.01669437 0.49395524 205.00000000
0.01658266 0.49207531 222.00000000
0.01647175 0.49020798 229.00000000
0.01636165 0.48835329 237.00000000
0.01625234 0.48651129 241.00000000
0.01614384 0.48468198 245.00000000
0.01603615 0.48286539 245.00000000
0.01592927 0.48106150 245.00000000
0.01582320 0.47927031 245.00000000
0.01571793 0.47749179 246.00000000
0.01561348 0.47572591 246.00000000
0.01550983 0.47397262 246.00000000
0.01540699 0.47223187 246.00000000
0.01530496 0.47050360 246.00000000
0.01520374 0.46878773 247.00000000
0.01510332 0.46708418 247.00000000
0.01500370 0.46539287 247.00000000
0.01490489 0.46371371 247.00000000
0.01480688 0.46204657 247.00000000
0.01470966 0.46039137 248.00000000
0.01461325 0.45874798 248.00000000
0.01451762 0.45711628 248.00000000
0.01442278 0.45549614 248.00000000
0.01432873 0.45388744 248.00000000
0.01423546 0.45229003 248.00000000
0.01414297 0.45070379 249.00000000
0.01405125 0.44912856 249.00000000
0.01396031 0.44756419 251.00000000
0.01387013 0.44601055 253.00000000
0.01378072 0.44446748 254.00000000
0.01369206 0.44293482 255.00000000
0.01360416 0.44141243 255.00000000
0.01351701 0.43990014 255.00000000
0.01343061 0.43839779 256.00000000
0.01334494 0.43690525 256.00000000
0.01326001 0.43542233 256.00000000
0.01317580 0.43394889 256.00000000
0.01309233 0.43248478 256.00000000
0.01300957 0.43102983 257.00000000
0.01292752 0.42958388 257.00000000
0.01284619 0.42814679 257.00000000
0.01276556 0.42671841 257.00000000
0.01268562 0.42529857 257.00000000
0.01260638 0.42388713 258.00000000
0.01252782 0.42248394 258.00000000
0.01244995 0.42108886 258.00000000
0.01237275 0.41970174 258.00000000
0.01229622 0.41832245 258.00000000
0.01222036 0.41695083 258.00000000
0.01214515 0.41558676 259.00000000
0.01207060 0.41423010 259.00000000
0.01199669 0.41288072 259.00000000
0.01192343 0.41153849 259.00000000
0.01185080 0.41020329 259.00000000
0.01177880 0.40887499 260.00000000
0.01170742 0.40755347 260.00000000
0.01163666 0.40623862 260.00000000
0.01156652 0.40493033 260.00000000
0.01149698 0.40362847 260.00000000
0.01142805 0.40233295 261.00000000
0.01135971 0.40104366 261.00000000
0.01129196 0.39976050 261.00000000
0.01122480 0.39848336 261.00000000
0.01115821 0.39721216 261.00000000
0.01109220 0.39594680 262.00000000
0.01102676 0.39468718 262.00000000
0.01096188 0.39343324 262.00000000
0.01089756 0.39218486 262.00000000
0.01083378 0.39094199 262.00000000
0.01077056 0.38970454 263.00000000
0.01070788 0.38847243 263.00000000
0.01064573 0.38724559 263.00000000
0.01058412 0.38602394 265.00000000
0.01052303 0.38480744 265.00000000
0.01046246 0.38359599 266.00000000
0.01040240 0.38238955 266.00000000
0.01034286 0.38118805 266.00000000
0.01028382 0.37999144 266.00000000
0.01022528 0.37879966 267.00000000
0.01016724 0.37761265 270.00000000
0.01010969 0.37643036 271.00000000
0.01005262 0.37525275 271.00000000
0.00999604 0.37407976 272.00000000
0.00993993 0.37291136 272.00000000
0.00988429 0.37174750 272.00000000
0.00982912 0.37058813 272.00000000
0.00977441 0.36943322 273.00000000
0.00972016 0.36828273 273.00000000
0.00966636 0.36713662 273.00000000
0.00961301 0.36599486 273.00000000
0.00956010 0.36485741 273.00000000
0.00950764 0.36372425 274.00000000
0.00945561 0.36259534 274.00000000
0.00940401 0.36147065 274.00000000
0.00935283 0.36035017 274.00000000
0.00930208 0.35923385 276.00000000
0.00925175 0.35812168 276.00000000
0.00920183 0.35701363 276.00000000
0.00915232 0.35590968 276.00000000
0.00910322 0.35480981 277.00000000
0.00905452 0.35371400 277.00000000
0.00900622 0.35262223 277.00000000
0.00895831 0.35153447 277.00000000
0.00891080 0.35045072 278.00000000
0.00886366 0.34937095 278.00000000
0.00881692 0.34829515 278.00000000
0.00877055 0.34722330 278.00000000
0.00872455 0.34615539 278.00000000
0.00867893 0.34509141 279.00000000
