0.125008933806216749 0.062177888572483589 1.000000000000000000
0.125007084167797294 0.062071967318987488 1.000000000000000000
0.125004175632872971 0.062152675491957930 2.000000000000000000
0.125000664880403983 0.062667605447799007 2.000000000000000000
0.124996781938827753 0.063794489842114901 2.000000000000000000
0.124992606209263682 0.065638616250876580 2.000000000000000000
0.124988120037263992 0.068248905836793286 2.000000000000000000
0.124983243452794074 0.071638095337274041 2.000000000000000000
0.124977854796793672 0.075800864153042935 3.000000000000000000
0.124971801485152356 0.080727389592094384 3.000000000000000000
0.124964904149047040 0.086412006194455951 3.000000000000000000
0.124956956381558293 0.092857859388547737 3.000000000000000000
0.124947721510044713 0.100078828567304393 3.000000000000000000
0.124936927226235117 0.108099863406344227 3.000000000000000000
0.124924258503040245 0.116956552790739091 3.000000000000000000
0.124909348958166175 0.126694427420320360 4.000000000000000000
0.124891770645907882 0.137368260442495338 4.000000000000000000
0.124871022137411747 0.149041479792664133 4.000000000000000000
0.124846514663994726 0.161785720043641862 4.000000000000000000
0.124817556033713167 0.175680496831282951 4.000000000000000000
0.124783331980159673 0.190812965232623089 4.000000000000000000
0.124742884560770859 0.207277713012880949 5.000000000000000000
0.124695087189547277 0.225176533379168820 5.000000000000000000
0.124638615868935293 0.244618115781173789 5.000000000000000000
0.124571916183802187 0.265717585140462842 5.000000000000000000
0.124493165646669041 0.288595808362644035 5.000000000000000000
0.124400231051886176 0.313378371246560039 5.000000000000000000
0.124290620627029710 0.340194108343801593 6.000000000000000000
0.124161430989263757 0.369173042507251026 6.000000000000000000
0.124009289258017741 0.400443559616234346 6.000000000000000000
0.123830291188212954 0.434128607556371116 6.000000000000000000
0.123619936926206042 0.470340668082151470 6.000000000000000000
0.123373067019404051 0.509175208260328360 6.000000000000000000
0.123083802702531830 0.550702279693138452 6.000000000000000000
0.122745496309608779 0.594955907213698620 7.000000000000000000
0.122350699973907837 0.641920908208779339 7.000000000000000000
0.121891163586134360 0.691516830762565871 7.000000000000000000
0.121357876201376516 0.743578825093745732 7.000000000000000000
0.120741168480469951 0.797835511964398392 7.000000000000000000
0.120030896840781401 0.853884339585366581 7.000000000000000000
0.119216731947785315 0.911165590033590989 7.000000000000000000
0.118288573730411697 0.968937163699245541 8.000000000000000000
0.117237110491962143 1.026253556420900104 8.000000000000000000
0.116054528774762661 1.081953983615058679 9.000000000000000000
0.114735361284862836 1.134666176462534537 9.000000000000000000
0.113277431082271937 1.182833518470419509 9.000000000000000000
0.111682812252865735 1.224773167035794641 9.000000000000000000
0.109958685150677485 1.258770661365976817 9.000000000000000000
0.108117928126571547 1.283211368837703814 9.000000000000000000
0.106179272777890979 1.296740694331422361 10.000000000000000000
0.104166873447970529 1.298434323882495134 10.000000000000000000
0.102109215811332144 1.287949764247900308 10.000000000000000000
0.100037410441533844 1.265625426023888611 10.000000000000000000
0.097983059562345612 1.232497711539982888 10.000000000000000000
0.095976003928625001 1.190221583192677457 10.000000000000000000
0.094042304838859961 1.140902771189185483 10.000000000000000000
0.092202768348608494 1.086872560741596772 11.000000000000000000
0.090472187999651260 1.030450188715180904 11.000000000000000000
0.088859316366570379 0.973737834205843811 11.000000000000000000
0.087367432430749833 0.918479813358413000 11.000000000000000000
0.085995291444489669 0.865997214272323013 11.000000000000000000
0.084738234520050262 0.817189991306411012 11.000000000000000000
0.083589277528507297 0.772586427963026900 11.000000000000000000
0.082540063384945378 0.732416588287314929 12.000000000000000000
0.081581623670325246 0.696689950721870788 12.000000000000000000
0.080704941710819433 0.665264284172891962 12.000000000000000000
0.079901337085268753 0.637899795348758847 12.000000000000000000
0.079162704273744083 0.614297837088087384 12.000000000000000000
0.078481640700275232 0.594126550288229360 12.000000000000000000
0.077851496154746930 0.577037048652340845 12.000000000000000000
0.077266369729349443 0.562673739590720312 13.000000000000000000
0.076721074072617301 0.550681657736458940 13.000000000000000000
0.076211081124900076 0.540712687275599846 13.000000000000000000
0.075732459027420443 0.532431559083336725 13.000000000000000000
0.075281806603456555 0.525521722021212168 13.000000000000000000
0.074856189477731594 0.519690707275239361 13.000000000000000000
0.074453080267843794 0.514674444227440353 14.000000000000000000
0.074070304140604282 0.510240084056925447 14.000000000000000000
0.073705990238260410 0.506187134678475092 14.000000000000000000
0.073358528956275662 0.502346991441300239 14.000000000000000000
0.073026534731703549 0.498581171340309048 14.000000000000000000
0.072708813826538266 0.494778676675269424 14.000000000000000000
0.072404336519471771 0.490852922905174571 14.000000000000000000
0.072112213117161997 0.486738591663316178 15.000000000000000000
0.071831673236263174 0.482388653977703197 15.000000000000000000
0.071562047871060935 0.477771689347104678 15.000000000000000000
0.071302753834705204 0.472869530557214424 15.000000000000000000
0.071053280234768562 0.467675204236648934 15.000000000000000000
0.070813176709571823 0.462191112413819494 15.000000000000000000
0.070582043206799394 0.456427401727661164 16.000000000000000000
0.070359521129196342 0.450400482449112960 16.000000000000000000
0.070145285704184546 0.444131678277115027 16.000000000000000000
0.069939039456647104 0.437646002759467079 16.000000000000000000
0.069740506678987832 0.430971066058473351 16.000000000000000000
0.069549428801979785 0.424136116880391545 16.000000000000000000
0.069365560575796306 0.417171220898899409 16.000000000000000000
0.069188666974530952 0.410106571640192596 17.000000000000000000
0.069018520740648071 0.402971924801240167 17.000000000000000000
0.068854900488949905 0.395796143637942022 17.000000000000000000
0.068697589293265776 0.388606841726829855 17.000000000000000000
0.068546373683360182 0.381430109732838640 17.000000000000000000
0.068401042984532867 0.374290314151784764 17.000000000000000000
0.068261388937929629 0.367209957681492061 17.000000000000000000
0.068127205545523831 0.360209592436582404 18.000000000000000000
0.067998289089866881 0.353307778428134989 18.000000000000000000
0.067874438284851998 0.346521080556521144 18.000000000000000000
0.067755454519723549 0.339864097914283514 18.000000000000000000
0.067641142164266713 0.333349519607144762 18.000000000000000000
0.067531308908437018 0.326988201695387781 18.000000000000000000
0.067425766114569116 0.320789260305219981 18.000000000000000000
0.067324329164711719 0.314760176478273868 19.000000000000000000
0.067226817789557899 0.308906908897236987 19.000000000000000000
0.067133056368873290 0.303234011209066512 19.000000000000000000
0.067042874196298771 0.297744751226192372 19.000000000000000000
0.066956105703930166 0.292441229792751278 20.000000000000000000
0.066872590644190752 0.287324497543382240 20.000000000000000000
0.066792174228247736 0.282394668155172224 20.000000000000000000
0.066714707221612421 0.277651027005860418 20.000000000000000000
0.066640045998642553 0.273092134413949472 20.000000000000000000
0.066568052558473922 0.268715922859340872 21.000000000000000000
0.066498594505478542 0.264519787774821158 21.000000000000000000
0.066431544997713754 0.260500671664662342 21.000000000000000000
0.066366782667027030 0.256655141449902924 21.000000000000000000
0.066304191514539257 0.252979459062099399 21.000000000000000000
0.066243660785178307 0.249469645409430341 22.000000000000000000
0.066185084824798623 0.246121537921840716 22.000000000000000000
0.066128362923220232 0.242930841946732562 22.000000000000000000
0.066073399146278411 0.239893176315100765 22.000000000000000000
0.066020102159700153 0.237004113431952879 22.000000000000000000
0.065968385047340802 0.234259214266367338 22.000000000000000000
0.065918165126019640 0.231654058627663362 23.000000000000000000
0.065869363758912530 0.229184271116720767 23.000000000000000000
0.065821906169185429 0.226845543137141947 23.000000000000000000
0.065775721255294128 0.224633651341113544 23.000000000000000000
0.065730741409139343 0.222544472870682630 23.000000000000000000
0.065686902338050010 0.220573997737784327 23.000000000000000000
0.065644142891370161 0.218718338666596651 23.000000000000000000
0.065602404892253760 0.216973738700470153 24.000000000000000000
0.065561632975118259 0.215336576853420475 24.000000000000000000
0.065521774429075266 0.213803372063577357 24.000000000000000000
0.065482779047543238 0.212370785683524688 24.000000000000000000
0.065444598984150476 0.211035622720529809 24.000000000000000000
0.065407188614954953 0.209794832018546873 24.000000000000000000
0.065370504406941241 0.208645505553826188 24.000000000000000000
0.065334504792699269 0.207584876997101458 25.000000000000000000
0.065299150051144714 0.206610319677772436 25.000000000000000000
0.065264402194108617 0.205719344069296678 25.000000000000000000
0.065230224858593783 0.204909594900150621 25.000000000000000000
0.065196583204479214 0.204178847981215911 25.000000000000000000
0.065163443817437286 0.203525006828224525 25.000000000000000000
0.065130774616820819 0.202946099146927628 26.000000000000000000
0.065098544768272426 0.202440273238846086 26.000000000000000000
0.065066724600806522 0.202005794376746539 26.000000000000000000
0.065035285528115189 0.201641041191297110 26.000000000000000000
0.065004199973853871 0.201344502103589007 26.000000000000000000
0.064973441300666609 0.201114771832303946 26.000000000000000000
0.064942983742717911 0.200950547999165618 26.000000000000000000
0.064912802341504344 0.200850627851879487 27.000000000000000000
0.064882872884729270 0.200813905119944625 32.000000000000000000
0.064853171848030772 0.200839367015470477 36.000000000000000000
0.064823676339361813 0.200926091388372419 36.000000000000000000
0.064794364045832456 0.201073244043000310 36.000000000000000000
0.064765213182830225 0.201280076221327570 36.000000000000000000
0.064736202445245764 0.201545922256237631 36.000000000000000000
0.064707310960638545 0.201870197397163886 36.000000000000000000
0.064678518244185745 0.202252395809307650 36.000000000000000000
0.064649804155266305 0.202692088746871252 36.000000000000000000
0.064621148855538810 0.203188922900148089 37.000000000000000000
0.064592532768380534 0.203742618915892681 37.000000000000000000
0.064563936539560829 0.204352970090129454 37.000000000000000000
0.064535340999029980 0.205019841232421535 37.000000000000000000
0.064506727123709279 0.205743167700609825 37.000000000000000000
0.064478076001176013 0.206522954605107806 37.000000000000000000
0.064449368794141426 0.207359276182013746 38.000000000000000000
0.064420586705624047 0.208252275334546100 38.000000000000000000
0.064391710944727801 0.209202163342624065 38.000000000000000000
0.064362722692936761 0.210209219740791209 38.000000000000000000
0.064333603070843695 0.211273792365104046 38.000000000000000000
0.064304333105232467 0.212396297570084602 38.000000000000000000
0.064274893696438351 0.213577220617350655 38.000000000000000000
0.064245265585912828 0.214817116238092715 39.000000000000000000
0.064215429323922879 0.216116609372150631 39.000000000000000000
0.064185365237316258 0.217476396087067980 39.000000000000000000
0.064155053397286457 0.218897244681142383 39.000000000000000000
0.064124473587073128 0.220379996975165471 39.000000000000000000
0.064093605269534032 0.221925569798239269 39.000000000000000000
0.064062427554525819 0.223534956673769492 39.000000000000000000
0.064030919166031194 0.225209229712464931 39.000000000000000000
0.063999058408968620 0.226949541719917658 39.000000000000000000
0.063966823135621576 0.228757128527088044 40.000000000000000000
0.063934190711620681 0.230633311552772641 40.000000000000000000
0.063901137981410755 0.232579500607892398 40.000000000000000000
0.063867641233131406 0.234597196952172099 40.000000000000000000
0.063833676162834169 0.236687996614511897 40.000000000000000000
0.063799217837955599 0.238853593989044072 40.000000000000000000
0.063764240659956908 0.241095785719512568 40.000000000000000000
0.063728718326033607 0.243416474885205208 40.000000000000000000
0.063692623789787794 0.245817675502166294 40.000000000000000000
0.063655929220744145 0.248301517353818502 41.000000000000000000
0.063618605962576333 0.250870251165372871 41.000000000000000000
0.063580624489894058 0.253526254136494156 41.000000000000000000
0.063541954363421707 0.256272035846536239 41.000000000000000000
0.063502564183377880 0.259110244546251589 41.000000000000000000
0.063462421540838684 0.262043673849113867 41.000000000000000000
0.063421492966840326 0.265075269834210814 41.000000000000000000
0.063379743878942893 0.268208138570967203 41.000000000000000000
0.063337138524940897 0.271445554073630357 41.000000000000000000
0.063293639923365452 0.274790966690364902 41.000000000000000000
0.063249209800377848 0.278248011927784089 42.000000000000000000
0.063203808522604252 0.281820519706622974 42.000000000000000000
0.063157395025407168 0.285512524037780435 42.000000000000000000
0.063109926736029706 0.289328273099872801 42.000000000000000000
0.063061359490988136 0.293272239689422509 42.000000000000000000
0.063011647447017385 0.297349132002456884 42.000000000000000000
0.062960742984808277 0.301563904691198037 42.000000000000000000
0.062908596604699774 0.305921770121106384 42.000000000000000000
0.062855156813418162 0.310428209731209492 42.000000000000000000
0.062800370000881303 0.315088985373641162 42.000000000000000000
0.062744180306015987 0.319910150475763766 43.000000000000000000
0.062686529470473248 0.324898060829146351 43.000000000000000000
0.062627356679069088 0.330059384762807384 43.000000000000000000
0.062566598385736527 0.335401112402138213 43.000000000000000000
0.062504188123751414 0.340930563648184304 43.000000000000000000
0.062440056298995315 0.346655394432628217 43.000000000000000000
0.062374129965052108 0.352583600709780176 43.000000000000000000
0.062306332579014162 0.358723519535720237 43.000000000000000000
0.062236583737003803 0.365083826453781068 43.000000000000000000
0.062164798888617735 0.371673528251787400 44.000000000000000000
0.062090889029789723 0.378501949976656427 44.000000000000000000
0.062014760373960531 0.385578714882622631 44.000000000000000000
0.061936314001972359 0.392913715746945447 44.000000000000000000
0.061855445491793594 0.400517075707981729 44.000000000000000000
0.061772044530065122 0.408399096461833200 44.000000000000000000
0.061685994508585820 0.416570191293036296 44.000000000000000000
0.061597172110263845 0.425040800010875519 44.000000000000000000
0.061505446890812887 0.433821282417012899 44.000000000000000000
0.061410680864626817 0.442921786446576649 44.000000000000000000
0.061312728105887837 0.452352086612862303 45.000000000000000000
0.061211434379130250 0.462121387861273325 45.000000000000000000
0.061106636817255588 0.472238089426468055 45.000000000000000000
0.060998163669454625 0.482709502825763470 45.000000000000000000
0.060885834146675942 0.493541517766327320 45.000000000000000000
0.060769458398227102 0.504738209569375207 45.000000000000000000
0.060648837659772810 0.516301381824040839 46.000000000000000000
0.060523764620316112 0.528230038511428246 46.000000000000000000
0.060394024063516932 0.540519780957468332 46.000000000000000000
0.060259393846565201 0.553162126894185202 46.000000000000000000
0.060119646287249751 0.566143751886117319 46.000000000000000000
0.059974550036030985 0.579445657699798722 46.000000000000000000
0.059823872513728782 0.593042278165675341 46.000000000000000000
0.059667382995370027 0.606900540997600046 47.000000000000000000
0.059504856414916804 0.620978914125654424 47.000000000000000000
0.059336077951729543 0.635226477453789684 47.000000000000000000
0.059160848435145130 0.649582075418090876 47.000000000000000000
0.058978990565832397 0.663973621755125976 47.000000000000000000
0.058790355899312717 0.678317644414747067 47.000000000000000000
0.058594832466784069 0.692519173796198095 47.000000000000000000
0.058392352821466265 0.706472088872988291 47.000000000000000000
0.058182902198052569 0.720060039908958061 47.000000000000000000
0.057966526365148645 0.733158059325583200 48.000000000000000000
0.057743338646919079 0.745634949637460576 48.000000000000000000
0.057513525506326671 0.757356495596471002 48.000000000000000000
0.057277350038007539 0.768189484843072590 48.000000000000000000
0.057035152735248430 0.778006438547723111 48.000000000000000000
0.056787348991700640 0.786690856111237791 48.000000000000000000
0.056534422985770633 0.794142676393239988 48.000000000000000000
0.056276917872096023 0.800283567338505364 48.000000000000000000
0.056015422550197036 0.805061594506836675 48.000000000000000000
0.055750555655865765 0.808454804870125665 49.000000000000000000
0.055482947770725405 0.810473308614646504 49.000000000000000000
0.055213223107381214 0.811159552627473412 49.000000000000000000
0.054941982046044911 0.810586646473011152 49.000000000000000000
0.054669785839119758 0.808854803776301812 49.000000000000000000
0.054397144561305427 0.806086168162806538 49.000000000000000000
0.054124508998952256 0.802418469065810713 49.000000000000000000
0.053852266708563357 0.797998069141896194 49.000000000000000000
0.053580742010897998 0.792973003649559249 50.000000000000000000
0.053310199300921832 0.787486570444406730 50.000000000000000000
0.053040848800590970 0.781671920074154647 50.000000000000000000
0.052772853784912581 0.775647942839985505 50.000000000000000000
0.052506338362208062 0.769516582295370011 50.000000000000000000
0.052241395051074148 0.763361549082939628 50.000000000000000000
0.051978091619511037 0.757248284806563809 50.000000000000000000
0.051716476886092003 0.751224942989219158 50.000000000000000000
0.051456585389185017 0.745324114282805983 50.000000000000000000
0.051198440984230466 0.739565020406384166 51.000000000000000000
0.050942059523340695 0.733955926412896864 51.000000000000000000
0.050687450811322983 0.728496563384236073 51.000000000000000000
0.050434620030692059 0.723180404036482538 51.000000000000000000
0.050183568800955668 0.717996684520196049 51.000000000000000000
0.049934295998711367 0.712932111814054581 51.000000000000000000
0.049686798425622132 0.707972234585678706 51.000000000000000000
0.049441071377682312 0.703102485012085943 51.000000000000000000
0.049197109144167313 0.698308919837214881 51.000000000000000000
0.048954905448403176 0.693578701723012614 52.000000000000000000
0.048714453833559851 0.688900368005699648 52.000000000000000000
0.048475747993014351 0.684263934773640448 52.000000000000000000
0.048238782044439259 0.679660881213968726 52.000000000000000000
0.048003550748026549 0.675084053782137428 52.000000000000000000
0.047770049671033585 0.670527523076915988 52.000000000000000000
0.047538275302476014 0.665986419255531148 52.000000000000000000
0.047308225122991279 0.661456765055231988 52.000000000000000000
0.047079897635580549 0.656935319428194053 53.000000000000000000
0.046853292363163088 0.652419439685280045 53.000000000000000000
0.046628409818758335 0.647906965970999504 53.000000000000000000
0.046405251453755028 0.643396128839374248 53.000000000000000000
0.046183819589234384 0.638885478578960719 53.000000000000000000
0.045964117334760343 0.634373833613433358 53.000000000000000000
0.045746148498477940 0.629860244630780830 53.000000000000000000
0.045529917491807848 0.625343970915570257 54.000000000000000000
0.045315429231506277 0.620824465530458669 54.000000000000000000
0.045102689041383051 0.616301366388055216 54.000000000000000000
0.044891702555545213 0.611774490767179269 55.000000000000000000
0.044682475624652607 0.607243831377012544 55.000000000000000000
0.044475014226341522 0.602709552600302012 55.000000000000000000
0.044269324380684663 0.598171986015131218 55.000000000000000000
0.044065412071309318 0.593631624683856662 55.000000000000000000
0.043863283172585879 0.589089116001006552 55.000000000000000000
0.043662943383123938 0.584545253112268237 55.000000000000000000
0.043464398165664629 0.580000965063347196 56.000000000000000000
0.043267652693337606 0.575457305922699502 56.000000000000000000
0.043072711802150235 0.570915443159405234 56.000000000000000000
0.042879579949496635 0.566376645559742431 56.000000000000000000
0.042688261178408987 0.561842270944818423 56.000000000000000000
0.042498759087223698 0.557313753916760524 56.000000000000000000
0.042311076804295897 0.552792593819875333 56.000000000000000000
0.042125216967368831 0.548280343061523401 57.000000000000000000
0.041941181707186033 0.543778595898842143 57.000000000000000000
0.041758972634924243 0.539288977764051158 57.000000000000000000
0.041578590833022636 0.534813135173797360 57.000000000000000000
0.041400036848988818 0.530352726246878459 57.000000000000000000
0.041223310691770682 0.525909411839193264 57.000000000000000000
0.041048411830300613 0.521484847294060194 57.000000000000000000
0.040875339193837526 0.517080674799118678 58.000000000000000000
0.040704091173756708 0.512698516336975163 58.000000000000000000
0.040534665626465322 0.508339967214682442 58.000000000000000000
0.040367059877151348 0.504006590156375500 58.000000000000000000
0.040201270724106411 0.499699909943381648 58.000000000000000000
0.040037294443396237 0.495421408586413758 58.000000000000000000
0.039875126793687321 0.491172521014902330 58.000000000000000000
0.039714763021072873 0.486954631268807392 59.000000000000000000
0.039556197863774428 0.482769069178386134 59.000000000000000000
0.039399425556629689 0.478617107517315288 59.000000000000000000
0.039244439835307135 0.474499959614247679 59.000000000000000000
0.039091233940218025 0.470418777407413502 59.000000000000000000
0.038939800620123061 0.466374649926208473 59.000000000000000000
0.038790132135454659 0.462368602182951283 59.000000000000000000
0.038642220261397346 0.458401594457122086 60.000000000000000000
0.038496056290786312 0.454474521953511179 60.000000000000000000
0.038351631036898259 0.450588214814781507 60.000000000000000000
0.038208934836221051 0.446743438468030662 60.000000000000000000
0.038067957551295446 0.442940894284105435 60.000000000000000000
0.037928688573727595 0.439181220527628535 60.000000000000000000
0.037791116827472750 0.435464993575029713 61.000000000000000000
0.037655230772489591 0.431792729377308115 61.000000000000000000
0.037521018408861045 0.428164885143874574 61.000000000000000000
0.037388467281472181 0.424581861223597201 61.000000000000000000
0.037257564485327722 0.421044003159125990 61.000000000000000000
0.037128296671582836 0.417551603890743084 62.000000000000000000
0.037000650054350909 0.414104906086337932 62.000000000000000000
0.036874610418340052 0.410704104574683149 62.000000000000000000
0.036750163127359146 0.407349348859901983 62.000000000000000000
0.036627293133721664 0.404040745695980086 62.000000000000000000
0.036505984988564194 0.400778361701223440 62.000000000000000000
0.036386222853083933 0.397562225993783047 63.000000000000000000
0.036267990510689761 0.394392332830705017 63.000000000000000000
0.036151271380049810 0.391268644234306018 63.000000000000000000
0.036036048529009462 0.388191092591167519 63.000000000000000000
0.035922304689345125 0.385159583210462564 63.000000000000000000
0.035810022272311726 0.382173996829793916 63.000000000000000000
0.035699183384935038 0.379234192058128861 64.000000000000000000
0.035589769846995273 0.376340007746784055 64.000000000000000000
0.035481763208643720 0.373491265280683882 64.000000000000000000
0.035375144768591153 0.370687770783324988 64.000000000000000000
0.035269895592805182 0.367929317229976016 64.000000000000000000
0.035165996533652100 0.365215686464621159 64.000000000000000000
0.035063428249418493 0.362546651117063745 64.000000000000000000
0.034962171224148887 0.359921976417354350 65.000000000000000000
0.034862205787736467 0.357341421905399581 65.000000000000000000
0.034763512136205793 0.354804743034165371 65.000000000000000000
0.034666070352128604 0.352311692665377152 65.000000000000000000
0.034569860425116436 0.349862022456992883 65.000000000000000000
0.034474862272336523 0.347455484142066229 65.000000000000000000
0.034381055759000217 0.345091830698852908 65.000000000000000000
0.034288420718776455 0.342770817412217488 66.000000000000000000
0.034196936974085504 0.340492202826555845 66.000000000000000000
0.034106584356231158 0.338255749590544386 66.000000000000000000
0.034017342725332710 0.336061225194168367 66.000000000000000000
0.033929191990019328 0.333908402598495135 66.000000000000000000
0.033842112126853514 0.331797060758779794 66.000000000000000000
0.033756083199450546 0.329726985041534804 66.000000000000000000
0.033671085377263668 0.327697967536259904 67.000000000000000000
0.033587098954005856 0.325709807262652640 67.000000000000000000
0.033504104365679639 0.323762310274165299 67.000000000000000000
0.033422082208187917 0.321855289658973698 67.000000000000000000
0.033341013254498696 0.319988565439514427 67.000000000000000000
0.033260878471337081 0.318161964371976358 67.000000000000000000
0.033181659035378001 0.316375319647341724 67.000000000000000000
0.033103336348912438 0.314628470495819212 68.000000000000000000
0.033025892054960600 0.312921261696835873 68.000000000000000000
0.032949308051803655 0.311253542997066368 68.000000000000000000
0.032873566506906766 0.309625168439369547 68.000000000000000000
0.032798649870204040 0.308035995605912882 68.000000000000000000
0.032724540886717356 0.306485884779235107 68.000000000000000000
0.032651222608478900 0.304974698025446744 69.000000000000000000
0.032578678405728756 0.303502298204341103 69.000000000000000000
0.032506891977357927 0.302068547911680974 69.000000000000000000
0.032435847360567899 0.300673308359522551 69.000000000000000000
0.032365528939718641 0.299316438200997348 69.000000000000000000
0.032295921454337656 0.297997792306559206 70.000000000000000000
0.032227010006264316 0.296717220499267631 70.000000000000000000
0.032158780065905661 0.295474566257254878 70.000000000000000000
0.032091217477581452 0.294269665392019042 70.000000000000000000
0.032024308463939749 0.293102344711713592 70.000000000000000000
0.031958039629426956 0.291972420679031508 70.000000000000000000
0.031892397962799447 0.290879698073645165 71.000000000000000000
0.031827370838668823 0.289823968669492948 71.000000000000000000
0.031762946018075874 0.288805009937413593 71.000000000000000000
0.031699111648094025 0.287822583783749253 71.000000000000000000
0.031635856260467374 0.286876435335561175 71.000000000000000000
0.031573168769293627 0.285966291783020632 71.000000000000000000
0.031511038467767948 0.285091861289313520 71.000000000000000000
0.031449455024008616 0.284252831978073606 72.000000000000000000
0.031388408475991218 0.283448871007901171 72.000000000000000000
0.031327889225623642 0.282679623742941866 72.000000000000000000
0.031267888031998849 0.281944713027815208 72.000000000000000000
0.031208396003868204 0.281243738574353586 72.000000000000000000
0.031149404591382705 0.280576276466695029 72.000000000000000000
0.031090905577153521 0.279941878790284038 72.000000000000000000
0.031032891066688398 0.279340073389197530 73.000000000000000000
0.030975353478262649 0.278770363755086903 73.000000000000000000
0.030918285532288068 0.278232229049793334 73.000000000000000000
0.030861680240244358 0.277725124262453438 73.000000000000000000
0.030805530893240219 0.277248480500646932 73.000000000000000000
0.030749831050272628 0.276801705413880994 73.000000000000000000
0.030694574526252887 0.276384183746493373 74.000000000000000000
0.030639755379868593 0.275995278015821355 74.000000000000000000
0.030585367901349726 0.275634329310414206 74.000000000000000000
0.030531406600205851 0.275300658201976189 74.000000000000000000
0.030477866192999480 0.274993565763774539 74.000000000000000000
0.030424741591218503 0.274712334687397530 74.000000000000000000
0.030372027889306964 0.274456230489021569 74.000000000000000000
0.030319720352911250 0.274224502795702152 75.000000000000000000
0.030267814407393293 0.274016386701741110 75.000000000000000000
0.030216305626660021 0.273831104184824037 75.000000000000000000
0.030165189722352347 0.273667865571388447 75.000000000000000000
0.030114462533433396 0.273525871040602497 75.000000000000000000
0.030064120016210061 0.273404312156369345 75.000000000000000000
0.030014158234817970 0.273302373416905775 75.000000000000000000
0.029964573352194032 0.273219233811745899 76.000000000000000000
0.029915361621556884 0.273154068376341763 76.000000000000000000
0.029866519378409902 0.273106049734915812 76.000000000000000000
0.029818043033077619 0.273074349622774437 76.000000000000000000
0.029769929063781307 0.273058140379818903 76.000000000000000000
0.029722174010255526 0.273056596407758367 76.000000000000000000
0.029674774467903821 0.273068895584107962 76.000000000000000000
0.029627727082487478 0.273094220626860840 77.000000000000000000
0.029581028545338298 0.273131760404443535 77.000000000000000000
0.029534675589083514 0.273180711186284064 77.000000000000000000
0.029488664983867527 0.273240277830103129 77.000000000000000000
0.029442993534053774 0.273309674902745769 78.000000000000000000
0.029397658075387169 0.273388127732069441 78.000000000000000000
0.029352655472596419 0.273474873388117490 78.000000000000000000
0.029307982617413662 0.273569161592398469 78.000000000000000000
0.029263636426988336 0.273670255554723296 78.000000000000000000
0.029219613842670876 0.273777432737622617 78.000000000000000000
0.029175911829141477 0.273889985548834203 79.000000000000000000
0.029132527373859192 0.274007221962853931 79.000000000000000000
0.029089457486805977 0.274128466072935340 79.000000000000000000
0.029046699200500774 0.274253058575283926 79.000000000000000000
0.029004249570259384 0.274380357187538004 79.000000000000000000
0.028962105674675390 0.274509737003842458 79.000000000000000000
0.028920264616299200 0.274640590789103023 79.000000000000000000
0.028878723522492027 0.274772329215154043 80.000000000000000000
0.028837479546432912 0.274904381041709833 80.000000000000000000
0.028796529868257984 0.275036193245095040 80.000000000000000000
0.028755871696311448 0.275167231097794063 80.000000000000000000
0.028715502268489616 0.275296978201901410 80.000000000000000000
0.028675418853659644 0.275424936479565674 80.000000000000000000
0.028635618753136076 0.275550626123508280 81.000000000000000000
0.028596099302199415 0.275673585510610386 81.000000000000000000
0.028556857871641417 0.275793371081585192 81.000000000000000000
0.028517891869323832 0.275909557189581212 81.000000000000000000
0.028479198741737148 0.276021735920540690 81.000000000000000000
0.028440775975547984 0.276129516887994308 81.000000000000000000
0.028402621099123893 0.276232527004881934 81.000000000000000000
0.028364731684025798 0.276330410234855717 82.000000000000000000
0.028327105346458895 0.276422827325399856 82.000000000000000000
0.028289739748673548 0.276509455524980630 82.000000000000000000
0.028252632600309184 0.276589988286305488 82.000000000000000000
0.028215781659673908 0.276664134957623209 82.000000000000000000
0.028179184734954156 0.276731620463905204 82.000000000000000000
0.028142839685349010 0.276792184979575306 82.000000000000000000
0.028106744422124238 0.276845583594353573 83.000000000000000000
0.028070896909582158 0.276891585973667198 83.000000000000000000
0.028035295165943604 0.276929976014937018 83.000000000000000000
0.027999937264138901 0.276960551500956276 83.000000000000000000
0.027964821332505316 0.276983123751441129 83.000000000000000000
0.027929945555388729 0.276997517273778637 83.000000000000000000
0.027895308173647868 0.277003569413852180 83.000000000000000000
0.027860907485059701 0.277001130007741680 84.000000000000000000
0.027826741844625125 0.276990061035037094 84.000000000000000000
0.027792809664774036 0.276970236274388382 84.000000000000000000
0.027759109415469815 0.276941540961852140 84.000000000000000000
0.027725639624212983 0.276903871452534200 84.000000000000000000
0.027692398875944352 0.276857134885953260 84.000000000000000000
0.027659385812848332 0.276801248855485349 85.000000000000000000
0.027626599134056955 0.276736141082214671 85.000000000000000000
0.027594037595256048 0.276661749093446319 85.000000000000000000
0.027561700008194436 0.276578019906091988 85.000000000000000000
0.027529585240098027 0.276484909715129290 85.000000000000000000
0.027497692212990341 0.276382383587252312 86.000000000000000000
0.027466019902921399 0.276270415159838800 86.000000000000000000
0.027434567339107294 0.276148986345311154 86.000000000000000000
0.027403333602982544 0.276018087040940774 86.000000000000000000
0.027372317827167918 0.275877714844137756 86.000000000000000000
0.027341519194356324 0.275727874773239123 86.000000000000000000
0.027310936936119731 0.275568578993783453 87.000000000000000000
0.027280570331639990 0.275399846550271443 87.000000000000000000
0.027250418706366866 0.275221703103373960 87.000000000000000000
0.027220481430606520 0.275034180672547146 87.000000000000000000
0.027190757918044081 0.274837317384028890 87.000000000000000000
0.027161247624203501 0.274631157224138778 87.000000000000000000
0.027131950044848984 0.274415749797838671 87.000000000000000000
0.027102864714331258 0.274191150092501001 88.000000000000000000
0.027073991203883069 0.273957418246807194 88.000000000000000000
0.027045329119867588 0.273714619324724406 88.000000000000000000
0.027016878101984082 0.273462823094487051 88.000000000000000000
0.026988637821434906 0.273202103812528019 88.000000000000000000
0.026960607979058124 0.272932540012290226 88.000000000000000000
0.026932788303430003 0.272654214297857356 88.000000000000000000
0.026905178548941762 0.272367213142343023 89.000000000000000000
0.026877778493854962 0.272071626690978507 89.000000000000000000
0.026850587938339811 0.271767548568834449 89.000000000000000000
0.026823606702500821 0.271455075693145420 89.000000000000000000
0.026796834624394340 0.271134308090145881 89.000000000000000000
0.026770271558041962 0.270805348716401662 89.000000000000000000
0.026743917371444464 0.270468303284555012 90.000000000000000000
0.026717771944600344 0.270123280093474083 90.000000000000000000
0.026691835167533200 0.269770389862712567 90.000000000000000000
0.026666106938332112 0.269409745571275117 90.000000000000000000
0.026640587161208991 0.269041462300624923 90.000000000000000000
0.026615275744576991 0.268665657081896325 90.000000000000000000
0.026590172599153594 0.268282448747259428 90.000000000000000000
0.026565277636092365 0.267891957785417967 91.000000000000000000
0.026540590765146706 0.267494306201173149 91.000000000000000000
0.026516111892869253 0.267089617379033528 91.000000000000000000
0.026491840920850090 0.266678015950813252 91.000000000000000000
0.026467777743997042 0.266259627667193410 91.000000000000000000
0.026443922248860958 0.265834579273190930 91.000000000000000000
0.026420274312008881 0.265402998387499034 91.000000000000000000
0.026396833798447570 0.264965013385654591 92.000000000000000000
0.026373600560100088 0.264520753286987764 92.000000000000000000
0.026350574434337557 0.264070347645306180 92.000000000000000000
0.026327755242568179 0.263613926443278690 92.000000000000000000
0.026305142788885509 0.263151619990447894 92.000000000000000000
0.026282736858777571 0.262683558824844843 92.000000000000000000
0.026260537217898360 0.262209873618143852 93.000000000000000000
0.026238543610903171 0.261730695084307241 93.000000000000000000
0.026216755760348626 0.261246153891666333 93.000000000000000000
0.026195173365658408 0.260756380578377800 93.000000000000000000
0.026173796102155616 0.260261505471214960 93.000000000000000000
0.026152623620162033 0.259761658607613688 95.000000000000000000
0.026131655544164745 0.259256969660933201 95.000000000000000000
0.026110891472050313 0.258747567868863437 95.000000000000000000
0.026090330974406516 0.258233581964907255 95.000000000000000000
0.026069973593891342 0.257715140112892038 96.000000000000000000
0.026049818844669066 0.257192369844438995 96.000000000000000000
0.026029866211912746 0.256665397999314371 96.000000000000000000
0.026010115151372686 0.256134350668622279 96.000000000000000000
0.025990565089009730 0.255599353140745000 96.000000000000000000
0.025971215420692823 0.255060529849979567 96.000000000000000000
0.025952065511959433 0.254518004327802139 97.000000000000000000
0.025933114697837906 0.253971899156685665 97.000000000000000000
0.025914362282730155 0.253422335926410724 97.000000000000000000
0.025895807540353533 0.252869435192792147 97.000000000000000000
0.025877449713740164 0.252313316438771973 97.000000000000000000
0.025859288015292164 0.251754098037780594 97.000000000000000000
0.025841321626891133 0.251191897219325500 97.000000000000000000
0.025823549700060018 0.250626830036733084 98.000000000000000000
0.025805971356175524 0.250059011336968340 98.000000000000000000
0.025788585686729374 0.249488554732477580 98.000000000000000000
0.025771391753636023 0.248915572574979510 101.000000000000000000
0.025754388589585380 0.248340175931150792 108.000000000000000000
0.025737575198437966 0.247762474560133561 116.000000000000000000
0.025720950555660906 0.247182576892802708 123.000000000000000000
0.025704513608802354 0.246600590012738291 128.000000000000000000
0.025688263278002395 0.246016619638839557 129.000000000000000000
0.025672198456538311 0.245430770109511920 129.000000000000000000
0.025656318011402068 0.244843144368388832 129.000000000000000000
0.025640620783907973 0.244253843951510091 130.000000000000000000
0.025625105590328313 0.243662968975919103 130.000000000000000000
0.025609771222555120 0.243070618129611310 130.000000000000000000
0.025594616448785627 0.242476888662788687 130.000000000000000000
0.025579640014229906 0.241881876380371008 130.000000000000000000
0.025564840641838130 0.241285675635701330 130.000000000000000000
0.025550217033046031 0.240688379325415924 130.000000000000000000
0.025535767868536154 0.240090078885415975 131.000000000000000000
0.025521491809013381 0.239490864287899285 131.000000000000000000
0.025507387495992746 0.238890824039413446 131.000000000000000000
0.025493453552597689 0.238290045179881338 131.000000000000000000
0.025479688584367121 0.237688613282560579 131.000000000000000000
0.025466091180069581 0.237086612454887519 131.000000000000000000
0.025452659912522817 0.236484125340189727 131.000000000000000000
0.025439393339417263 0.235881233120202205 132.000000000000000000
0.025426290004141875 0.235278015518363692 132.000000000000000000
0.025413348436610739 0.234674550803865123 132.000000000000000000
0.025400567154089393 0.234070915796403461 132.000000000000000000
0.025387944662019105 0.233467185871609084 132.000000000000000000
0.025375479454838083 0.232863434967131688 132.000000000000000000
0.025363170016798338 0.232259735589326999 132.000000000000000000
0.025351014822777060 0.231656158820547881 133.000000000000000000
0.025339012339081295 0.231052774326976462 133.000000000000000000
0.025327161024245096 0.230449650366999381 133.000000000000000000
0.025315459329817908 0.229846853800081991 133.000000000000000000
0.025303905701143506 0.229244450096126207 133.000000000000000000
0.025292498578128500 0.228642503345277803 133.000000000000000000
0.025281236395999593 0.228041076268172049 134.000000000000000000
0.025270117586048892 0.227440230226584800 134.000000000000000000
0.025259140576366631 0.226840025234470527 134.000000000000000000
0.025248303792560461 0.226240519969362924 134.000000000000000000
0.025237605658461060 0.225641771784133527 134.000000000000000000
0.025227044596813138 0.225043836719057172 134.000000000000000000
0.025216619029951690 0.224446769514200589 134.000000000000000000
0.025206327380462874 0.223850623622086048 135.000000000000000000
0.025196168071829197 0.223255451220635698 135.000000000000000000
0.025186139529058640 0.222661303226370649 135.000000000000000000
0.025176240179297406 0.222068229307831350 135.000000000000000000
0.025166468452426156 0.221476277899235019 135.000000000000000000
0.025156822781639308 0.220885496214327764 135.000000000000000000
0.025147301604007459 0.220295930260436923 136.000000000000000000
0.025137903361022684 0.219707624852684802 136.000000000000000000
0.025128626499126411 0.219120623628376920 136.000000000000000000
0.025119469470220319 0.218534969061528833 136.000000000000000000
0.025110430732159617 0.217950702477533342 136.000000000000000000
0.025101508749229250 0.217367864067944977 136.000000000000000000
0.025092701992602551 0.216786492905373995 136.000000000000000000
0.025084008940782852 0.216206626958479836 137.000000000000000000
0.025075428080027835 0.215628303107049224 137.000000000000000000
0.025066957904756826 0.215051557157145107 137.000000000000000000
0.025058596917941184 0.214476423856320708 137.000000000000000000
0.025050343631477835 0.213902936908888258 137.000000000000000000
0.025042196566546351 0.213331128991222141 137.000000000000000000
0.025034154253949437 0.212761031767104175 137.000000000000000000
0.025026215234437311 0.212192675903078859 138.000000000000000000
0.025018378059016064 0.211626091083835816 138.000000000000000000
0.025010641289240233 0.211061306027578777 138.000000000000000000
0.025003003497489969 0.210498348501405808 138.000000000000000000
0.024995463267232891 0.209937245336663830 138.000000000000000000
0.024988019193271014 0.209378022444288325 138.000000000000000000
0.024980669881972999 0.208820704830103232 138.000000000000000000
0.024973413951491972 0.208265316610098089 139.000000000000000000
0.024966250031969478 0.207711881025644002 139.000000000000000000
0.024959176765725368 0.207160420458670197 139.000000000000000000
0.024952192807434510 0.206610956446768135 139.000000000000000000
0.024945296824290204 0.206063509698242331 139.000000000000000000
0.024938487496154897 0.205518100107081214 139.000000000000000000
0.024931763515698431 0.204974746767847243 139.000000000000000000
0.024925123588524091 0.204433467990486173 140.000000000000000000
0.024918566433282888 0.203894281315048775 140.000000000000000000
0.024912090781776468 0.203357203526306290 140.000000000000000000
0.024905695379048697 0.202822250668273807 140.000000000000000000
0.024899378983466704 0.202289438058624510 140.000000000000000000
0.024893140366791258 0.201758780302991853 140.000000000000000000
0.024886978314237168 0.201230291309155512 141.000000000000000000
0.024880891624523782 0.200703984301108695 141.000000000000000000
0.024874879109916200 0.200179871833002565 141.000000000000000000
0.024868939596257172 0.199657965802959636 141.000000000000000000
0.024863071922990313 0.199138277466754055 141.000000000000000000
0.024857274943174825 0.198620817451364090 141.000000000000000000
0.024851547523492008 0.198105595768377163 141.000000000000000000
0.024845888544244001 0.197592621827256537 142.000000000000000000
0.024840296899344926 0.197081904448467293 142.000000000000000000
0.024834771496304808 0.196573451876448591 142.000000000000000000
0.024829311256206563 0.196067271792442516 142.000000000000000000
0.024823915113676445 0.195563371327164087 142.000000000000000000
0.024818582016847918 0.195061757073322850 142.000000000000000000
0.024813310927319664 0.194562435097984265 142.000000000000000000
0.024808100820107783 0.194065410954778583 143.000000000000000000
0.024802950683592305 0.193570689695942461 143.000000000000000000
0.024797859519458683 0.193078275884207118 143.000000000000000000
0.024792826342634095 0.192588173604517104 143.000000000000000000
0.024787850181219193 0.192100386475594659 143.000000000000000000
0.024782930076415115 0.191614917661331180 143.000000000000000000
0.024778065082446517 0.191131769882017744 143.000000000000000000
0.024773254266480339 0.190650945425410334 144.000000000000000000
0.024768496708540980 0.190172446157626074 144.000000000000000000
0.024763791501421818 0.189696273533876636 144.000000000000000000
0.024759137750593276 0.189222428609030130 147.000000000000000000
0.024754534574107947 0.188750912048010588 147.000000000000000000
0.024749981102502611 0.188281724136027423 147.000000000000000000
0.024745476478697598 0.187814864788639069 147.000000000000000000
0.024741019857893509 0.187350333561648430 148.000000000000000000
0.024736610407465616 0.186888129660833929 148.000000000000000000
0.024732247306856137 0.186428251951516466 148.000000000000000000
0.024727929747464249 0.185970698967952819 148.000000000000000000
0.024723656932534557 0.185515468922576171 148.000000000000000000
0.024719428077043568 0.185062559715063663 148.000000000000000000
0.024715242407584839 0.184611968941242238 148.000000000000000000
0.024711099162252597 0.184163693901839426 148.000000000000000000
0.024706997590524082 0.183717731611060975 148.000000000000000000
0.024702936953140936 0.183274078805017671 149.000000000000000000
0.024698916521989391 0.182832731949992944 149.000000000000000000
0.024694935579979746 0.182393687250544223 149.000000000000000000
0.024690993420924991 0.181956940657457045 149.000000000000000000
0.024687089349418937 0.181522487875541400 149.000000000000000000
0.024683222680713650 0.181090324371272565 149.000000000000000000
0.024679392740596679 0.180660445380280338 149.000000000000000000
0.024675598865267753 0.180232845914686274 149.000000000000000000
0.024671840401215485 0.179807520770296186 149.000000000000000000
0.024668116705093793 0.179384464533640847 149.000000000000000000
0.024664427143598358 0.178963671588870471 150.000000000000000000
0.024660771093343137 0.178545136124506842 150.000000000000000000
0.024657147940736972 0.178128852140055416 150.000000000000000000
0.024653557081860414 0.177714813452466175 150.000000000000000000
0.024649997922342879 0.177303013702467677 150.000000000000000000
0.024646469877240073 0.176893446360758544 150.000000000000000000
0.024642972370911863 0.176486104734061761 150.000000000000000000
0.024639504836900583 0.176080981971044659 150.000000000000000000
0.024636066717810004 0.175678071068114200 150.000000000000000000
0.024632657465184681 0.175277364875072700 150.000000000000000000
0.024629276539390069 0.174878856100651542 151.000000000000000000
0.024625923409493308 0.174482537317917769 151.000000000000000000
0.024622597553144686 0.174088400969554524 151.000000000000000000
0.024619298456459958 0.173696439373020872 151.000000000000000000
0.024616025613903324 0.173306644725590431 151.000000000000000000
0.024612778528171425 0.172919009109269800 151.000000000000000000
0.024609556710078091 0.172533524495603441 151.000000000000000000
0.024606359678440062 0.172150182750362479 151.000000000000000000
0.024603186959963670 0.171768975638117993 151.000000000000000000
0.024600038089132380 0.171389894826707495 151.000000000000000000
0.024596912608095461 0.171012931891591391 152.000000000000000000
0.024593810066557587 0.170638078320097863 152.000000000000000000
0.024590730021669470 0.170265325515568278 152.000000000000000000
0.024587672037919662 0.169894664801397199 152.000000000000000000
0.024584635687027248 0.169526087424971328 152.000000000000000000
0.024581620547835768 0.169159584561503068 152.000000000000000000
0.024578626206208244 0.168795147317776201 152.000000000000000000
0.024575652254923228 0.168432766735789718 152.000000000000000000
0.024572698293572025 0.168072433796305071 152.000000000000000000
0.024569763928457108 0.167714139422309144 152.000000000000000000
0.024566848772491583 0.167357874482375102 153.000000000000000000
0.024563952445099849 0.167003629793946146 153.000000000000000000
0.024561074572119462 0.166651396126524826 153.000000000000000000
0.024558214785704042 0.166301164204778973 153.000000000000000000
0.024555372724227479 0.165952924711565197 153.000000000000000000
0.024552548032189193 0.165606668290868148 153.000000000000000000
0.024549740360120663 0.165262385550660168 153.000000000000000000
0.024546949364493011 0.164920067065685794 153.000000000000000000
0.024544174707625859 0.164579703380160591 153.000000000000000000
0.024541416057597319 0.164241285010405025 153.000000000000000000
0.024538673088155064 0.163904802447399411 154.000000000000000000
0.024535945478628716 0.163570246159264188 154.000000000000000000
0.024533232913843260 0.163237606593674617 154.000000000000000000
0.024530535084033682 0.162906874180203221 154.000000000000000000
0.024527851684760675 0.162578039332594654 154.000000000000000000
0.024525182416827621 0.162251092450977463 154.000000000000000000
0.024522526986198584 0.161926023924005957 154.000000000000000000
0.024519885103917480 0.161602824130942874 154.000000000000000000
0.024517256486028358 0.161281483443678320 154.000000000000000000
0.024514640853496875 0.160961992228690981 154.000000000000000000
0.024512037932132691 0.160644340848945300 155.000000000000000000
0.024509447452513187 0.160328519665734748 155.000000000000000000
0.024506869149908093 0.160014519040469289 155.000000000000000000
0.024504302764205309 0.159702329336403104 155.000000000000000000
0.024501748039837720 0.159391940920312475 155.000000000000000000
0.024499204725711172 0.159083344164122342 155.000000000000000000
0.024496672575133344 0.158776529446476716 155.000000000000000000
0.024494151345743825 0.158471487154261570 155.000000000000000000
0.024491640799445134 0.158168207684078799 155.000000000000000000
0.024489140702334749 0.157866681443673273 156.000000000000000000
0.024486650824638228 0.157566898853313070 156.000000000000000000
0.024484170940643181 0.157268850347117878 156.000000000000000000
0.024481700828634451 0.156972526374354743 156.000000000000000000
0.024479240270830035 0.156677917400682348 156.000000000000000000
0.024476789053318137 0.156385013909352333 156.000000000000000000
0.024474346965995084 0.156093806402375079 156.000000000000000000
0.024471913802504252 0.155804285401639375 156.000000000000000000
0.024469489360175907 0.155516441449999820 157.000000000000000000
0.024467073439967877 0.155230265112316801 157.000000000000000000
0.024464665846407267 0.154945746976468263 157.000000000000000000
0.024462266387533016 0.154662877654316716 157.000000000000000000
0.024459874874839305 0.154381647782649511 157.000000000000000000
0.024457491123219884 0.154102048024079424 157.000000000000000000
0.024455114950913237 0.153824069067909575 157.000000000000000000
0.024452746179448641 0.153547701630972255 158.000000000000000000
0.024450384633593003 0.153272936458430709 158.000000000000000000
0.024448030141298559 0.152999764324549509 158.000000000000000000
0.024445682533651397 0.152728176033438051 158.000000000000000000
0.024443341644820780 0.152458162419763371 158.000000000000000000
0.024441007312009249 0.152189714349433791 158.000000000000000000
0.024438679375403539 0.151922822720253120 158.000000000000000000
0.024436357678126221 0.151657478462549150 159.000000000000000000
0.024434042066188169 0.151393672539778229 159.000000000000000000
0.024431732388441714 0.151131395949098496 159.000000000000000000
0.024429428496534587 0.150870639721923966 159.000000000000000000
0.024427130244864592 0.150611394924448805 159.000000000000000000
0.024424837490534885 0.150353652658150427 159.000000000000000000
0.024422550093310170 0.150097404060271444 159.000000000000000000
0.024420267915573366 0.149842640304276659 160.000000000000000000
0.024417990822283187 0.149589352600286607 160.000000000000000000
0.024415718680932164 0.149337532195494893 160.000000000000000000
0.024413451361505488 0.149087170374560513 160.000000000000000000
0.024411188736440530 0.148838258459981637 160.000000000000000000
0.024408930680586839 0.148590787812449193 160.000000000000000000
0.024406677071166987 0.148344749831185452 160.000000000000000000
0.024404427787737857 0.148100135954255169 161.000000000000000000
0.024402182712152672 0.147856937658870813 161.000000000000000000
0.024399941728523600 0.147615146461670399 161.000000000000000000
0.024397704723184876 0.147374753918982665 161.000000000000000000
0.024395471584656679 0.147135751627075761 162.000000000000000000
0.024393242203609403 0.146898131222390926 162.000000000000000000
0.024391016472828615 0.146661884381758312 162.000000000000000000
0.024388794287180549 0.146427002822598074 162.000000000000000000
0.024386575543578173 0.146193478303109609 163.000000000000000000
0.024384360140947716 0.145961302622444750 163.000000000000000000
0.024382147980195824 0.145730467620864584 163.000000000000000000
0.024379938964177221 0.145500965179892056 163.000000000000000000
0.024377732997662823 0.145272787222436195 163.000000000000000000
0.024375529987308457 0.145045925712922852 164.000000000000000000
0.024373329841624044 0.144820372657396002 164.000000000000000000
0.024371132470943194 0.144596120103618997 164.000000000000000000
0.024368937787393477 0.144373160141158446 164.000000000000000000
0.024366745704866941 0.144151484901458932 165.000000000000000000
0.024364556138991297 0.143931086557908011 165.000000000000000000
0.024362369007101464 0.143711957325890011 166.000000000000000000
0.024360184228211561 0.143494089462827018 166.000000000000000000
0.024358001722987414 0.143277475268215548 166.000000000000000000
0.024355821413719454 0.143062107083649581 166.000000000000000000
0.024353643224296048 0.142847977292837075 166.000000000000000000
0.024351467080177262 0.142635078321604519 166.000000000000000000
0.024349292908369125 0.142423402637896768 166.000000000000000000
0.024347120637398127 0.142212942751767130 167.000000000000000000
0.024344950197286247 0.142003691215356664 167.000000000000000000
0.024342781519526454 0.141795640622871422 167.000000000000000000
0.024340614537058408 0.141588783610546859 167.000000000000000000
0.024338449184244673 0.141383112856607679 167.000000000000000000
0.024336285396847315 0.141178621081222588 167.000000000000000000
0.024334123112004773 0.140975301046445761 168.000000000000000000
0.024331962268209266 0.140773145556162077 168.000000000000000000
0.024329802805284406 0.140572147456013957 168.000000000000000000
0.024327644664363209 0.140372299633334086 168.000000000000000000
0.024325487787866494 0.140173595017061753 168.000000000000000000
0.024323332119481626 0.139976026577661755 168.000000000000000000
0.024321177604141556 0.139779587327034938 168.000000000000000000
0.024319024188004221 0.139584270318419912 169.000000000000000000
0.024316871818432242 0.139390068646296633 169.000000000000000000
0.024314720443972974 0.139196975446279098 169.000000000000000000
0.024312570014338952 0.139004983895008011 169.000000000000000000
0.024310420480388430 0.138814087210035464 169.000000000000000000
0.024308271794106457 0.138624278649706945 169.000000000000000000
0.024306123908586101 0.138435551513038296 169.000000000000000000
0.024303976778010120 0.138247899139591734 170.000000000000000000
0.024301830357632715 0.138061314909343286 170.000000000000000000
0.024299684603761786 0.137875792242549700 170.000000000000000000
0.024297539473741293 0.137691324599611781 170.000000000000000000
0.024295394925934070 0.137507905480933668 170.000000000000000000
0.024293250919704745 0.137325528426777088 170.000000000000000000
0.024291107415403045 0.137144187017117974 170.000000000000000000
0.024288964374347299 0.136963874871493141 171.000000000000000000
0.024286821758808235 0.136784585648848850 171.000000000000000000
0.024284679531993040 0.136606313047385491 171.000000000000000000
0.024282537658029624 0.136429050804399710 171.000000000000000000
0.024280396101951228 0.136252792696123337 171.000000000000000000
0.024278254829681101 0.136077532537561802 171.000000000000000000
0.024276113808017700 0.135903264182327066 172.000000000000000000
0.024273973004619753 0.135729981522472842 172.000000000000000000
0.024271832387991951 0.135557678488323147 172.000000000000000000
0.024269691927470517 0.135386349048303933 172.000000000000000000
0.024267551593209247 0.135215987208766236 172.000000000000000000
0.024265411356165684 0.135046587013815889 172.000000000000000000
0.024263271188087448 0.134878142545135166 172.000000000000000000
0.024261131061498895 0.134710647921804261 173.000000000000000000
0.024258990949687885 0.134544097300123955 173.000000000000000000
0.024256850826692891 0.134378484873434373 173.000000000000000000
0.024254710667290104 0.134213804871933157 173.000000000000000000
0.024252570446980943 0.134050051562491640 173.000000000000000000
0.024250430141979671 0.133887219248472022 173.000000000000000000
0.024248289729201174 0.133725302269541019 173.000000000000000000
0.024246149186249028 0.133564295001485950 174.000000000000000000
0.024244008491403634 0.133404191856024673 174.000000000000000000
0.024241867623610643 0.133244987280621091 174.000000000000000000
0.024239726562469501 0.133086675758292722 174.000000000000000000
0.024237585288222199 0.132929251807424764 174.000000000000000000
0.024235443781742205 0.132772709981580417 174.000000000000000000
0.024233302024523517 0.132617044869305034 174.000000000000000000
0.024231159998669979 0.132462251093943661 175.000000000000000000
0.024229017686884690 0.132308323313442139 175.000000000000000000
0.024226875072459568 0.132155256220158945 175.000000000000000000
0.024224732139265168 0.132003044540674019 175.000000000000000000
0.024222588871740548 0.131851683035591749 175.000000000000000000
0.024220445254883403 0.131701166499355038 175.000000000000000000
0.024218301274240212 0.131551489760045021 176.000000000000000000
0.024216156915896743 0.131402647679193990 176.000000000000000000
0.024214012166468457 0.131254635151589832 176.000000000000000000
0.024211867013091286 0.131107447105081987 176.000000000000000000
0.024209721443412418 0.130961078500389572 176.000000000000000000
0.024207575445581268 0.130815524330909733 176.000000000000000000
0.024205429008240600 0.130670779622521827 176.000000000000000000
0.024203282120517783 0.130526839433394548 177.000000000000000000
