Residual Convergence speed Computational time
0.12567346 0.22520372 1.00000000
0.12562190 0.21044779 2.00000000
0.12554327 0.19549261 2.00000000
0.12545253 0.18523658 2.00000000
0.12535753 0.18321753 2.00000000
0.12526148 0.19098403 3.00000000
0.12516467 0.20800919 3.00000000
0.12506571 0.23259302 3.00000000
0.12496221 0.26294337 3.00000000
0.12485116 0.29770931 4.00000000
0.12472914 0.33604133 4.00000000
0.12459238 0.37747604 4.00000000
0.12443671 0.42180641 4.00000000
0.12425756 0.46898120 5.00000000
0.12404985 0.51903384 5.00000000
0.12380791 0.57203167 6.00000000
0.12352542 0.62803720 6.00000000
0.12319534 0.68707558 6.00000000
0.12280987 0.74910463 7.00000000
0.12236045 0.81398560 7.00000000
0.12183782 0.88145390 7.00000000
0.12123213 0.95109075 7.00000000
0.12053320 1.02229763 8.00000000
0.11973084 1.09427709 8.00000000
0.11881531 1.16602424 8.00000000
0.11777788 1.23633425 8.00000000
0.11661159 1.30383050 8.00000000
0.11531198 1.36701671 9.00000000
0.11387790 1.42435291 9.00000000
0.11231216 1.47435089 9.00000000
0.11062214 1.51567978 9.00000000
0.10881993 1.54726917 10.00000000
0.10692224 1.56839510 10.00000000
0.10494985 1.57873666 10.00000000
0.10292664 1.57839509 10.00000000
0.10087827 1.56787365 10.00000000
0.09883073 1.54802288 11.00000000
0.09680882 1.51996106 11.00000000
0.09483480 1.48498220 11.00000000
0.09292740 1.44446421 11.00000000
0.09110117 1.39978740 12.00000000
0.08936631 1.35226958 12.00000000
0.08772889 1.30312002 12.00000000
0.08619129 1.25341043 12.00000000
0.08475281 1.20405964 13.00000000
0.08341047 1.15582783 13.00000000
0.08215958 1.10931719 13.00000000
0.08099441 1.06497695 13.00000000
0.07990870 1.02311194 13.00000000
0.07889601 0.98389458 14.00000000
0.07795004 0.94737994 14.00000000
0.07706485 0.91352377 14.00000000
0.07623492 0.88220245 14.00000000
0.07545524 0.85323389 15.00000000
0.07472135 0.82639792 15.00000000
0.07402930 0.80145509 15.00000000
0.07337560 0.77816258 15.00000000
0.07275720 0.75628678 16.00000000
0.07217142 0.73561216 16.00000000
0.07161591 0.71594672 16.00000000
0.07108861 0.69712460 16.00000000
0.07058767 0.67900633 17.00000000
0.07011146 0.66147770 17.00000000
0.06965850 0.64444772 17.00000000
0.06922747 0.62784619 17.00000000
0.06881713 0.61162109 17.00000000
0.06842637 0.59573613 18.00000000
0.06805414 0.58016830 18.00000000
0.06769947 0.56490563 18.00000000
0.06736145 0.54994502 18.00000000
0.06703921 0.53529027 19.00000000
0.06673193 0.52095023 19.00000000
0.06643884 0.50693716 19.00000000
0.06615920 0.49326535 19.00000000
0.06589230 0.47994987 20.00000000
0.06563745 0.46700567 20.00000000
0.06539401 0.45444684 20.00000000
0.06516136 0.44228607 20.00000000
0.06493892 0.43053426 20.00000000
0.06472610 0.41920038 21.00000000
0.06452239 0.40829128 21.00000000
0.06432725 0.39781170 21.00000000
0.06414022 0.38776434 21.00000000
0.06396081 0.37814995 22.00000000
0.06378859 0.36896743 22.00000000
0.06362315 0.36021403 22.00000000
0.06346409 0.35188548 22.00000000
0.06331104 0.34397620 23.00000000
0.06316363 0.33647947 23.00000000
0.06302155 0.32938760 23.00000000
0.06288447 0.32269207 23.00000000
0.06275210 0.31638373 23.00000000
0.06262416 0.31045291 24.00000000
0.06250038 0.30488958 24.00000000
0.06238052 0.29968343 24.00000000
0.06226434 0.29482402 24.00000000
0.06215163 0.29030083 25.00000000
0.06204217 0.28610337 25.00000000
0.06193577 0.28222125 25.00000000
0.06183225 0.27864423 25.00000000
0.06173142 0.27536229 26.00000000
0.06163314 0.27236567 26.00000000
0.06153723 0.26964487 26.00000000
0.06144356 0.26719074 26.00000000
0.06135199 0.26499447 26.00000000
0.06126238 0.26304763 27.00000000
0.06117461 0.26134215 27.00000000
0.06108857 0.25987036 27.00000000
0.06100414 0.25862501 27.00000000
0.06092121 0.25759922 28.00000000
0.06083969 0.25678653 28.00000000
0.06075947 0.25618090 28.00000000
0.06068047 0.25577667 28.00000000
0.06060259 0.25556857 29.00000000
0.06052576 0.25555175 29.00000000
0.06044988 0.25572171 29.00000000
0.06037488 0.25607433 29.00000000
0.06030068 0.25660587 29.00000000
0.06022722 0.25731290 30.00000000
0.06015441 0.25819237 30.00000000
0.06008220 0.25924153 30.00000000
0.06001050 0.26045795 30.00000000
0.05993927 0.26183948 31.00000000
0.05986842 0.26338426 31.00000000
0.05979790 0.26509071 31.00000000
0.05972765 0.26695748 31.00000000
0.05965759 0.26898343 32.00000000
0.05958768 0.27116765 32.00000000
0.05951785 0.27350941 32.00000000
0.05944804 0.27600815 32.00000000
0.05937819 0.27866343 32.00000000
0.05930823 0.28147495 33.00000000
0.05923812 0.28444245 33.00000000
0.05916778 0.28756577 33.00000000
0.05909715 0.29084475 33.00000000
0.05902618 0.29427920 34.00000000
0.05895480 0.29786891 34.00000000
0.05888295 0.30161356 34.00000000
0.05881056 0.30551267 34.00000000
0.05873757 0.30956561 35.00000000
0.05866391 0.31377150 35.00000000
0.05858952 0.31812917 35.00000000
0.05851434 0.32263709 35.00000000
0.05843829 0.32729336 36.00000000
0.05836131 0.33209559 36.00000000
0.05828332 0.33704086 36.00000000
0.05820427 0.34212568 36.00000000
0.05812407 0.34734589 36.00000000
0.05804267 0.35269662 37.00000000
0.05795999 0.35817223 37.00000000
0.05787597 0.36376623 37.00000000
0.05779054 0.36947127 37.00000000
0.05770363 0.37527908 38.00000000
0.05761519 0.38118043 38.00000000
0.05752514 0.38716511 38.00000000
0.05743343 0.39322195 38.00000000
0.05734000 0.39933883 38.00000000
0.05724481 0.40550268 39.00000000
0.05714780 0.41169957 39.00000000
0.05704894 0.41791477 39.00000000
0.05694817 0.42413287 39.00000000
0.05684548 0.43033787 40.00000000
0.05674084 0.43651337 40.00000000
0.05663422 0.44264271 40.00000000
0.05652562 0.44870917 40.00000000
0.05641503 0.45469618 41.00000000
0.05630245 0.46058754 41.00000000
0.05618789 0.46636766 41.00000000
0.05607136 0.47202174 41.00000000
0.05595290 0.47753606 41.00000000
0.05583251 0.48289812 42.00000000
0.05571025 0.48809689 42.00000000
0.05558615 0.49312294 42.00000000
0.05546024 0.49796859 42.00000000
0.05533258 0.50262803 43.00000000
0.05520322 0.50709735 43.00000000
0.05507220 0.51137459 43.00000000
0.05493957 0.51545975 43.00000000
0.05480538 0.51935468 44.00000000
0.05466967 0.52306303 44.00000000
0.05453250 0.52659014 44.00000000
0.05439390 0.52994286 44.00000000
0.05425390 0.53312937 44.00000000
0.05411254 0.53615901 45.00000000
0.05396985 0.53904208 45.00000000
0.05382584 0.54178957 45.00000000
0.05368054 0.54441302 45.00000000
0.05353395 0.54692425 46.00000000
0.05338607 0.54933515 46.00000000
0.05323692 0.55165757 46.00000000
0.05308649 0.55390302 46.00000000
0.05293476 0.55608262 47.00000000
0.05278172 0.55820690 47.00000000
0.05262737 0.56028568 47.00000000
0.05247169 0.56232802 47.00000000
0.05231465 0.56434210 47.00000000
0.05215624 0.56633518 48.00000000
0.05199643 0.56831355 48.00000000
0.05183522 0.57028256 48.00000000
0.05167257 0.57224657 48.00000000
0.05150848 0.57420898 49.00000000
0.05134292 0.57617227 49.00000000
0.05117588 0.57813803 49.00000000
0.05100735 0.58010704 49.00000000
0.05083732 0.58207927 50.00000000
0.05066579 0.58405399 50.00000000
0.05049274 0.58602986 50.00000000
0.05031819 0.58800493 50.00000000
0.05014213 0.58997680 50.00000000
0.04996456 0.59194263 51.00000000
0.04978550 0.59389926 51.00000000
0.04960495 0.59584329 51.00000000
0.04942293 0.59777113 51.00000000
0.04923943 0.59967907 52.00000000
0.04905449 0.60156341 52.00000000
0.04886812 0.60342046 52.00000000
0.04868032 0.60524665 52.00000000
0.04849112 0.60703860 53.00000000
0.04830053 0.60879313 53.00000000
0.04810857 0.61050739 53.00000000
0.04791525 0.61217884 53.00000000
0.04772057 0.61380538 53.00000000
0.04752456 0.61538530 54.00000000
0.04732721 0.61691742 54.00000000
0.04712853 0.61840104 54.00000000
0.04692852 0.61983605 54.00000000
0.04672718 0.62122289 55.00000000
0.04652449 0.62256261 55.00000000
0.04632045 0.62385688 55.00000000
0.04611503 0.62510801 55.00000000
0.04590821 0.62631892 56.00000000
0.04569997 0.62749319 56.00000000
0.04549025 0.62863500 56.00000000
0.04527903 0.62974914 56.00000000
0.04506624 0.63084102 56.00000000
0.04485184 0.63191658 57.00000000
0.04463575 0.63298228 57.00000000
0.04441790 0.63404506 57.00000000
0.04419822 0.63511229 57.00000000
0.04397660 0.63619166 58.00000000
0.04375297 0.63729118 58.00000000
0.04352721 0.63841903 58.00000000
0.04329921 0.63958350 58.00000000
0.04306885 0.64079290 59.00000000
0.04283603 0.64205541 59.00000000
0.04260059 0.64337900 59.00000000
0.04236242 0.64477124 59.00000000
0.04212138 0.64623924 59.00000000
0.04187732 0.64778945 60.00000000
0.04163010 0.64942752 60.00000000
0.04137960 0.65115814 60.00000000
0.04112566 0.65298489 60.00000000
0.04086815 0.65491008 61.00000000
0.04060693 0.65693460 61.00000000
0.04034189 0.65905774 61.00000000
0.04007290 0.66127710 61.00000000
0.03979985 0.66358847 62.00000000
0.03952266 0.66598566 62.00000000
0.03924122 0.66846054 62.00000000
0.03895548 0.67100288 62.00000000
0.03866538 0.67360044 62.00000000
0.03837088 0.67623895 63.00000000
0.03807197 0.67890219 63.00000000
0.03776863 0.68157214 63.00000000
0.03746091 0.68422912 63.00000000
0.03714882 0.68685200 64.00000000
0.03683244 0.68941849 64.00000000
0.03651185 0.69190538 64.00000000
0.03618713 0.69428892 64.00000000
0.03585842 0.69654513 65.00000000
0.03552584 0.69865019 65.00000000
0.03518954 0.70058080 65.00000000
0.03484970 0.70231456 65.00000000
0.03450647 0.70383028 65.00000000
0.03416006 0.70510836 66.00000000
0.03381067 0.70613103 66.00000000
0.03345848 0.70688260 66.00000000
0.03310372 0.70734967 66.00000000
0.03274659 0.70752127 67.00000000
0.03238731 0.70738892 67.00000000
0.03202608 0.70694665 67.00000000
0.03166313 0.70619102 67.00000000
0.03129864 0.70512100 68.00000000
0.03093284 0.70373788 68.00000000
0.03056590 0.70204510 68.00000000
0.03019804 0.70004809 68.00000000
0.02982941 0.69775403 68.00000000
0.02946022 0.69517170 69.00000000
0.02909061 0.69231119 69.00000000
0.02872076 0.68918373 69.00000000
0.02835083 0.68580146 69.00000000
0.02798097 0.68217724 70.00000000
0.02761131 0.67832443 70.00000000
0.02724201 0.67425675 70.00000000
0.02687320 0.66998813 70.00000000
0.02650502 0.66553254 71.00000000
0.02613760 0.66090392 71.00000000
0.02577107 0.65611603 71.00000000
0.02540557 0.65118243 71.00000000
0.02504123 0.64611637 71.00000000
0.02467818 0.64093077 72.00000000
0.02431656 0.63563817 72.00000000
0.02395651 0.63025071 72.00000000
0.02359816 0.62478015 72.00000000
0.02324168 0.61923782 73.00000000
0.02288720 0.61363466 73.00000000
0.02253487 0.60798122 73.00000000
0.02218486 0.60228767 73.00000000
0.02183731 0.59656385 74.00000000
0.02149240 0.59081922 74.00000000
0.02115029 0.58506295 74.00000000
0.02081113 0.57930390 74.00000000
0.02047511 0.57355060 75.00000000
0.02014237 0.56781132 75.00000000
0.01981310 0.56209402 75.00000000
0.01948744 0.55640637 75.00000000
0.01916557 0.55075571 75.00000000
0.01884764 0.54514903 76.00000000
0.01853379 0.53959295 76.00000000
0.01822416 0.53409371 76.00000000
0.01791890 0.52865709 76.00000000
0.01761813 0.52328836 77.00000000
0.01732195 0.51799231 77.00000000
0.01703048 0.51277314 77.00000000
0.01674380 0.50763445 77.00000000
0.01646199 0.50257923 78.00000000
0.01618512 0.49760984 78.00000000
0.01591323 0.49272798 79.00000000
0.01564637 0.48793472 79.00000000
0.01538456 0.48323050 79.00000000
0.01512780 0.47861519 79.00000000
0.01487611 0.47408808 80.00000000
0.01462947 0.46964799 80.00000000
0.01438784 0.46529327 80.00000000
0.01415121 0.46102188 80.00000000
0.01391951 0.45683147 81.00000000
0.01369271 0.45271942 81.00000000
0.01347074 0.44868293 81.00000000
0.01325353 0.44471904 81.00000000
0.01304101 0.44082473 81.00000000
0.01283310 0.43699693 82.00000000
0.01262972 0.43323259 82.00000000
0.01243079 0.42952871 82.00000000
0.01223621 0.42588238 82.00000000
0.01204589 0.42229079 83.00000000
0.01185976 0.41875126 83.00000000
0.01167770 0.41526126 83.00000000
0.01149964 0.41181841 83.00000000
0.01132547 0.40842047 84.00000000
0.01115511 0.40506540 84.00000000
0.01098846 0.40175128 84.00000000
0.01082545 0.39847638 84.00000000
0.01066597 0.39523910 85.00000000
0.01050994 0.39203801 85.00000000
0.01035727 0.38887179 85.00000000
0.01020789 0.38573928 85.00000000
0.01006171 0.38263943 85.00000000
0.00991864 0.37957130 86.00000000
0.00977862 0.37653406 86.00000000
0.00964156 0.37352697 86.00000000
0.00950739 0.37054938 86.00000000
0.00937604 0.36760071 87.00000000
0.00924744 0.36468048 87.00000000
0.00912151 0.36178824 87.00000000
0.00899820 0.35892361 87.00000000
0.00887743 0.35608625 88.00000000
0.00875914 0.35327587 88.00000000
0.00864327 0.35049222 88.00000000
0.00852976 0.34773508 88.00000000
0.00841855 0.34500425 88.00000000
0.00830959 0.34229957 89.00000000
0.00820282 0.33962086 89.00000000
0.00809818 0.33696801 89.00000000
0.00799562 0.33434087 89.00000000
0.00789510 0.33173934 90.00000000
0.00779656 0.32916330 90.00000000
0.00769995 0.32661265 90.00000000
0.00760523 0.32408729 90.00000000
0.00751235 0.32158711 91.00000000
0.00742127 0.31911201 91.00000000
0.00733194 0.31666188 91.00000000
0.00724433 0.31423663 91.00000000
0.00715838 0.31183614 92.00000000
0.00707407 0.30946029 92.00000000
0.00699134 0.30710898 92.00000000
0.00691017 0.30478208 92.00000000
0.00683052 0.30247946 92.00000000
0.00675235 0.30020098 93.00000000
0.00667563 0.29794651 93.00000000
0.00660032 0.29571591 93.00000000
0.00652639 0.29350902 93.00000000
0.00645381 0.29132568 94.00000000
0.00638254 0.28916575 94.00000000
0.00631256 0.28702905 94.00000000
0.00624384 0.28491540 94.00000000
0.00617634 0.28282464 95.00000000
0.00611004 0.28075659 95.00000000
0.00604492 0.27871105 95.00000000
0.00598093 0.27668785 95.00000000
0.00591807 0.27468677 96.00000000
0.00585630 0.27270764 96.00000000
0.00579560 0.27075025 96.00000000
0.00573595 0.26881440 96.00000000
0.00567732 0.26689988 96.00000000
0.00561968 0.26500648 97.00000000
0.00556303 0.26313399 97.00000000
0.00550733 0.26128221 97.00000000
0.00545256 0.25945091 97.00000000
0.00539870 0.25763988 98.00000000
0.00534574 0.25584891 98.00000000
0.00529366 0.25407778 98.00000000
0.00524242 0.25232626 98.00000000
0.00519203 0.25059415 99.00000000
0.00514245 0.24888121 99.00000000
0.00509367 0.24718723 99.00000000
0.00504568 0.24551200 99.00000000
0.00499846 0.24385529 100.00000000
0.00495198 0.24221689 100.00000000
0.00490624 0.24059657 100.00000000
0.00486122 0.23899411 100.00000000
0.00481690 0.23740931 100.00000000
0.00477328 0.23584195 101.00000000
0.00473033 0.23429181 101.00000000
0.00468803 0.23275867 101.00000000
0.00464639 0.23124233 101.00000000
0.00460538 0.22974258 102.00000000
0.00456500 0.22825920 102.00000000
0.00452522 0.22679199 102.00000000
0.00448604 0.22534074 102.00000000
0.00444744 0.22390525 103.00000000
0.00440941 0.22248531 103.00000000
0.00437195 0.22108073 103.00000000
0.00433503 0.21969131 103.00000000
0.00429866 0.21831684 103.00000000
0.00426281 0.21695713 104.00000000
0.00422748 0.21561200 104.00000000
0.00419266 0.21428124 104.00000000
0.00415833 0.21296468 104.00000000
0.00412450 0.21166212 105.00000000
0.00409114 0.21037338 105.00000000
0.00405825 0.20909827 105.00000000
0.00402583 0.20783662 105.00000000
0.00399385 0.20658825 106.00000000
0.00396232 0.20535299 106.00000000
0.00393122 0.20413065 106.00000000
0.00390055 0.20292107 106.00000000
0.00387030 0.20172407 106.00000000
0.00384046 0.20053950 107.00000000
0.00381102 0.19936718 107.00000000
0.00378197 0.19820695 108.00000000
0.00375332 0.19705865 108.00000000
0.00372505 0.19592213 109.00000000
0.00369715 0.19479722 109.00000000
0.00366961 0.19368378 109.00000000
0.00364244 0.19258165 109.00000000
0.00361563 0.19149067 110.00000000
0.00358916 0.19041071 110.00000000
0.00356303 0.18934161 110.00000000
0.00353724 0.18828323 110.00000000
0.00351178 0.18723544 111.00000000
0.00348664 0.18619808 111.00000000
0.00346182 0.18517103 111.00000000
0.00343731 0.18415415 111.00000000
0.00341311 0.18314729 111.00000000
0.00338921 0.18215034 112.00000000
0.00336561 0.18116316 112.00000000
0.00334229 0.18018562 112.00000000
0.00331927 0.17921760 112.00000000
0.00329653 0.17825897 113.00000000
0.00327406 0.17730961 113.00000000
0.00325187 0.17636940 113.00000000
0.00322994 0.17543822 113.00000000
0.00320828 0.17451595 114.00000000
0.00318687 0.17360248 114.00000000
0.00316572 0.17269770 114.00000000
0.00314482 0.17180148 114.00000000
0.00312417 0.17091373 115.00000000
0.00310375 0.17003433 115.00000000
0.00308358 0.16916317 115.00000000
0.00306364 0.16830015 115.00000000
0.00304393 0.16744518 115.00000000
0.00302445 0.16659813 116.00000000
0.00300519 0.16575892 116.00000000
0.00298615 0.16492744 116.00000000
0.00296732 0.16410359 116.00000000
0.00294871 0.16328729 117.00000000
0.00293031 0.16247842 117.00000000
0.00291211 0.16167691 117.00000000
0.00289412 0.16088266 117.00000000
0.00287632 0.16009558 118.00000000
0.00285872 0.15931557 118.00000000
0.00284132 0.15854256 118.00000000
0.00282410 0.15777645 118.00000000
0.00280708 0.15701716 118.00000000
0.00279024 0.15626460 119.00000000
0.00277357 0.15551869 119.00000000
0.00275709 0.15477935 119.00000000
0.00274079 0.15404650 119.00000000
0.00272466 0.15332006 120.00000000
0.00270870 0.15259996 120.00000000
0.00269290 0.15188610 120.00000000
0.00267728 0.15117843 120.00000000
0.00266182 0.15047686 121.00000000
0.00264651 0.14978132 121.00000000
0.00263137 0.14909174 121.00000000
0.00261639 0.14840804 121.00000000
0.00260155 0.14773017 121.00000000
0.00258687 0.14705804 122.00000000
0.00257235 0.14639158 122.00000000
0.00255796 0.14573074 122.00000000
0.00254373 0.14507545 122.00000000
0.00252963 0.14442563 123.00000000
0.00251568 0.14378123 123.00000000
0.00250187 0.14314218 123.00000000
0.00248819 0.14250842 123.00000000
0.00247465 0.14187989 124.00000000
0.00246125 0.14125652 124.00000000
0.00244797 0.14063826 124.00000000
0.00243483 0.14002505 124.00000000
0.00242181 0.13941683 124.00000000
0.00240892 0.13881354 125.00000000
0.00239616 0.13821512 125.00000000
0.00238352 0.13762153 125.00000000
0.00237099 0.13703270 125.00000000
0.00235859 0.13644858 126.00000000
0.00234631 0.13586912 126.00000000
0.00233414 0.13529427 126.00000000
0.00232209 0.13472396 126.00000000
0.00231015 0.13415816 127.00000000
0.00229832 0.13359681 127.00000000
0.00228661 0.13303987 127.00000000
0.00227500 0.13248727 127.00000000
0.00226350 0.13193898 127.00000000
0.00225210 0.13139495 128.00000000
0.00224081 0.13085512 128.00000000
0.00222962 0.13031946 128.00000000
0.00221854 0.12978792 128.00000000
0.00220755 0.12926045 129.00000000
0.00219667 0.12873701 129.00000000
0.00218588 0.12821755 129.00000000
0.00217519 0.12770203 129.00000000
0.00216460 0.12719041 130.00000000
0.00215410 0.12668265 130.00000000
0.00214369 0.12617870 130.00000000
0.00213337 0.12567853 130.00000000
0.00212315 0.12518209 130.00000000
0.00211301 0.12468934 131.00000000
0.00210297 0.12420025 131.00000000
0.00209301 0.12371478 131.00000000
0.00208313 0.12323288 131.00000000
0.00207335 0.12275452 132.00000000
0.00206364 0.12227967 132.00000000
0.00205402 0.12180828 132.00000000
0.00204449 0.12134032 132.00000000
0.00203503 0.12087575 133.00000000
0.00202565 0.12041454 133.00000000
0.00201636 0.11995666 133.00000000
0.00200714 0.11950207 133.00000000
0.00199799 0.11905073 133.00000000
0.00198893 0.11860261 134.00000000
0.00197994 0.11815769 134.00000000
0.00197102 0.11771592 134.00000000
0.00196218 0.11727727 134.00000000
0.00195341 0.11684172 135.00000000
0.00194472 0.11640923 135.00000000
0.00193609 0.11597977 135.00000000
0.00192754 0.11555330 135.00000000
0.00191905 0.11512981 136.00000000
0.00191064 0.11470926 136.00000000
0.00190229 0.11429162 136.00000000
0.00189400 0.11387686 136.00000000
0.00188579 0.11346496 136.00000000
0.00187764 0.11305588 137.00000000
0.00186955 0.11264959 137.00000000
0.00186153 0.11224608 137.00000000
0.00185358 0.11184531 137.00000000
0.00184568 0.11144725 138.00000000
0.00183785 0.11105188 138.00000000
0.00183008 0.11065918 138.00000000
0.00182237 0.11026911 138.00000000
0.00181471 0.10988165 139.00000000
0.00180712 0.10949678 139.00000000
0.00179959 0.10911447 139.00000000
0.00179211 0.10873470 139.00000000
0.00178470 0.10835744 139.00000000
0.00177733 0.10798267 140.00000000
0.00177003 0.10761036 140.00000000
0.00176278 0.10724049 140.00000000
0.00175558 0.10687304 140.00000000
0.00174844 0.10650799 141.00000000
0.00174136 0.10614531 141.00000000
0.00173432 0.10578498 141.00000000
0.00172734 0.10542698 141.00000000
0.00172041 0.10507128 142.00000000
0.00171353 0.10471787 142.00000000
0.00170671 0.10436673 142.00000000
0.00169993 0.10401783 142.00000000
0.00169320 0.10367114 142.00000000
0.00168652 0.10332667 143.00000000
0.00167989 0.10298437 143.00000000
0.00167331 0.10264423 143.00000000
0.00166678 0.10230624 143.00000000
0.00166029 0.10197036 144.00000000
0.00165385 0.10163659 144.00000000
0.00164746 0.10130491 144.00000000
0.00164111 0.10097529 144.00000000
0.00163481 0.10064771 145.00000000
0.00162855 0.10032217 145.00000000
0.00162234 0.09999863 145.00000000
0.00161617 0.09967709 145.00000000
0.00161005 0.09935751 145.00000000
0.00160396 0.09903990 146.00000000
0.00159792 0.09872422 146.00000000
0.00159193 0.09841047 146.00000000
0.00158597 0.09809862 146.00000000
0.00158006 0.09778866 147.00000000
0.00157418 0.09748057 147.00000000
0.00156835 0.09717434 147.00000000
0.00156256 0.09686994 147.00000000
0.00155680 0.09656737 148.00000000
0.00155109 0.09626660 148.00000000
0.00154541 0.09596763 148.00000000
0.00153978 0.09567043 148.00000000
0.00153418 0.09537499 149.00000000
0.00152862 0.09508130 149.00000000
0.00152310 0.09478933 149.00000000
0.00151761 0.09449909 149.00000000
0.00151216 0.09421054 150.00000000
0.00150675 0.09392368 150.00000000
0.00150137 0.09363849 150.00000000
0.00149603 0.09335496 150.00000000
0.00149072 0.09307308 150.00000000
0.00148545 0.09279282 151.00000000
0.00148022 0.09251418 151.00000000
0.00147502 0.09223714 151.00000000
0.00146985 0.09196170 151.00000000
0.00146471 0.09168782 152.00000000
0.00145961 0.09141551 152.00000000
0.00145455 0.09114476 152.00000000
0.00144951 0.09087553 152.00000000
0.00144451 0.09060784 153.00000000
0.00143954 0.09034165 153.00000000
0.00143460 0.09007696 153.00000000
0.00142969 0.08981377 153.00000000
0.00142482 0.08955204 153.00000000
0.00141997 0.08929178 154.00000000
0.00141516 0.08903297 154.00000000
0.00141038 0.08877560 154.00000000
0.00140562 0.08851965 154.00000000
0.00140090 0.08826513 155.00000000
0.00139621 0.08801200 155.00000000
0.00139154 0.08776027 155.00000000
0.00138691 0.08750993 155.00000000
0.00138230 0.08726095 156.00000000
0.00137772 0.08701333 156.00000000
0.00137317 0.08676706 156.00000000
0.00136865 0.08652214 156.00000000
0.00136416 0.08627853 156.00000000
0.00135969 0.08603625 157.00000000
0.00135525 0.08579527 157.00000000
0.00135084 0.08555559 157.00000000
0.00134645 0.08531720 157.00000000
0.00134210 0.08508008 158.00000000
0.00133776 0.08484423 158.00000000
0.00133346 0.08460964 158.00000000
0.00132918 0.08437629 158.00000000
0.00132492 0.08414418 159.00000000
0.00132069 0.08391330 159.00000000
0.00131649 0.08368364 159.00000000
0.00131231 0.08345518 159.00000000
0.00130816 0.08322792 159.00000000
0.00130403 0.08300186 160.00000000
0.00129992 0.08277697 160.00000000
0.00129584 0.08255326 160.00000000
0.00129178 0.08233071 160.00000000
0.00128775 0.08210932 161.00000000
0.00128374 0.08188907 161.00000000
0.00127976 0.08166996 161.00000000
0.00127579 0.08145197 161.00000000
0.00127185 0.08123511 162.00000000
0.00126793 0.08101935 162.00000000
0.00126404 0.08080470 162.00000000
0.00126017 0.08059115 162.00000000
0.00125632 0.08037868 162.00000000
0.00125249 0.08016729 163.00000000
0.00124868 0.07995697 163.00000000
0.00124490 0.07974772 163.00000000
0.00124114 0.07953952 163.00000000
0.00123739 0.07933236 164.00000000
0.00123367 0.07912625 164.00000000
0.00122997 0.07892116 164.00000000
0.00122629 0.07871711 164.00000000
0.00122264 0.07851406 165.00000000
0.00121900 0.07831203 165.00000000
0.00121538 0.07811100 165.00000000
0.00121178 0.07791096 165.00000000
0.00120821 0.07771191 166.00000000
0.00120465 0.07751385 166.00000000
0.00120111 0.07731675 166.00000000
0.00119759 0.07712062 166.00000000
0.00119409 0.07692545 167.00000000
0.00119061 0.07673124 167.00000000
0.00118715 0.07653796 168.00000000
0.00118371 0.07634563 168.00000000
0.00118028 0.07615423 169.00000000
0.00117688 0.07596376 169.00000000
0.00117349 0.07577420 170.00000000
0.00117013 0.07558556 170.00000000
0.00116678 0.07539782 170.00000000
0.00116344 0.07521099 170.00000000
0.00116013 0.07502504 171.00000000
0.00115683 0.07483999 171.00000000
0.00115355 0.07465581 171.00000000
0.00115029 0.07447251 171.00000000
0.00114705 0.07429008 172.00000000
0.00114382 0.07410851 172.00000000
0.00114061 0.07392780 172.00000000
0.00113742 0.07374793 172.00000000
0.00113424 0.07356892 173.00000000
0.00113108 0.07339074 173.00000000
0.00112794 0.07321340 173.00000000
0.00112481 0.07303688 173.00000000
0.00112170 0.07286119 173.00000000
0.00111861 0.07268631 174.00000000
0.00111553 0.07251224 174.00000000
0.00111247 0.07233898 174.00000000
0.00110942 0.07216652 174.00000000
0.00110639 0.07199485 175.00000000
0.00110338 0.07182397 175.00000000
0.00110038 0.07165387 175.00000000
0.00109739 0.07148456 175.00000000
0.00109443 0.07131601 176.00000000
0.00109147 0.07114824 176.00000000
0.00108853 0.07098123 176.00000000
0.00108561 0.07081497 176.00000000
0.00108270 0.07064947 176.00000000
0.00107981 0.07048472 177.00000000
0.00107693 0.07032071 177.00000000
0.00107406 0.07015743 177.00000000
0.00107121 0.06999489 177.00000000
0.00106837 0.06983308 178.00000000
0.00106555 0.06967199 178.00000000
0.00106274 0.06951162 178.00000000
0.00105995 0.06935197 178.00000000
0.00105716 0.06919302 179.00000000
0.00105440 0.06903478 179.00000000
0.00105164 0.06887724 179.00000000
0.00104890 0.06872039 179.00000000
0.00104618 0.06856423 179.00000000
0.00104346 0.06840877 180.00000000
0.00104076 0.06825398 180.00000000
0.00103808 0.06809987 180.00000000
0.00103540 0.06794643 180.00000000
0.00103274 0.06779367 181.00000000
0.00103010 0.06764157 181.00000000
0.00102746 0.06749013 181.00000000
0.00102484 0.06733934 181.00000000
0.00102223 0.06718921 182.00000000
0.00101963 0.06703972 182.00000000
0.00101705 0.06689088 182.00000000
0.00101447 0.06674268 182.00000000
0.00101191 0.06659512 182.00000000
0.00100937 0.06644818 183.00000000
0.00100683 0.06630188 183.00000000
0.00100431 0.06615620 183.00000000
0.00100179 0.06601113 183.00000000
0.00099929 0.06586669 184.00000000
0.00099681 0.06572285 184.00000000
0.00099433 0.06557963 184.00000000
0.00099186 0.06543701 184.00000000
0.00098941 0.06529499 185.00000000
0.00098697 0.06515357 185.00000000
0.00098454 0.06501274 185.00000000
0.00098212 0.06487250 185.00000000
0.00097971 0.06473284 185.00000000
0.00097731 0.06459377 186.00000000
0.00097493 0.06445528 186.00000000
0.00097255 0.06431737 186.00000000
0.00097019 0.06418002 186.00000000
0.00096784 0.06404325 187.00000000
0.00096549 0.06390703 187.00000000
0.00096316 0.06377138 187.00000000
0.00096084 0.06363629 187.00000000
0.00095853 0.06350176 188.00000000
0.00095623 0.06336777 188.00000000
0.00095394 0.06323434 188.00000000
0.00095166 0.06310144 188.00000000
0.00094939 0.06296909 188.00000000
0.00094714 0.06283728 189.00000000
0.00094489 0.06270600 189.00000000
0.00094265 0.06257526 189.00000000
0.00094042 0.06244504 189.00000000
0.00093820 0.06231535 190.00000000
0.00093599 0.06218618 190.00000000
0.00093379 0.06205753 190.00000000
0.00093161 0.06192940 190.00000000
0.00092943 0.06180178 191.00000000
0.00092726 0.06167467 191.00000000
0.00092510 0.06154807 191.00000000
0.00092295 0.06142197 191.00000000
0.00092081 0.06129637 191.00000000
0.00091867 0.06117127 192.00000000
0.00091655 0.06104667 192.00000000
0.00091444 0.06092256 192.00000000
0.00091234 0.06079893 192.00000000
0.00091024 0.06067580 193.00000000
0.00090815 0.06055315 193.00000000
0.00090608 0.06043098 193.00000000
0.00090401 0.06030929 193.00000000
0.00090195 0.06018807 194.00000000
0.00089990 0.06006733 194.00000000
0.00089786 0.05994706 194.00000000
0.00089583 0.05982725 194.00000000
0.00089381 0.05970792 194.00000000
0.00089179 0.05958904 195.00000000
0.00088979 0.05947062 195.00000000
0.00088779 0.05935266 195.00000000
0.00088580 0.05923515 195.00000000
0.00088382 0.05911810 196.00000000
0.00088185 0.05900149 196.00000000
0.00087988 0.05888533 196.00000000
0.00087793 0.05876962 196.00000000
0.00087598 0.05865434 197.00000000
0.00087404 0.05853951 197.00000000
0.00087211 0.05842511 197.00000000
0.00087018 0.05831115 197.00000000
0.00086827 0.05819761 198.00000000
0.00086636 0.05808451 198.00000000
0.00086446 0.05797184 198.00000000
0.00086257 0.05785959 198.00000000
0.00086069 0.05774776 198.00000000
0.00085881 0.05763635 199.00000000
0.00085695 0.05752536 199.00000000
0.00085509 0.05741478 199.00000000
0.00085323 0.05730462 199.00000000
0.00085139 0.05719487 200.00000000
0.00084955 0.05708552 206.00000000
0.00084772 0.05697659 207.00000000
0.00084590 0.05686805 207.00000000
0.00084408 0.05675992 207.00000000
0.00084228 0.05665219 208.00000000
0.00084048 0.05654486 208.00000000
0.00083868 0.05643792 208.00000000
0.00083690 0.05633137 208.00000000
0.00083512 0.05622522 208.00000000
0.00083335 0.05611945 209.00000000
0.00083158 0.05601407 209.00000000
0.00082983 0.05590908 209.00000000
0.00082808 0.05580446 209.00000000
0.00082633 0.05570023 210.00000000
0.00082460 0.05559638 210.00000000
0.00082287 0.05549290 210.00000000
0.00082115 0.05538980 210.00000000
0.00081943 0.05528707 211.00000000
0.00081772 0.05518471 211.00000000
0.00081602 0.05508272 212.00000000
0.00081433 0.05498110 212.00000000
0.00081264 0.05487984 212.00000000
0.00081096 0.05477894 212.00000000
0.00080928 0.05467841 213.00000000
0.00080761 0.05457823 213.00000000
0.00080595 0.05447841 213.00000000
0.00080429 0.05437895 213.00000000
0.00080264 0.05427984 213.00000000
0.00080100 0.05418108 214.00000000
0.00079937 0.05408267 214.00000000
0.00079774 0.05398460 214.00000000
0.00079611 0.05388689 214.00000000
0.00079449 0.05378952 215.00000000
0.00079288 0.05369248 215.00000000
0.00079128 0.05359580 215.00000000
0.00078968 0.05349944 215.00000000
0.00078809 0.05340343 216.00000000
0.00078650 0.05330775 216.00000000
0.00078492 0.05321241 216.00000000
0.00078335 0.05311740 216.00000000
0.00078178 0.05302271 217.00000000
0.00078021 0.05292836 217.00000000
0.00077866 0.05283433 217.00000000
0.00077711 0.05274063 217.00000000
0.00077556 0.05264725 217.00000000
0.00077402 0.05255419 218.00000000
0.00077249 0.05246146 218.00000000
0.00077096 0.05236904 218.00000000
0.00076944 0.05227694 218.00000000
0.00076793 0.05218515 219.00000000
0.00076642 0.05209368 219.00000000
0.00076491 0.05200252 219.00000000
0.00076341 0.05191167 219.00000000
0.00076192 0.05182113 220.00000000
0.00076043 0.05173089 220.00000000
0.00075895 0.05164097 220.00000000
0.00075747 0.05155134 220.00000000
0.00075600 0.05146203 221.00000000
0.00075453 0.05137301 221.00000000
0.00075307 0.05128429 221.00000000
0.00075162 0.05119587 221.00000000
0.00075017 0.05110774 222.00000000
0.00074872 0.05101992 222.00000000
0.00074729 0.05093238 222.00000000
