0.145987292802475160 2.587648026789793221 85.000000000000000000
0.144928956305484691 2.493709312003479450 157.000000000000000000
0.143018889612057692 2.333628716845171258 201.000000000000000000
0.140493116450239791 2.124892125569270096 249.000000000000000000
0.137588895794728078 1.891323950216579952 295.000000000000000000
0.134519215458360153 1.665100914541193466 323.000000000000000000
0.131437062630035517 1.485974611562461023 371.000000000000000000
0.128425724420389659 1.390911278208255775 401.000000000000000000
0.125514461626842960 1.391858042426619591 427.000000000000000000
0.122692073903115026 1.462853763073646673 451.000000000000000000
0.119932980071272247 1.557519373467418200 475.000000000000000000
0.117222041238299782 1.634354907512735489 501.000000000000000000
0.114578089766701585 1.668045497684108813 523.000000000000000000
0.112040318308335107 1.651154994305833679 540.000000000000000000
0.109622817200272379 1.590386216260478491 552.000000000000000000
0.107332287567099477 1.504020723345220301 588.000000000000000000
0.105133577371517281 1.415875056866729320 607.000000000000000000
0.102961799408021137 1.347812947009643381 644.000000000000000000
0.100673968420930904 1.315680545493440157 653.000000000000000000
0.098147504421668794 1.323014332134677895 685.000000000000000000
0.095324691722948190 1.362747944250137122 709.000000000000000000
0.092240234133663127 1.420243325815565338 740.000000000000000000
0.089061008187525381 1.473098701298472202 797.000000000000000000
0.086095583240843029 1.495088035984095454 837.000000000000000000
0.083608170997803197 1.471447354368531357 857.000000000000000000
0.081672226908297854 1.408434865052460960 885.000000000000000000
0.080109485418213985 1.322949818380468878 898.000000000000000000
0.078635925084194452 1.225879377373487955 902.000000000000000000
0.077064683390829253 1.120420624287003397 903.000000000000000000
0.075344958588998909 1.010236942003481353 904.000000000000000000
0.073596862733573840 0.904058507694579627 904.000000000000000000
0.072010110529295943 0.812053076866914192 904.000000000000000000
0.070733567426679828 0.741302208845856403 905.000000000000000000
0.069798810113629872 0.693879530817475665 905.000000000000000000
0.069108543514503809 0.666488428810610656 905.000000000000000000
0.068481880678063767 0.651061710890514123 905.000000000000000000
0.067767608763746504 0.639095298534821055 905.000000000000000000
0.066906840098349560 0.625998400932872734 905.000000000000000000
0.065938992285355907 0.612280129172395271 905.000000000000000000
0.064952253549672614 0.601558826148927528 905.000000000000000000
0.064018457163295212 0.597362183370356736 905.000000000000000000
0.063153611633844794 0.600038998974473436 906.000000000000000000
0.062319790828299894 0.605405828718399430 906.000000000000000000
0.061456376383947617 0.606730481597754334 906.000000000000000000
0.060517904129174308 0.598876799107195934 906.000000000000000000
0.059498715555939143 0.581376475397774928 906.000000000000000000
0.058442829652620439 0.558396862660135107 906.000000000000000000
0.057398585783829066 0.536163192709232628 907.000000000000000000
0.056411403586505399 0.518986242472335491 907.000000000000000000
0.055496878988423648 0.507866603112926418 907.000000000000000000
0.054635351762399281 0.500918462735860825 907.000000000000000000
0.053787548556568809 0.495133892227518635 908.000000000000000000
0.052919323368363934 0.487876123460193045 908.000000000000000000
0.052019939742326174 0.477575638529854241 908.000000000000000000
0.051103519661438064 0.463854099725099722 908.000000000000000000
0.050198200293614527 0.447421049959003114 909.000000000000000000
0.049328675723113141 0.430130059425125943 918.000000000000000000
0.048485834396421942 0.413976040848128335 922.000000000000000000
0.047657298717093538 0.401306807473003402 925.000000000000000000
0.046828471485970011 0.393809845062926045 925.000000000000000000
0.045993365749455922 0.391798576848526203 925.000000000000000000
0.045158963658203238 0.394059792197188230 925.000000000000000000
0.044342063870763851 0.398521593553253839 925.000000000000000000
0.043566982516014020 0.403336398601773949 978.000000000000000000
0.042844421982705119 0.407634538260487012 1039.000000000000000000
0.042175269369132684 0.410585426275601073 1087.000000000000000000
0.041559189657847537 0.411475941846155435 1121.000000000000000000
0.040989302032417123 0.409370653139514429 1164.000000000000000000
0.040461611586613280 0.403291785577116035 1217.000000000000000000
0.039977454883393049 0.392996943220291828 1256.000000000000000000
0.039551219956124727 0.379147375594955705 1284.000000000000000000
0.039165672145464139 0.362858627985480242 1323.000000000000000000
0.038817075970374412 0.345605941588170040 1331.000000000000000000
0.038499400402981158 0.328756507543717158 1335.000000000000000000
0.038206074677710734 0.313290923324313353 1335.000000000000000000
0.037931671228339306 0.299685375446494928 1335.000000000000000000
0.037672683026738520 0.287943006318929551 1335.000000000000000000
0.037427271736340383 0.277723601058104008 1335.000000000000000000
0.037194409672055395 0.268510180749284011 1335.000000000000000000
0.036973012236322593 0.259762226395894691 1374.000000000000000000
0.036761490635149621 0.251026454336909954 1390.000000000000000000
0.036557825046712220 0.241997009080205383 1404.000000000000000000
0.036359972281761556 0.232531429955344149 1444.000000000000000000
0.036166308154516137 0.222635241448882221 1467.000000000000000000
0.035975869194287677 0.212428446330799103 1493.000000000000000000
0.035788316735219969 0.202104670249565743 1517.000000000000000000
0.035603695854779523 0.191890569173408798 1545.000000000000000000
0.035422136588069732 0.182010427441637840 1581.000000000000000000
0.035243634186743512 0.172658856324918591 1615.000000000000000000
0.035067978023206672 0.163983024726970156 1636.000000000000000000
0.034894818923325389 0.156074663297981475 1651.000000000000000000
0.034723808835495182 0.148970935289191586 1661.000000000000000000
0.034554731997349278 0.142662132916683393 1668.000000000000000000
0.034387569403248747 0.137103316305209333 1710.000000000000000000
0.034222480347426906 0.132226833573591440 1789.000000000000000000
0.034059724169201097 0.127953260897739507 1831.000000000000000000
0.033899565888213468 0.124199419692404070 1864.000000000000000000
0.033742206365975191 0.120883310431169400 1865.000000000000000000
0.033587757471095221 0.117926662854123565 1892.000000000000000000
0.033436258314127325 0.115256156950849023 1905.000000000000000000
0.033287711967029364 0.112804243177098598 1927.000000000000000000
0.033142118813598166 0.110510065701418969 1953.000000000000000000
0.032999490792384935 0.108320521969098180 1983.000000000000000000
0.032859843570677838 0.106191189117072662 1987.000000000000000000
0.032723174166807943 0.104086799913260475 2014.000000000000000000
0.032595005075045758 0.101981105173257786 2029.000000000000000000
0.032471260491253338 0.099947321174292322 2053.000000000000000000
0.032349980032909176 0.097876550676887358 2082.000000000000000000
0.032230926508603583 0.095761113656094229 2104.000000000000000000
0.032115007441211811 0.093599768859910976 2139.000000000000000000
0.032002160251408063 0.091386084663029721 2149.000000000000000000
0.031890680232169684 0.089141668897402951 2174.000000000000000000
0.031780160057059560 0.086882697690517929 2198.000000000000000000
0.031670145120901091 0.084629899784079601 2221.000000000000000000
0.031560118954494752 0.082408860071130158 2250.000000000000000000
0.031449482956628368 0.080250656181012833 2298.000000000000000000
0.031337531405077113 0.078192981238084339 2331.000000000000000000
0.031223421917441652 0.076282008411493185 2369.000000000000000000
0.031106140810871229 0.074575375961839496 2405.000000000000000000
0.030984462679630780 0.073146826886951830 2442.000000000000000000
0.030856904630272373 0.072093221401088578 2473.000000000000000000
0.030721679098339415 0.071544785099004735 2521.000000000000000000
0.030576657119610603 0.071679307426342181 2546.000000000000000000
0.030419370116475559 0.072739866649755819 2579.000000000000000000
0.030247108362923714 0.075051969425048271 2637.000000000000000000
0.030057223207906384 0.079027128231963006 2637.000000000000000000
0.029847799202364252 0.085123791405888244 2638.000000000000000000
0.029618872874054687 0.093718674649749367 2638.000000000000000000
0.029374168971559849 0.104849198295781321 2669.000000000000000000
0.029122653236023269 0.117875616748735965 2697.000000000000000000
0.028878187780822205 0.131298938707095969 2725.000000000000000000
0.028655599494123489 0.143071062745619232 2727.000000000000000000
0.028464348155606840 0.151391590732158132 2727.000000000000000000
0.028304618442844126 0.155393930960894766 2728.000000000000000000
0.028169243842112991 0.155193053325618030 2728.000000000000000000
0.028049158736515430 0.151490158507317230 2745.000000000000000000
0.027938858239908805 0.145208980690619466 2745.000000000000000000
0.027838719147321771 0.137363477773537496 2745.000000000000000000
0.027744039749366886 0.128886298752602102 2745.000000000000000000
0.027656053352510805 0.120593151561199541 2745.000000000000000000
0.027575564948696420 0.113172276008322623 2745.000000000000000000
0.027502346214543224 0.107060699034752724 2746.000000000000000000
0.027434934246555590 0.102385668997180351 2757.000000000000000000
0.027370829119383835 0.098963186615989768 2757.000000000000000000
0.027306896342438325 0.096371128325747180 2764.000000000000000000
0.027239814758288836 0.094078300338431453 2805.000000000000000000
0.027166447437310670 0.091582084359926277 2848.000000000000000000
0.027084049411922651 0.088511034822961729 2871.000000000000000000
0.026990269322740651 0.084674545311214044 2893.000000000000000000
0.026882951281294108 0.080065893153689310 2904.000000000000000000
0.026759787160142108 0.074837213130539398 2928.000000000000000000
0.026617898023350222 0.069265918304712001 2948.000000000000000000
0.026453440955890840 0.063722587145247478 2965.000000000000000000
0.026261368604927213 0.058627459788871274 2980.000000000000000000
0.026035551417113230 0.054348660538260478 3020.000000000000000000
0.025769676880391501 0.050996549934630264 3060.000000000000000000
0.025459829844654953 0.048198235185628643 3099.000000000000000000
0.025106027742736188 0.045541005645483447 3139.000000000000000000
0.024717705534619640 0.043977588354066698 3185.000000000000000000
0.024312236191132153 0.047016477719136696 3213.000000000000000000
0.023911382693317398 0.056835983890802605 3260.000000000000000000
0.023526538867334929 0.070291162045985608 3289.000000000000000000
0.023140160577017517 0.083704947334858948 3317.000000000000000000
0.022740461000618193 0.096540399586692929 3338.000000000000000000
0.022325001700189417 0.110931874081440479 3369.000000000000000000
0.021908654200641905 0.129144820783371667 3393.000000000000000000
0.021517662967681393 0.150687525496071228 3406.000000000000000000
0.021172356177237520 0.171517885888662486 3431.000000000000000000
0.020873515757992241 0.186666450358823566 3457.000000000000000000
0.020606649370905814 0.193348771714061646 3484.000000000000000000
0.020354234774881505 0.191561025849932287 3505.000000000000000000
0.020103500253924957 0.183011762249869675 3517.000000000000000000
0.019849077253026631 0.169964995249481193 3544.000000000000000000
0.019600544257899661 0.154534281384296757 3563.000000000000000000
0.019341958760549935 0.138807063399955993 3577.000000000000000000
0.019071619693647759 0.124472560135939339 3608.000000000000000000
0.018791038728659386 0.113026466029933673 3637.000000000000000000
0.018500682838387690 0.105843131818501718 3675.000000000000000000
0.018205829286552351 0.103953518981392920 3684.000000000000000000
0.017918068213482262 0.107759817351365264 3702.000000000000000000
0.017651751108202930 0.116499681436542490 3724.000000000000000000
0.017419017903565936 0.128183871867258964 3736.000000000000000000
0.017225520895437080 0.140296325951946327 3748.000000000000000000
0.017069324475739622 0.150771248255549439 3777.000000000000000000
0.016944071422139613 0.158361742109407233 3798.000000000000000000
0.016843417082340120 0.162767791987804833 3828.000000000000000000
0.016759463248200157 0.163911072108302996 3849.000000000000000000
0.016685754113820037 0.162445418393354829 3864.000000000000000000
0.016619053469980109 0.158872487608855278 3885.000000000000000000
0.016557525629056269 0.153696722620922543 3907.000000000000000000
0.016500292710514064 0.147386474879147356 3929.000000000000000000
0.016447049932664232 0.140354188226412213 3954.000000000000000000
0.016397774499396358 0.132946495300551221 3978.000000000000000000
0.016352528618726291 0.125441197626924517 4006.000000000000000000
0.016311342793496011 0.118049776974775283 4053.000000000000000000
0.016274160307972772 0.110924059116689941 4106.000000000000000000
0.016240823528154411 0.104165407667317814 4148.000000000000000000
0.016211085208602403 0.097834860913115204 4214.000000000000000000
0.016184631944573039 0.091962939488891629 4273.000000000000000000
0.016161111030389131 0.086558294560918472 4313.000000000000000000
0.016140155519712630 0.081614792816036827 4322.000000000000000000
0.016122627805738029 0.077116965537546808 4333.000000000000000000
0.016106766775632560 0.073115953981863810 4333.000000000000000000
0.016092367106651941 0.069508378313668864 4333.000000000000000000
0.016079162612815785 0.066269944123592467 4333.000000000000000000
0.016066930268560015 0.063376569448088060 4333.000000000000000000
0.016055488562041760 0.060804826978572278 4334.000000000000000000
0.016044694081695034 0.058532093237757585 4334.000000000000000000
0.016034436976455513 0.056536527237453643 4334.000000000000000000
0.016024635830014199 0.054796967664363525 4334.000000000000000000
0.016015232388132360 0.053292810807859949 4334.000000000000000000
0.016006186478835106 0.052003910046814310 4334.000000000000000000
0.015997471370827368 0.050910520415486687 4334.000000000000000000
0.015989069728627903 0.049993297710131793 4334.000000000000000000
0.015980970246627969 0.049233350513755242 4334.000000000000000000
0.015973164980946662 0.048612335518978846 4334.000000000000000000
0.015965647348930401 0.048112581755653971 4335.000000000000000000
0.015958410731542284 0.047717227655194872 4335.000000000000000000
0.015951447592668606 0.047410355811256799 4335.000000000000000000
0.015944749019642577 0.047177113037822946 4335.000000000000000000
0.015938304588682103 0.047003806988814713 4365.000000000000000000
0.015932102464977185 0.046877974389467621 4389.000000000000000000
0.015926129657526766 0.046788419265602954 4398.000000000000000000
0.015920372361537892 0.046725222135123957 4429.000000000000000000
0.015914816334703031 0.046679722871135927 4464.000000000000000000
0.015909447266828355 0.046644480941327289 4484.000000000000000000
0.015904251114335678 0.046613217137064178 4503.000000000000000000
0.015899214381655518 0.046580740908838070 4534.000000000000000000
0.015894324340255644 0.046542867181223274 4557.000000000000000000
0.015889569182968973 0.046496326150304912 4589.000000000000000000
0.015884938116475653 0.046438669148656957 4629.000000000000000000
0.015880421398410376 0.046368173242398544 4656.000000000000000000
0.015876010327806965 0.046283746822550577 4683.000000000000000000
0.015871697198680725 0.046184838075323989 4707.000000000000000000
0.015867475226713477 0.046071347862691660 4730.000000000000000000
0.015863338458469826 0.045943548213404101 4757.000000000000000000
0.015859281671544941 0.045802007314196057 4778.000000000000000000
0.015855300272710714 0.045647521601892185 4805.000000000000000000
0.015851390199649085 0.045481055291830733 4837.000000000000000000
0.015847547830369495 0.045303687439889093 4863.000000000000000000
0.015843769903003201 0.045116566427971010 4885.000000000000000000
0.015840053447420625 0.044920871588990975 4933.000000000000000000
0.015836395729073801 0.044717781548823152 4964.000000000000000000
0.015832794204643803 0.044508448759505777 5005.000000000000000000
0.015829246488473316 0.044293979628794777 5022.000000000000000000
0.015825750328373460 0.044075419613173641 5035.000000000000000000
0.015822303589185974 0.043853742630816490 5058.000000000000000000
0.015818904242427025 0.043629844163256694 5083.000000000000000000
0.015815550360403052 0.043404537444824913 5124.000000000000000000
0.015812240113339586 0.043178552182511189 5132.000000000000000000
0.015808971768269793 0.042952535301291686 5132.000000000000000000
0.015805743688664341 0.042727053267202504 5132.000000000000000000
0.015802554334025734 0.042502595599161752 5132.000000000000000000
0.015799402258901200 0.042279579238107518 5132.000000000000000000
0.015796286110977331 0.042058353496410662 5132.000000000000000000
0.015793204628097666 0.041839205360381146 5132.000000000000000000
0.015790156634189111 0.041622364963183611 5132.000000000000000000
0.015787141034191939 0.041408011084266290 5133.000000000000000000
0.015784156808164300 0.041196276564461932 5133.000000000000000000
0.015781203004777672 0.040987253553537467 5133.000000000000000000
0.015778278734439717 0.040780998529590218 5133.000000000000000000
0.015775383162280287 0.040577537047880037 5133.000000000000000000
0.015772515501219306 0.040376868191069892 5133.000000000000000000
0.015769675005307779 0.040178968704038524 5133.000000000000000000
0.015766860963498264 0.039983796805008028 5133.000000000000000000
0.015764072693963724 0.039791295671238118 5133.000000000000000000
0.015761309539045504 0.039601396602423067 5133.000000000000000000
0.015758570860875867 0.039414021868598152 5134.000000000000000000
0.015755856037688278 0.039229087252099594 5134.000000000000000000
0.015753164460801838 0.039046504295207535 5134.000000000000000000
0.015750495532244294 0.038866182266682439 5134.000000000000000000
0.015747848662961774 0.038688029861643471 5134.000000000000000000
0.015745223271552197 0.038511956650191505 5134.000000000000000000
0.015742618783452730 0.038337874290935978 5134.000000000000000000
0.015740034630509211 0.038165697526142191 5134.000000000000000000
0.015737470250856398 0.037995344975620578 5134.000000000000000000
0.015734925089041413 0.037826739746711011 5134.000000000000000000
0.015732639800795499 0.037659809877790405 5134.000000000000000000
0.015730264301110960 0.037510545496563567 5135.000000000000000000
0.015727906261225506 0.037362517902816257 5135.000000000000000000
0.015725565390838907 0.037215569818351245 5135.000000000000000000
0.015723241376948843 0.037069565903458473 5135.000000000000000000
0.015720993439767003 0.036924391421108697 5135.000000000000000000
0.015718808612522426 0.036764343471271291 5135.000000000000000000
0.015716532670343227 0.036620760809849238 5135.000000000000000000
0.015714271974132318 0.036477871440995936 5135.000000000000000000
0.015712026173006197 0.036335614160716394 5135.000000000000000000
0.015709794909318196 0.036193941895026220 5135.000000000000000000
0.015707625180147743 0.036052820264219756 5136.000000000000000000
0.015705539674780961 0.035897130837239409 5136.000000000000000000
0.015703349441452880 0.035757239387736908 5136.000000000000000000
0.015701172092208303 0.035617949537540945 5136.000000000000000000
0.015699007287805752 0.035479250989158571 5136.000000000000000000
0.015696854690037194 0.035341140537896096 5136.000000000000000000
0.015694719042381761 0.035203621011691853 5136.000000000000000000
0.015692749218555225 0.035052086673388536 5136.000000000000000000
0.015690630876830768 0.034915952493185735 5136.000000000000000000
0.015688523225651990 0.034780529632133517 5136.000000000000000000
0.015686425968082243 0.034645823757661731 5137.000000000000000000
0.015684338810958754 0.034511843179389524 5137.000000000000000000
0.015682261465481174 0.034378598249934993 5170.000000000000000000
0.015680193647706790 0.034246100827485776 5171.000000000000000000
0.015678150816467454 0.034114363798215912 5171.000000000000000000
0.015676249207107518 0.033969382765121910 5171.000000000000000000
0.015674208001152500 0.033839367586673413 5171.000000000000000000
0.015672175051113589 0.033710231226888022 5171.000000000000000000
0.015670150123189983 0.033581976081822285 5171.000000000000000000
0.015668132988106404 0.033454604719922322 5171.000000000000000000
0.015666123421339599 0.033328119705295714 5171.000000000000000000
0.015664121203292532 0.033202523449933234 5171.000000000000000000
0.015662126119421645 0.033077818092301203 5171.000000000000000000
0.015660143772015415 0.032954005399772814 5172.000000000000000000
0.015658319649335315 0.032817677824147774 5172.000000000000000000
0.015656344437911800 0.032695798523828652 5172.000000000000000000
0.015654375365065643 0.032574884387149373 5172.000000000000000000
0.015652412262645379 0.032454925378802034 5172.000000000000000000
0.015650454965838993 0.032335911542618653 5172.000000000000000000
0.015648503313230554 0.032217832998402286 5172.000000000000000000
0.015646557146829755 0.032100679941835318 5172.000000000000000000
0.015644616312078252 0.031984442646755991 5172.000000000000000000
0.015642680657836742 0.031869111469182566 5172.000000000000000000
0.015640750036355785 0.031754676852554654 5173.000000000000000000
0.015638824303233632 0.031641129333734162 5173.000000000000000000
0.015636955481447286 0.031528459549386732 5173.000000000000000000
0.015635325219646726 0.031416274062378326 5173.000000000000000000
0.015633412960683123 0.031305367695965279 5173.000000000000000000
0.015631603888038473 0.031195342219381288 5173.000000000000000000
0.015629776623128422 0.031098376660916693 5173.000000000000000000
0.015627902605356146 0.030989981052958773 5198.000000000000000000
0.015626155868885210 0.030894528310153827 5219.000000000000000000
0.015624262877380220 0.030787650402967555 5219.000000000000000000
0.015622471614045164 0.030681531060529673 5219.000000000000000000
0.015620663620011702 0.030588183618329906 5219.000000000000000000
0.015618807955813815 0.030483473054111507 5219.000000000000000000
0.015617077650385494 0.030391431025643866 5219.000000000000000000
0.015615201090795412 0.030288045607683806 5219.000000000000000000
0.015613430285941816 0.030185332487135987 5219.000000000000000000
0.015611646156560788 0.030095133999511223 5219.000000000000000000
0.015609962246945346 0.029981778856326208 5220.000000000000000000
0.015608238810171022 0.029892861569114200 5220.000000000000000000
0.015606375720482837 0.029792754282651455 5220.000000000000000000
0.015604630339835343 0.029693306888167435 5220.000000000000000000
0.015602833322082293 0.029606192558560035 5220.000000000000000000
0.015601027902154434 0.029507967292348437 5220.000000000000000000
0.015599299828641423 0.029421976348235561 5220.000000000000000000
0.015597447757282626 0.029324906041473479 5220.000000000000000000
0.015595734415480121 0.029228429488495956 5220.000000000000000000
0.015593926491316858 0.029144040173590201 5220.000000000000000000
0.015592155653718565 0.029048670061879330 5220.000000000000000000
0.015590412733468968 0.028965298568138925 5221.000000000000000000
0.015588585300737751 0.028870989021418717 5221.000000000000000000
0.015586905896264085 0.028788594341672882 5221.000000000000000000
0.015585066331054144 0.028695309067141510 5221.000000000000000000
0.015583335884927125 0.028602562285656448 5221.000000000000000000
0.015581568829091506 0.028521602526654519 5222.000000000000000000
0.015579790122965986 0.028429869363671902 5222.000000000000000000
0.015578238563826992 0.028338793287334560 5222.000000000000000000
0.015576405723079126 0.028248136364043046 5222.000000000000000000
0.015574720162532260 0.028158048929720049 5223.000000000000000000
0.015572920328684983 0.028079605161162959 5223.000000000000000000
0.015571181708975342 0.027990582392550419 5223.000000000000000000
0.015569438776519987 0.027913119732954125 5223.000000000000000000
0.015567647717869769 0.027825123393442522 5223.000000000000000000
0.015565960678305058 0.027748607979151092 5223.000000000000000000
0.015564134145191002 0.027661607367216071 5223.000000000000000000
0.015562445744095314 0.027575131464340975 5223.000000000000000000
0.015560660532631547 0.027500014221984077 5223.000000000000000000
0.015558921076375904 0.027414527061376776 5223.000000000000000000
0.015557189514284952 0.027340324897850286 5223.000000000000000000
0.015555399400112966 0.027255803327327851 5224.000000000000000000
0.015553720704448794 0.027182496300052036 5224.000000000000000000
0.015551898317822886 0.027098921861416457 5224.000000000000000000
0.015550213167914287 0.027015850713592634 5224.000000000000000000
0.015548432153288457 0.026943882637440169 5224.000000000000000000
0.015546697281825351 0.026861764551227636 5224.000000000000000000
0.015544967382433848 0.026790682154369982 5224.000000000000000000
0.015543183050722199 0.026709500513463498 5224.000000000000000000
0.015541503649478755 0.026639289535912044 5224.000000000000000000
0.015539683343996590 0.026559030551211026 5224.000000000000000000
0.015538005562168790 0.026479262885103654 5225.000000000000000000
0.015536220567529156 0.026410360894895523 5225.000000000000000000
0.015534500428842598 0.026331525254299763 5225.000000000000000000
0.015532919119383072 0.026253391464432452 5240.000000000000000000
0.015531143788264982 0.026175540244249302 5244.000000000000000000
0.015529456071966631 0.026108480665701709 5244.000000000000000000
0.015527635451440144 0.026031601395840320 5245.000000000000000000
0.015525967726249529 0.025955230476023366 5245.000000000000000000
0.015524171026598508 0.025889536525588088 5245.000000000000000000
0.015522455376532344 0.025814120511469259 5245.000000000000000000
0.015520705563370365 0.025749312604106379 5245.000000000000000000
0.015518942263423468 0.025674821536399925 5245.000000000000000000
0.015517238887016695 0.025610872336565352 5245.000000000000000000
0.015515428300917967 0.025537279982985869 5245.000000000000000000
0.015513770825283888 0.025474165461898582 5247.000000000000000000
0.015511947411875860 0.025401448676491262 5247.000000000000000000
0.015510246759123941 0.025329194479971482 5247.000000000000000000
0.015508476990093280 0.025267314128100349 5247.000000000000000000
0.015506729869823046 0.025195930509066784 5247.000000000000000000
0.015505004862589471 0.025134858540950020 5247.000000000000000000
0.015503211481147217 0.025064322671861577 5248.000000000000000000
0.015501530855725964 0.025004038327079453 5248.000000000000000000
0.015499704270533515 0.024934329981210240 5248.000000000000000000
0.015498022118163398 0.024865060332136528 5248.000000000000000000
0.015496227171265432 0.024805943523382962 5251.000000000000000000
0.015494499289285070 0.024737499350876234 5251.000000000000000000
0.015492747888296942 0.024679149421454303 5251.000000000000000000
0.015490974403792967 0.024611509902259861 5251.000000000000000000
0.015489266260026420 0.024553907928486225 5251.000000000000000000
0.015487447408635384 0.024487054472751808 5251.000000000000000000
0.015485782135811208 0.024430183419220122 5251.000000000000000000
0.015483950234001811 0.024364099229484213 5252.000000000000000000
0.015482243993524580 0.024298424687545773 5252.000000000000000000
0.015480462139610643 0.024242640225194428 5252.000000000000000000
0.015478711114877534 0.024177736151945236 5252.000000000000000000
0.015476971308243794 0.024122667645664387 5252.000000000000000000
0.015475198326938997 0.024058515344661843 5252.000000000000000000
0.015473656317751326 0.024002338359758037 5252.000000000000000000
0.015471823475690417 0.023938934256804139 5252.000000000000000000
0.015470316062102139 0.023874136733180430 5252.000000000000000000
0.015468499770012439 0.023820874483236457 5252.000000000000000000
0.015467079506437012 0.023758655904516861 5253.000000000000000000
0.015465356787606608 0.023715525922743539 5253.000000000000000000
0.015463875087136286 0.023653973041149721 5253.000000000000000000
0.015462210349687958 0.023611516881599581 5253.000000000000000000
0.015460667378062070 0.023550548100316385 5253.000000000000000000
0.015459060048096843 0.023508688551732555 5253.000000000000000000
0.015457466310075479 0.023448236113657792 5253.000000000000000000
0.015455879045896431 0.023397552843556227 5253.000000000000000000
0.015454292420288233 0.023346941945495102 5253.000000000000000000
0.015452682692128827 0.023296751771086262 5253.000000000000000000
0.015451115460396460 0.023246583279173300 5254.000000000000000000
0.015449486221385296 0.023196837317102894 5254.000000000000000000
0.015448096537677872 0.023138411604617132 5254.000000000000000000
0.015446441687748691 0.023089132857119051 5254.000000000000000000
0.015444913835053276 0.023039808853672950 5254.000000000000000000
0.015443235539062163 0.022990948203971226 5254.000000000000000000
0.015441728220414704 0.022942000867748669 5254.000000000000000000
0.015440045020803829 0.022893520420549759 5254.000000000000000000
0.015438510852694017 0.022846798062546036 5254.000000000000000000
0.015436855856500710 0.022798332544417217 5254.000000000000000000
0.015435295320793883 0.022750338263665754 5254.000000000000000000
0.015433663181057437 0.022702157317812381 5255.000000000000000000
0.015432075860965960 0.022654459355177979 5255.000000000000000000
0.015430467619692684 0.022606552539689646 5255.000000000000000000
0.015428852463387066 0.022559141311851393 5255.000000000000000000
0.015427269135895339 0.022511502242174693 5255.000000000000000000
0.015425625098647639 0.022464371919338842 5255.000000000000000000
0.015424067668848199 0.022416997585411373 5255.000000000000000000
0.015422393722597811 0.022370145457232950 5255.000000000000000000
0.015420863139643973 0.022323035622669317 5255.000000000000000000
0.015419158280369633 0.022276461539272506 5255.000000000000000000
0.015417655456420546 0.022229618213492137 5256.000000000000000000
0.015415924086496635 0.022183324093579607 5256.000000000000000000
0.015414431569848182 0.022127541255793481 5256.000000000000000000
0.015412696430651971 0.022090766823274061 5256.000000000000000000
0.015411201326664929 0.022035303904361345 5256.000000000000000000
0.015409463325929428 0.021998818161374979 5256.000000000000000000
0.015407968468437385 0.021943677492473734 5256.000000000000000000
0.015406240452852368 0.021907481035587126 5256.000000000000000000
0.015404705827601860 0.021863689141406496 5256.000000000000000000
0.015403023046748024 0.021816719326265468 5256.000000000000000000
0.015401440465675318 0.021773193892738955 5256.000000000000000000
0.015399801397668307 0.021726512241946317 5257.000000000000000000
0.015398171179366885 0.021683265884118747 5257.000000000000000000
0.015396575398267517 0.021636884578269878 5257.000000000000000000
0.015394897908575480 0.021593929168423041 5257.000000000000000000
0.015393344949856792 0.021547859617720915 5257.000000000000000000
0.015391620593185064 0.021505206219496580 5257.000000000000000000
0.015390109961996983 0.021459459007849353 5257.000000000000000000
0.015388339174608499 0.021417117832104308 5257.000000000000000000
0.015386875559778480 0.021371702680935589 5257.000000000000000000
0.015385245278141670 0.021321987046090500 5257.000000000000000000
0.015383742527035357 0.021287857692325069 5258.000000000000000000
0.015381989025954531 0.021235284890373352 5258.000000000000000000
0.015380458670953162 0.021201471373668571 5258.000000000000000000
0.015378729363471944 0.021149269533206456 5258.000000000000000000
0.015377168703801404 0.021115777080237062 5260.000000000000000000
0.015375466137119301 0.021063952917051185 5293.000000000000000000
0.015373872763874686 0.021030786213133781 5293.000000000000000000
0.015372199206963219 0.020979345541150170 5298.000000000000000000
0.015370581712663672 0.020946508740702283 5298.000000000000000000
0.015368901063367482 0.020906211445951974 5298.000000000000000000
0.015367312226089686 0.020862913800775026 5298.000000000000000000
0.015365588139585573 0.020822937853628327 5298.000000000000000000
0.015364037827474119 0.020779981747671976 5299.000000000000000000
0.015362270664062615 0.020740337952392031 5305.000000000000000000
0.015360758463777359 0.020697733217015169 5340.000000000000000000
0.015358948625736489 0.020658430571644886 5340.000000000000000000
0.015357477271534036 0.020616185338869136 5341.000000000000000000
0.015355796372155525 0.020567009384088175 5341.000000000000000000
0.015354323932242769 0.020535781450374217 5341.000000000000000000
0.015352505814380243 0.020486621708662951 5341.000000000000000000
0.015350987534117457 0.020455748472302141 5341.000000000000000000
0.015349210655098562 0.020407003285357845 5363.000000000000000000
0.015347645298761156 0.020376484417020384 5363.000000000000000000
0.015345929907990401 0.020328152954793909 5363.000000000000000000
0.015344463357473481 0.020287882234429674 5363.000000000000000000
0.015342772405499121 0.020240056390922669 5364.000000000000000000
0.015341234605410767 0.020210277297057350 5364.000000000000000000
0.015339783815569323 0.020162296135941567 5364.000000000000000000
0.015338343764658022 0.020118758390642227 5364.000000000000000000
0.015336773131597634 0.020082272698110373 5364.000000000000000000
0.015335304738798879 0.020039242560309346 5364.000000000000000000
0.015333789484928336 0.019989475673246368 5364.000000000000000000
0.015332445565269781 0.019950789195095645 5364.000000000000000000
0.015330722421166319 0.019911572872326998 5364.000000000000000000
0.015329275694408957 0.019869699618807846 5364.000000000000000000
0.015327634550033891 0.019831045053617932 5365.000000000000000000
0.015326228014286196 0.019803785282632148 5365.000000000000000000
0.015324708521136963 0.019745486926346551 5365.000000000000000000
0.015323208998219623 0.019715004110739062 5365.000000000000000000
0.015321702865842385 0.019670924891979521 5365.000000000000000000
0.015320095298793397 0.019640986355439569 5365.000000000000000000
0.015318520693432491 0.019593773221575173 5365.000000000000000000
0.015317019976939713 0.019568049528623177 5365.000000000000000000
0.015315523672479982 0.019521391254687874 5394.000000000000000000
0.015313966368173957 0.019482728811182383 5418.000000000000000000
0.015312478315585187 0.019446783730831325 5418.000000000000000000
0.015310916844188201 0.019411947203026209 5418.000000000000000000
0.015309335830274017 0.019376515664078886 5418.000000000000000000
0.015307713798743594 0.019338556422927707 5418.000000000000000000
0.015306253457719802 0.019307239952634409 5419.000000000000000000
0.015304672526099170 0.019269776835738057 5419.000000000000000000
0.015303176993898269 0.019225665958264707 5419.000000000000000000
0.015301778001135106 0.019191914059376876 5419.000000000000000000
0.015300264004641842 0.019150421793862799 5433.000000000000000000
0.015298571013424637 0.019125131053210905 5445.000000000000000000
0.015297077263250167 0.019080578186386123 5460.000000000000000000
0.015295477343232973 0.019059301900665369 5481.000000000000000000
0.015294102869649294 0.019005695758341736 5481.000000000000000000
0.015292345034528929 0.018981289834932722 5481.000000000000000000
0.015291013986434756 0.018941340003350293 5482.000000000000000000
0.015289206260517604 0.018917375563613142 5482.000000000000000000
0.015287707775880500 0.018884233395020451 5482.000000000000000000
0.015286035660834158 0.018850798974365326 5482.000000000000000000
0.015284727531121934 0.018812094585395043 5490.000000000000000000
0.015282999641969691 0.018779104086827335 5490.000000000000000000
0.015281459694397721 0.018755079952522496 5508.000000000000000000
0.015279904221424154 0.018717699739070139 5510.000000000000000000
0.015278215501504358 0.018694035495745748 5511.000000000000000000
0.015276665600728861 0.018653564570264791 5511.000000000000000000
0.015275097293561997 0.018633707617099260 5511.000000000000000000
0.015273638037304990 0.018593968558580965 5512.000000000000000000
0.015271911806630704 0.018561248706490511 5512.000000000000000000
0.015270485794341933 0.018534689163109165 5512.000000000000000000
0.015268921895879525 0.018495751106577731 5512.000000000000000000
0.015267285988987581 0.018465095297692625 5512.000000000000000000
0.015265711975405305 0.018434138073755945 5515.000000000000000000
0.015264261924407357 0.018397957449738728 5515.000000000000000000
0.015262601441626051 0.018377024407516443 5515.000000000000000000
0.015260995502168098 0.018337453321439566 5515.000000000000000000
0.015259401023836383 0.018320220523350701 5515.000000000000000000
0.015257769878654242 0.018281006031546608 5515.000000000000000000
0.015256060153837970 0.018260682870420774 5515.000000000000000000
0.015254766373881712 0.018215993023929133 5515.000000000000000000
0.015252979454120378 0.018195942450978612 5515.000000000000000000
0.015251414647471599 0.018165541485672367 5516.000000000000000000
0.015249795345687022 0.018141059510229377 5516.000000000000000000
0.015248160640551267 0.018120479874552807 5516.000000000000000000
0.015246460904409407 0.018083387514910957 5516.000000000000000000
0.015244894636569030 0.018063057260067680 5516.000000000000000000
0.015243437392778739 0.018019488554946485 5516.000000000000000000
0.015241671807105348 0.018000354566648179 5516.000000000000000000
0.015240149854682670 0.017962947096142420 5516.000000000000000000
0.015238428211513890 0.017947371718729753 5516.000000000000000000
0.015236874088430762 0.017910270792161245 5516.000000000000000000
0.015235296878693856 0.017885327315077425 5517.000000000000000000
0.015233928945115792 0.017852137435445389 5517.000000000000000000
0.015232145566438598 0.017824426004401293 5517.000000000000000000
0.015230543726081507 0.017797314437437182 5530.000000000000000000
0.015228934442773477 0.017773138688309126 5534.000000000000000000
0.015227203272145558 0.017754263149015626 5535.000000000000000000
0.015225624651816748 0.017719117228982117 5536.000000000000000000
0.015224080555128878 0.017694717493349801 5536.000000000000000000
0.015222494886011465 0.017658977005147809 5536.000000000000000000
0.015220684839271682 0.017641480600350899 5536.000000000000000000
0.015219197827500903 0.017618488719182774 5536.000000000000000000
0.015217420423308677 0.017591949814411176 5536.000000000000000000
0.015215766708805428 0.017565978404140790 5536.000000000000000000
0.015214337713813426 0.017533978954101314 5536.000000000000000000
0.015212603594015625 0.017508241109621091 5537.000000000000000000
0.015210908663502200 0.017482203858277649 5537.000000000000000000
0.015209244861144272 0.017456725080092206 5537.000000000000000000
0.015207639510893180 0.017443266327577405 5537.000000000000000000
0.015205860666164068 0.017416665893038055 5537.000000000000000000
0.015204455578086702 0.017382671802650670 5556.000000000000000000
0.015202945775598583 0.017354200085197054 5591.000000000000000000
0.015201350153554314 0.017320822317700921 5605.000000000000000000
0.015199718874331870 0.017295632884916198 5605.000000000000000000
0.015198026253743219 0.017274144962161481 5605.000000000000000000
0.015196456327953188 0.017249225872588123 5605.000000000000000000
0.015194965976605015 0.017207722849406162 5629.000000000000000000
0.015193356924333244 0.017195325183204019 5629.000000000000000000
0.015191630878960319 0.017162208914633229 5629.000000000000000000
0.015190117268986083 0.017138640308935478 5629.000000000000000000
0.015188439170393019 0.017116725335499069 5629.000000000000000000
0.015186720217426081 0.017093139098524578 5629.000000000000000000
0.015185387036268540 0.017052260279512149 5630.000000000000000000
0.015183681791150920 0.017032057381357789 5630.000000000000000000
0.015181992090459021 0.017008524828461175 5630.000000000000000000
0.015180331420860803 0.016985561020560022 5630.000000000000000000
0.015178812432068020 0.016966191415920089 5630.000000000000000000
0.015177049716508552 0.016934473119747089 5630.000000000000000000
0.015175564516854326 0.016911850116553516 5630.000000000000000000
0.015174049770250013 0.016875352314746631 5630.000000000000000000
0.015172441533956037 0.016855799397576310 5630.000000000000000000
0.015170781515629613 0.016832513220730337 5630.000000000000000000
0.015169228896843698 0.016805521416167511 5631.000000000000000000
0.015167553671729075 0.016783329960129795 5631.000000000000000000
0.015165950751949339 0.016753098744549708 5631.000000000000000000
0.015164406676868981 0.016743158803658460 5631.000000000000000000
0.015162705629798176 0.016704837280652914 5631.000000000000000000
0.015160998329097898 0.016692165105735020 5631.000000000000000000
0.015159436930926770 0.016665157396952585 5631.000000000000000000
0.015157765217085553 0.016644731987194562 5631.000000000000000000
0.015156224731188975 0.016614177710425670 5631.000000000000000000
0.015154563893770491 0.016596470892117892 5632.000000000000000000
0.015152958772258468 0.016567586488076540 5632.000000000000000000
0.015151221755675699 0.016547182258769801 5632.000000000000000000
0.015149583686821014 0.016538320808203204 5632.000000000000000000
0.015147983577385523 0.016501379883908658 5632.000000000000000000
0.015146388770548904 0.016481268571811602 5632.000000000000000000
0.015144753003446558 0.016463121812407625 5633.000000000000000000
0.015143126737635151 0.016436200960679360 5633.000000000000000000
0.015141570081005045 0.016409686597322511 5633.000000000000000000
0.015139887215923086 0.016393037739828930 5633.000000000000000000
0.015138285654050058 0.016374237327028186 5633.000000000000000000
0.015136731090004862 0.016337591527666461 5633.000000000000000000
0.015135018487535977 0.016329665635218094 5634.000000000000000000
0.015133402578693226 0.016301679601186381 5653.000000000000000000
0.015131692860235316 0.016283397701647877 5655.000000000000000000
0.015129998797233249 0.016266261638006201 5656.000000000000000000
0.015128422201197530 0.016240479876463279 5658.000000000000000000
0.015126818096487462 0.016212278342812074 5659.000000000000000000
0.015125154240363725 0.016196580222162332 5659.000000000000000000
0.015123443936179117 0.016178783555798347 5659.000000000000000000
0.015121797473390111 0.016159301405011317 5659.000000000000000000
0.015120089925747870 0.016144581050733971 5659.000000000000000000
0.015118457258975457 0.016117656662451633 5659.000000000000000000
0.015116915282103705 0.016091905537235749 5659.000000000000000000
0.015115177743595871 0.016075664992703159 5659.000000000000000000
0.015113723360620687 0.016045366849100663 5659.000000000000000000
0.015112010282810147 0.016029332400384809 5659.000000000000000000
0.015110324613926239 0.016019213315574054 5660.000000000000000000
0.015108770552521501 0.015986451669612569 5660.000000000000000000
0.015107102188635009 0.015970692107381407 5660.000000000000000000
0.015105422618674190 0.015953961055630107 5660.000000000000000000
0.015103648143508832 0.015928065330080791 5660.000000000000000000
0.015102067781952692 0.015914332231538295 5660.000000000000000000
0.015100282572010596 0.015896108437953346 5660.000000000000000000
0.015098782589572908 0.015870873080488349 5660.000000000000000000
0.015097101008690756 0.015848828228666203 5660.000000000000000000
0.015095406944271103 0.015832019399407402 5660.000000000000000000
0.015093693997450109 0.015815905148324268 5661.000000000000000000
0.015091941264231863 0.015800934689905267 5661.000000000000000000
0.015090398812444072 0.015777584667052588 5661.000000000000000000
0.015088669003884992 0.015751815172854500 5661.000000000000000000
0.015087088127847762 0.015746276663983007 5661.000000000000000000
0.015085484852694455 0.015708672954896596 5661.000000000000000000
0.015083732242832486 0.015699878826502173 5661.000000000000000000
0.015082160474786332 0.015678601195376490 5661.000000000000000000
0.015080345156913276 0.015662642406548306 5661.000000000000000000
0.015078866134309256 0.015639111926582367 5672.000000000000000000
0.015077109492667164 0.015624895105169952 5701.000000000000000000
0.015075387086017049 0.015609857529411998 5734.000000000000000000
0.015073714266941774 0.015588326453597071 5746.000000000000000000
0.015072037937535065 0.015573444708844052 5761.000000000000000000
0.015070418946300766 0.015541273885483748 5799.000000000000000000
0.015068702980893930 0.015535835026692741 5841.000000000000000000
0.015067082859980711 0.015512793702590710 5889.000000000000000000
0.015065199172928386 0.015497377166949548 5908.000000000000000000
0.015063656716796972 0.015492807056956572 5908.000000000000000000
0.015062053761457046 0.015469645937975460 5909.000000000000000000
0.015060455283512785 0.015454387463307970 5909.000000000000000000
0.015059049292196865 0.015434089390624614 5909.000000000000000000
0.015057259568146545 0.015426999495361741 5909.000000000000000000
0.015055823267678842 0.015413522299794686 5909.000000000000000000
0.015054241164295190 0.015394079236935934 5909.000000000000000000
0.015052567049876392 0.015386460631397481 5909.000000000000000000
0.015051155312826671 0.015363374609509265 5909.000000000000000000
0.015049479282380077 0.015359902250175372 5910.000000000000000000
0.015047782345931291 0.015343996938711912 5910.000000000000000000
0.015046332143592803 0.015333092709864049 5910.000000000000000000
0.015044573174815860 0.015317206856468601 5910.000000000000000000
0.015043090045038328 0.015301974308343054 5910.000000000000000000
0.015041585142751475 0.015282381766534800 5910.000000000000000000
0.015039752696700147 0.015282830267962826 5910.000000000000000000
0.015038297278933094 0.015276269996620212 5910.000000000000000000
0.015036549577412432 0.015256141003678432 5910.000000000000000000
0.015035025253732699 0.015249534928008072 5910.000000000000000000
0.015033449347813064 0.015218718142356988 5911.000000000000000000
0.015031908867416380 0.015222221462406760 5911.000000000000000000
0.015030194123785600 0.015198752281333303 5911.000000000000000000
0.015028781741080768 0.015190058998602563 5911.000000000000000000
0.015027176191166104 0.015167032396962410 5911.000000000000000000
0.015025429886216819 0.015160799510244469 5911.000000000000000000
0.015024144119734831 0.015148215566108590 5911.000000000000000000
0.015022273436523534 0.015132563671741966 5911.000000000000000000
0.015020792620275943 0.015126826591561294 5911.000000000000000000
0.015019089271586916 0.015105754637843348 5912.000000000000000000
0.015017477346988174 0.015099575430128411 5912.000000000000000000
0.015015978883176847 0.015075919324445094 5949.000000000000000000
0.015014340038411849 0.015071182507207129 5949.000000000000000000
0.015012714757604437 0.015049088768904055 6001.000000000000000000
0.015011007679824068 0.015041870158932080 6002.000000000000000000
0.015009561191354045 0.015030724082750888 6003.000000000000000000
0.015007648935443842 0.015022644451790039 6004.000000000000000000
0.015006454892941763 0.015009715665051496 6004.000000000000000000
0.015004753268993851 0.014982860711938490 6004.000000000000000000
0.015003152111279361 0.014983245610972005 6004.000000000000000000
0.015001655041091830 0.014955960886352614 6004.000000000000000000
0.014999710506513433 0.014956317277769995 6004.000000000000000000
0.014998482785632244 0.014933086657039881 6004.000000000000000000
0.014996658322557142 0.014921280326847109 6004.000000000000000000
0.014995156509429421 0.014913726031624386 6004.000000000000000000
0.014993486459850174 0.014891966160291965 6004.000000000000000000
0.014991753068797901 0.014894698348094067 6005.000000000000000000
0.014990284873872399 0.014865062603054124 6005.000000000000000000
0.014988641390660452 0.014859676669120057 6005.000000000000000000
0.014987100440286732 0.014843706852300262 6005.000000000000000000
0.014985328828600436 0.014830403104803764 6005.000000000000000000
0.014983825207638283 0.014816836729292529 6005.000000000000000000
0.014982037506034789 0.014811164197808376 6005.000000000000000000
0.014980609353048024 0.014799253828951380 6005.000000000000000000
0.014979158318147771 0.014771632224394302 6005.000000000000000000
0.014977415942771478 0.014764321995524460 6005.000000000000000000
0.014975911687957680 0.014750750561381374 6006.000000000000000000
0.014974061998131068 0.014745146455745419 6006.000000000000000000
0.014972549009894030 0.014721631001559769 6006.000000000000000000
0.014970873973362634 0.014718374830611959 6006.000000000000000000
0.014969293383716028 0.014702303568232895 6007.000000000000000000
0.014967753699691878 0.014687515819786456 6007.000000000000000000
0.014965971486200070 0.014683927953922501 6007.000000000000000000
0.014964346481455034 0.014668039182619944 6007.000000000000000000
0.014962705194369496 0.014654893873892115 6007.000000000000000000
0.014961174885966620 0.014633353919006645 6008.000000000000000000
0.014959583724122070 0.014620220740960116 6009.000000000000000000
0.014957887421363659 0.014614533930533793 6009.000000000000000000
0.014956335645692227 0.014602507004851675 6009.000000000000000000
0.014954751209669265 0.014581158072092567 6032.000000000000000000
0.014953059116533591 0.014575962036589469 6037.000000000000000000
0.014951498901921005 0.014562546088148493 6043.000000000000000000
0.014949893225670374 0.014539246825556575 6066.000000000000000000
0.014948220309959665 0.014536099003384330 6071.000000000000000000
0.014946478421809324 0.014528201789475991 6071.000000000000000000
0.014944944727289747 0.014509419773160339 6071.000000000000000000
0.014943188158385266 0.014501830303323630 6071.000000000000000000
0.014941711196611378 0.014478950584857025 6071.000000000000000000
0.014940074622634766 0.014467623732623270 6072.000000000000000000
0.014938227358987765 0.014468018743953287 6072.000000000000000000
0.014936765157178613 0.014447108819417315 6072.000000000000000000
0.014934941305817458 0.014441827070708681 6072.000000000000000000
0.014933658348619613 0.014416179561400157 6072.000000000000000000
0.014931992351058640 0.014403403557826121 6072.000000000000000000
0.014930237108978192 0.014396093716386707 6072.000000000000000000
0.014928633319776324 0.014382431221468756 6072.000000000000000000
0.014926918110878826 0.014377889488409640 6072.000000000000000000
0.014925280230824158 0.014356513550398324 6072.000000000000000000
0.014923795743894198 0.014344128198455432 6073.000000000000000000
0.014922080944296340 0.014330983812947902 6073.000000000000000000
0.014920291898473121 0.014323633355027277 6073.000000000000000000
0.014918820630498240 0.014313007134055913 6073.000000000000000000
0.014916944889328845 0.014297683251956361 6073.000000000000000000
0.014915503154856850 0.014290658585835668 6075.000000000000000000
0.014913829106896738 0.014264256627759687 6075.000000000000000000
0.014912033079379938 0.014265095560279108 6075.000000000000000000
0.014910557104231529 0.014246230240739198 6075.000000000000000000
0.014908827468965448 0.014235086387569438 6075.000000000000000000
0.014907413106591624 0.014222358599994192 6075.000000000000000000
0.014905631519692838 0.014209394857751413 6075.000000000000000000
0.014904042955978353 0.014197076102679597 6075.000000000000000000
0.014902283894034047 0.014184175133060379 6075.000000000000000000
0.014900657986077504 0.014177455639102950 6075.000000000000000000
0.014898977298371434 0.014164591827085368 6075.000000000000000000
0.014897350429330934 0.014152025168210659 6076.000000000000000000
0.014895752947759942 0.014131792885870015 6076.000000000000000000
0.014893942170399346 0.014124925792002285 6076.000000000000000000
0.014892332630868194 0.014114122281603638 6076.000000000000000000
0.014890637656197768 0.014100119729198888 6076.000000000000000000
0.014889133026370750 0.014089628930943277 6076.000000000000000000
0.014887320525142472 0.014082729816705403 6077.000000000000000000
0.014885892276813856 0.014064343739706905 6077.000000000000000000
0.014884112746866879 0.014053912607396328 6077.000000000000000000
0.014882472015595897 0.014047233626578700 6077.000000000000000000
0.014880946887148335 0.014021484080578328 6077.000000000000000000
0.014879127105470902 0.014022682346119692 6077.000000000000000000
0.014877540242683901 0.014002429166752052 6077.000000000000000000
0.014875774800475271 0.013998385700531479 6078.000000000000000000
0.014874121479535207 0.013978213426970055 6078.000000000000000000
0.014872441724746674 0.013974011799127726 6089.000000000000000000
0.014870932021794275 0.013961980687695302 6089.000000000000000000
0.014869030036201559 0.013947543669331030 6089.000000000000000000
0.014867560774392351 0.013943599592889124 6089.000000000000000000
0.014865664015283529 0.013923615461666254 6090.000000000000000000
0.014864064277749287 0.013926878509855882 6090.000000000000000000
0.014862739417124462 0.013887978391106313 6090.000000000000000000
0.014860823863028425 0.013889181784318874 6090.000000000000000000
0.014859312103216640 0.013879231944706668 6090.000000000000000000
0.014857416105063245 0.013865575859630564 6090.000000000000000000
0.014855898497770002 0.013855501781607198 6090.000000000000000000
0.014854335068369166 0.013841790499851618 6091.000000000000000000
0.014852803933296120 0.013832369296979027 6091.000000000000000000
0.014851340542716326 0.013822646520717274 6091.000000000000000000
0.014849675251357178 0.013818625787025274 6091.000000000000000000
0.014848152862125633 0.013803562166311765 6091.000000000000000000
0.014846659803501694 0.013790037815455986 6091.000000000000000000
0.014845034670863379 0.013773013768341445 6091.000000000000000000
0.014843595970243574 0.013776602282990732 6092.000000000000000000
0.014841924326894922 0.013754080262646880 6092.000000000000000000
0.014840620855915669 0.013748362990484713 6092.000000000000000000
0.014839211902441671 0.013721774042256394 6097.000000000000000000
0.014837293725969401 0.013725366406338362 6097.000000000000000000
0.014836166093652110 0.013716222570312410 6097.000000000000000000
0.014834293851491447 0.013699544289049789 6097.000000000000000000
0.014832939533889717 0.013705265321938056 6097.000000000000000000
0.014831431551720394 0.013671727069144088 6098.000000000000000000
0.014829716367885524 0.013675317908066094 6098.000000000000000000
0.014828267114120230 0.013660881346546317 6098.000000000000000000
0.014826541789069128 0.013654941994066201 6108.000000000000000000
0.014825184519153671 0.013642353755569596 6109.000000000000000000
0.014823666444140670 0.013629147437600289 6109.000000000000000000
0.014822132450770419 0.013612666674599582 6109.000000000000000000
0.014820396647015054 0.013611423945079927 6109.000000000000000000
0.014818903249226734 0.013599501272897845 6109.000000000000000000
0.014817507757985180 0.013593995152503124 6119.000000000000000000
0.014816087444146853 0.013570894394484742 6125.000000000000000000
0.014814602519585173 0.013561426878961965 6125.000000000000000000
0.014812952158643517 0.013558140641455723 6125.000000000000000000
0.014811164332302305 0.013548850516619595 6125.000000000000000000
0.014809969344520021 0.013537823950992732 6126.000000000000000000
0.014808319530549797 0.013516535094778974 6126.000000000000000000
0.014806800731628296 0.013522279078958022 6126.000000000000000000
0.014805289103330680 0.013496579567325659 6126.000000000000000000
0.014803486742878069 0.013500230814647577 6126.000000000000000000
0.014802246345159212 0.013484766666238690 6126.000000000000000000
0.014800672348582308 0.013468144532654243 6126.000000000000000000
0.014799090423676853 0.013466695553428384 6127.000000000000000000
0.014797419630512865 0.013457966406886960 6127.000000000000000000
0.014796007940774255 0.013446897228449748 6127.000000000000000000
0.014794407557262437 0.013431108526369055 6127.000000000000000000
0.014792838109739402 0.013427613476127920 6127.000000000000000000
0.014791636696523289 0.013401905984654662 6127.000000000000000000
0.014789871083040352 0.013398727870608673 6127.000000000000000000
0.014788452596541614 0.013397504158182505 6128.000000000000000000
0.014786957091821425 0.013372143973641637 6128.000000000000000000
0.014785250126980114 0.013377976324001473 6128.000000000000000000
0.014783833566371139 0.013364210735459073 6128.000000000000000000
0.014782378872870207 0.013344449254638477 6128.000000000000000000
0.014780762665874584 0.013344778850024346 6128.000000000000000000
0.014779132209206800 0.013327924648669097 6128.000000000000000000
0.014777652859447482 0.013328290321258847 6129.000000000000000000
0.014776050522184210 0.013310249814039395 6130.000000000000000000
0.014774777047294454 0.013295008916842823 6130.000000000000000000
0.014772941423485888 0.013286978230508478 6130.000000000000000000
0.014771500641531920 0.013288197432192162 6130.000000000000000000
0.014769956009180430 0.013274808103981848 6130.000000000000000000
0.014768466453029714 0.013259924617261472 6131.000000000000000000
0.014766942031854486 0.013253668842747134 6131.000000000000000000
0.014765475696714410 0.013236704155846473 6131.000000000000000000
0.014763968418818460 0.013230509478041904 6131.000000000000000000
0.014762383134873644 0.013220635003634119 6131.000000000000000000
0.014761122116266321 0.013197592991496920 6131.000000000000000000
0.014759346078076501 0.013203920475349745 6131.000000000000000000
0.014757711059420002 0.013194117423419022 6132.000000000000000000
0.014756349946157082 0.013181372363311076 6132.000000000000000000
0.014754797262662104 0.013168651837555841 6132.000000000000000000
0.014753228822598038 0.013164476059912654 6132.000000000000000000
0.014751669780917281 0.013155200389714893 6132.000000000000000000
0.014750122592463654 0.013140118523159909 6132.000000000000000000
0.014748614057800608 0.013136426209764341 6132.000000000000000000
0.014747092349559940 0.013121774716849884 6133.000000000000000000
0.014745414790352188 0.013116361366906883 6133.000000000000000000
0.014744108490390451 0.013107164683474136 6133.000000000000000000
0.014742538030849611 0.013091373455130905 6133.000000000000000000
0.014740794683028444 0.013095557069450597 6133.000000000000000000
0.014739431042139381 0.013076193365376828 6133.000000000000000000
0.014737956059870673 0.013071583558930934 6133.000000000000000000
0.014736668218174041 0.013047208030619950 6133.000000000000000000
0.014734762619856685 0.013053536080656784 6134.000000000000000000
0.014733394697177087 0.013045759061228094 6149.000000000000000000
0.014731832690711126 0.013034005733508026 6149.000000000000000000
0.014730430356014632 0.013028446791854820 6150.000000000000000000
0.014728877426098479 0.013009442674663437 6150.000000000000000000
0.014727062041475048 0.013013770801043677 6150.000000000000000000
0.014725676477929288 0.013005998913959685 6150.000000000000000000
0.014724388822614287 0.012984562297330646 6150.000000000000000000
0.014722595746483194 0.012976788169593625 6150.000000000000000000
0.014721112305616976 0.012976701777384537 6150.000000000000000000
0.014719522022767067 0.012955630824077665 6151.000000000000000000
0.014718274540417676 0.012947480731411422 6151.000000000000000000
0.014716540487622075 0.012940077764998992 6151.000000000000000000
0.014714953374923557 0.012937905811417487 6151.000000000000000000
0.014713465014830058 0.012924613396634591 6151.000000000000000000
0.014711858681005684 0.012923687651378982 6151.000000000000000000
0.014710523942204155 0.012902403552762506 6151.000000000000000000
0.014708981029072577 0.012897578358134118 6152.000000000000000000
0.014707463606626102 0.012890826227698292 6152.000000000000000000
0.014705926212555650 0.012876721583668935 6152.000000000000000000
0.014704394177786635 0.012873708376677888 6152.000000000000000000
0.014702897956289573 0.012861620700178215 6152.000000000000000000