Residual Convergence speed Computational time
0.12567346 0.22520372 0.00000000
0.12562190 0.21276082 0.00000000
0.12555791 0.20138918 1.00000000
0.12549290 0.19283327 1.00000000
0.12542966 0.18777137 1.00000000
0.12536841 0.18646698 2.00000000
0.12530865 0.18893632 2.00000000
0.12524968 0.19500352 2.00000000
0.12519076 0.20435753 2.00000000
0.12513112 0.21662181 3.00000000
0.12507003 0.23141727 3.00000000
0.12500673 0.24840410 3.00000000
0.12494043 0.26730099 3.00000000
0.12487035 0.28788819 4.00000000
0.12479565 0.31000185 4.00000000
0.12471547 0.33352489 4.00000000
0.12462889 0.35837756 4.00000000
0.12453494 0.38450880 4.00000000
0.12443258 0.41188895 5.00000000
0.12432070 0.44050375 5.00000000
0.12419812 0.47034932 5.00000000
0.12406355 0.50142802 5.00000000
0.12391562 0.53374485 6.00000000
0.12375287 0.56730427 6.00000000
0.12357372 0.60210732 6.00000000
0.12337649 0.63814880 6.00000000
0.12315939 0.67541462 7.00000000
0.12292054 0.71387916 7.00000000
0.12265792 0.75350263 7.00000000
0.12236947 0.79422848 7.00000000
0.12205301 0.83598092 8.00000000
0.12170631 0.87866250 8.00000000
0.12132711 0.92215199 8.00000000
0.12091312 0.96630258 8.00000000
0.12046209 1.01094052 9.00000000
0.11997186 1.05586450 9.00000000
0.11944034 1.10084566 9.00000000
0.11886565 1.14562869 9.00000000
0.11824614 1.18993384 9.00000000
0.11758045 1.23346018 10.00000000
0.11686757 1.27588994 10.00000000
0.11610695 1.31689398 10.00000000
0.11529849 1.35613830 11.00000000
0.11444266 1.39329124 11.00000000
0.11354049 1.42803128 13.00000000
0.11259364 1.46005495 13.00000000
0.11160438 1.48908465 13.00000000
0.11057560 1.51487586 13.00000000
0.10951077 1.53722347 14.00000000
0.10841392 1.55596710 14.00000000
0.10728952 1.57099485 14.00000000
0.10614245 1.58224574 14.00000000
0.10497786 1.58971041 15.00000000
0.10380105 1.59343041 15.00000000
0.10261741 1.59349592 15.00000000
0.10143224 1.59004216 15.00000000
0.10025066 1.58324465 16.00000000
0.09907753 1.57331358 16.00000000
0.09791734 1.56048746 17.00000000
0.09677419 1.54502644 17.00000000
0.09565165 1.52720548 18.00000000
0.09455285 1.50730774 18.00000000
0.09348036 1.48561830 18.00000000
0.09243628 1.46241850 18.00000000
0.09142220 1.43798098 18.00000000
0.09043929 1.41256562 19.00000000
0.08948827 1.38641626 19.00000000
0.08856950 1.35975833 19.00000000
0.08768302 1.33279723 19.00000000
0.08682857 1.30571752 20.00000000
0.08600567 1.27868265 20.00000000
0.08521364 1.25183529 20.00000000
0.08445165 1.22529801 20.00000000
0.08371876 1.19917430 21.00000000
0.08301392 1.17354982 21.00000000
0.08233604 1.14849376 21.00000000
0.08168401 1.12406033 21.00000000
0.08105668 1.10029016 22.00000000
0.08045291 1.07721184 22.00000000
0.07987159 1.05484324 22.00000000
0.07931162 1.03319291 22.00000000
0.07877195 1.01226133 22.00000000
0.07825156 0.99204203 23.00000000
0.07774950 0.97252275 23.00000000
0.07726483 0.95368639 23.00000000
0.07679668 0.93551192 23.00000000
0.07634424 0.91797520 24.00000000
0.07590674 0.90104973 24.00000000
0.07548345 0.88470732 24.00000000
0.07507370 0.86891863 24.00000000
0.07467686 0.85365377 25.00000000
0.07429234 0.83888270 25.00000000
0.07391959 0.82457560 25.00000000
0.07355811 0.81070329 25.00000000
0.07320741 0.79723744 25.00000000
0.07286705 0.78415080 26.00000000
0.07253663 0.77141744 26.00000000
0.07221574 0.75901285 26.00000000
0.07190404 0.74691404 26.00000000
0.07160118 0.73509964 27.00000000
0.07130685 0.72354990 27.00000000
0.07102074 0.71224675 27.00000000
0.07074258 0.70117374 27.00000000
0.07047211 0.69031603 28.00000000
0.07020906 0.67966034 28.00000000
0.06995320 0.66919488 28.00000000
0.06970431 0.65890926 28.00000000
0.06946217 0.64879447 28.00000000
0.06922657 0.63884269 29.00000000
0.06899732 0.62904730 29.00000000
0.06877421 0.61940270 29.00000000
0.06855708 0.60990426 29.00000000
0.06834574 0.60054823 30.00000000
0.06814003 0.59133162 30.00000000
0.06793977 0.58225212 30.00000000
0.06774481 0.57330802 30.00000000
0.06755499 0.56449814 30.00000000
0.06737016 0.55582172 31.00000000
0.06719018 0.54727839 31.00000000
0.06701489 0.53886807 31.00000000
0.06684417 0.53059093 31.00000000
0.06667788 0.52244733 32.00000000
0.06651588 0.51443778 32.00000000
0.06635805 0.50656289 32.00000000
0.06620425 0.49882333 32.00000000
0.06605437 0.49121978 33.00000000
0.06590829 0.48375294 33.00000000
0.06576589 0.47642347 33.00000000
0.06562706 0.46923201 33.00000000
0.06549169 0.46217909 34.00000000
0.06535966 0.45526520 34.00000000
0.06523088 0.44849073 34.00000000
0.06510524 0.44185596 34.00000000
0.06498264 0.43536107 34.00000000
0.06486299 0.42900613 35.00000000
0.06474619 0.42279110 35.00000000
0.06463215 0.41671583 35.00000000
0.06452078 0.41078005 35.00000000
0.06441200 0.40498339 36.00000000
0.06430571 0.39932536 36.00000000
0.06420185 0.39380537 36.00000000
0.06410033 0.38842271 36.00000000
0.06400107 0.38317662 37.00000000
0.06390400 0.37806620 37.00000000
0.06380904 0.37309049 37.00000000
0.06371614 0.36824843 37.00000000
0.06362521 0.36353891 37.00000000
0.06353620 0.35896073 38.00000000
0.06344904 0.35451264 38.00000000
0.06336367 0.35019331 38.00000000
0.06328003 0.34600137 38.00000000
0.06319806 0.34193542 39.00000000
0.06311770 0.33799398 39.00000000
0.06303891 0.33417556 39.00000000
0.06296162 0.33047864 39.00000000
0.06288580 0.32690166 40.00000000
0.06281138 0.32344303 40.00000000
0.06273833 0.32010117 40.00000000
0.06266659 0.31687444 40.00000000
0.06259613 0.31376125 40.00000000
0.06252689 0.31075994 41.00000000
0.06245884 0.30786890 41.00000000
0.06239194 0.30508648 41.00000000
0.06232615 0.30241105 41.00000000
0.06226143 0.29984100 42.00000000
0.06219774 0.29737470 42.00000000
0.06213505 0.29501055 42.00000000
0.06207333 0.29274696 42.00000000
0.06201253 0.29058236 43.00000000
0.06195264 0.28851517 43.00000000
0.06189361 0.28654388 43.00000000
0.06183543 0.28466695 43.00000000
0.06177805 0.28288291 44.00000000
0.06172145 0.28119027 44.00000000
0.06166560 0.27958759 44.00000000
0.06161048 0.27807346 44.00000000
0.06155607 0.27664649 44.00000000
0.06150232 0.27530533 45.00000000
0.06144923 0.27404863 45.00000000
0.06139676 0.27287512 45.00000000
0.06134490 0.27178351 46.00000000
0.06129362 0.27077258 46.00000000
0.06124290 0.26984113 46.00000000
0.06119272 0.26898799 46.00000000
0.06114306 0.26821203 47.00000000
0.06109390 0.26751216 47.00000000
0.06104521 0.26688729 47.00000000
0.06099698 0.26633642 47.00000000
0.06094920 0.26585855 48.00000000
0.06090183 0.26545271 48.00000000
0.06085487 0.26511799 48.00000000
0.06080830 0.26485349 48.00000000
0.06076210 0.26465837 48.00000000
0.06071625 0.26453181 49.00000000
0.06067073 0.26447302 49.00000000
0.06062554 0.26448126 49.00000000
0.06058066 0.26455581 49.00000000
0.06053606 0.26469599 50.00000000
0.06049174 0.26490116 50.00000000
0.06044767 0.26517071 50.00000000
0.06040386 0.26550405 50.00000000
0.06036027 0.26590064 50.00000000
0.06031690 0.26635996 51.00000000
0.06027373 0.26688153 51.00000000
0.06023075 0.26746489 51.00000000
0.06018794 0.26810962 51.00000000
0.06014530 0.26881532 51.00000000
0.06010280 0.26958163 52.00000000
0.06006044 0.27040820 52.00000000
0.06001820 0.27129472 52.00000000
0.05997607 0.27224090 52.00000000
0.05993403 0.27324648 53.00000000
0.05989207 0.27431121 53.00000000
0.05985019 0.27543487 53.00000000
0.05980836 0.27661726 53.00000000
0.05976657 0.27785820 53.00000000
0.05972481 0.27915753 54.00000000
0.05968308 0.28051509 54.00000000
0.05964135 0.28193074 54.00000000
0.05959961 0.28340438 54.00000000
0.05955785 0.28493588 55.00000000
0.05951606 0.28652513 55.00000000
0.05947422 0.28817205 55.00000000
0.05943233 0.28987653 55.00000000
0.05939036 0.29163849 55.00000000
0.05934832 0.29345783 56.00000000
0.05930617 0.29533445 56.00000000
0.05926392 0.29726825 56.00000000
0.05922154 0.29925912 56.00000000
0.05917903 0.30130694 56.00000000
0.05913637 0.30341156 57.00000000
0.05909355 0.30557282 57.00000000
0.05905055 0.30779056 57.00000000
0.05900736 0.31006455 57.00000000
0.05896398 0.31239458 57.00000000
0.05892038 0.31478037 58.00000000
0.05887654 0.31722162 58.00000000
0.05883247 0.31971799 58.00000000
0.05878814 0.32226908 58.00000000
0.05874354 0.32487446 59.00000000
0.05869866 0.32753363 59.00000000
0.05865348 0.33024606 59.00000000
0.05860798 0.33301112 59.00000000
0.05856217 0.33582813 59.00000000
0.05851601 0.33869635 60.00000000
0.05846950 0.34161495 60.00000000
0.05842262 0.34458302 60.00000000
0.05837537 0.34759957 60.00000000
0.05832772 0.35066352 60.00000000
0.05827966 0.35377369 61.00000000
0.05823117 0.35692882 61.00000000
0.05818225 0.36012754 61.00000000
0.05813289 0.36336836 61.00000000
0.05808306 0.36664971 62.00000000
0.05803275 0.36996990 62.00000000
0.05798196 0.37332712 62.00000000
0.05793066 0.37671945 62.00000000
0.05787886 0.38014488 62.00000000
0.05782652 0.38360125 63.00000000
0.05777365 0.38708630 63.00000000
0.05772024 0.39059767 63.00000000
0.05766626 0.39413287 63.00000000
0.05761171 0.39768931 63.00000000
0.05755659 0.40126430 64.00000000
0.05750087 0.40485504 64.00000000
0.05744456 0.40845865 64.00000000
0.05738764 0.41207213 64.00000000
0.05733011 0.41569244 65.00000000
0.05727196 0.41931645 65.00000000
0.05721318 0.42294096 65.00000000
0.05715377 0.42656273 65.00000000
0.05709372 0.43017847 65.00000000
0.05703303 0.43378487 66.00000000
0.05697170 0.43737860 66.00000000
0.05690972 0.44095632 66.00000000
0.05684709 0.44451471 66.00000000
0.05678382 0.44805049 66.00000000
0.05671989 0.45156039 67.00000000
0.05665532 0.45504122 67.00000000
0.05659010 0.45848985 67.00000000
0.05652424 0.46190326 67.00000000
0.05645773 0.46527851 68.00000000
0.05639059 0.46861278 68.00000000
0.05632281 0.47190338 68.00000000
0.05625441 0.47514777 68.00000000
0.05618538 0.47834358 68.00000000
0.05611575 0.48148858 69.00000000
0.05604550 0.48458074 69.00000000
0.05597465 0.48761821 69.00000000
0.05590321 0.49059934 69.00000000
0.05583119 0.49352269 69.00000000
0.05575859 0.49638701 70.00000000
0.05568542 0.49919128 70.00000000
0.05561170 0.50193468 70.00000000
0.05553743 0.50461662 70.00000000
0.05546262 0.50723672 70.00000000
0.05538728 0.50979479 71.00000000
0.05531142 0.51229088 71.00000000
0.05523505 0.51472523 71.00000000
0.05515817 0.51709827 71.00000000
0.05508080 0.51941061 72.00000000
0.05500295 0.52166307 72.00000000
0.05492462 0.52385662 72.00000000
0.05484582 0.52599239 72.00000000
0.05476655 0.52807165 72.00000000
0.05468683 0.53009582 73.00000000
0.05460667 0.53206645 73.00000000
0.05452605 0.53398518 73.00000000
0.05444500 0.53585376 73.00000000
0.05436351 0.53767403 73.00000000
0.05428160 0.53944789 74.00000000
0.05419925 0.54117730 74.00000000
0.05411649 0.54286426 74.00000000
0.05403330 0.54451083 74.00000000
0.05394969 0.54611906 75.00000000
0.05386566 0.54769103 75.00000000
0.05378122 0.54922880 75.00000000
0.05369635 0.55073443 75.00000000
0.05361107 0.55220995 75.00000000
0.05352537 0.55365736 76.00000000
0.05343925 0.55507862 76.00000000
0.05335270 0.55647564 76.00000000
0.05326574 0.55785027 76.00000000
0.05317834 0.55920430 76.00000000
0.05309052 0.56053945 77.00000000
0.05300226 0.56185736 77.00000000
0.05291357 0.56315960 77.00000000
0.05282443 0.56444766 77.00000000
0.05273486 0.56572292 78.00000000
0.05264484 0.56698670 78.00000000
0.05255437 0.56824021 78.00000000
0.05246344 0.56948458 78.00000000
0.05237206 0.57072084 78.00000000
0.05228021 0.57194993 79.00000000
0.05218790 0.57317270 79.00000000
0.05209511 0.57438990 79.00000000
0.05200186 0.57560220 79.00000000
0.05190812 0.57681016 79.00000000
0.05181391 0.57801428 80.00000000
0.05171921 0.57921497 80.00000000
0.05162402 0.58041253 80.00000000
0.05152835 0.58160722 80.00000000
0.05143218 0.58279920 80.00000000
0.05133552 0.58398855 81.00000000
0.05123836 0.58517531 81.00000000
0.05114070 0.58635942 81.00000000
0.05104254 0.58754079 81.00000000
0.05094388 0.58871924 82.00000000
0.05084472 0.58989456 82.00000000
0.05074505 0.59106648 82.00000000
0.05064488 0.59223470 82.00000000
0.05054421 0.59339884 82.00000000
0.05044303 0.59455852 83.00000000
0.05034135 0.59571332 83.00000000
0.05023916 0.59686278 83.00000000
0.05013648 0.59800642 83.00000000
0.05003329 0.59914375 84.00000000
0.04992960 0.60027424 84.00000000
0.04982541 0.60139737 84.00000000
0.04972073 0.60251261 84.00000000
0.04961555 0.60361941 84.00000000
0.04950987 0.60471724 85.00000000
0.04940371 0.60580556 85.00000000
0.04929705 0.60688384 85.00000000
0.04918991 0.60795157 85.00000000
0.04908228 0.60900824 85.00000000
0.04897417 0.61005337 86.00000000
0.04886557 0.61108651 86.00000000
0.04875650 0.61210720 86.00000000
0.04864695 0.61311505 86.00000000
0.04853692 0.61410968 87.00000000
0.04842642 0.61509074 87.00000000
0.04831544 0.61605792 87.00000000
0.04820399 0.61701097 87.00000000
0.04809207 0.61794964 87.00000000
0.04797969 0.61887377 88.00000000
0.04786683 0.61978322 88.00000000
0.04775350 0.62067790 88.00000000
0.04763970 0.62155777 88.00000000
0.04752543 0.62242285 88.00000000
0.04741068 0.62327322 89.00000000
0.04729547 0.62410900 89.00000000
0.04717977 0.62493036 89.00000000
0.04706360 0.62573755 89.00000000
0.04694695 0.62653087 90.00000000
0.04682981 0.62731067 90.00000000
0.04671219 0.62807737 90.00000000
0.04659407 0.62883144 90.00000000
0.04647545 0.62957343 90.00000000
0.04635632 0.63030391 91.00000000
0.04623668 0.63102355 91.00000000
0.04611652 0.63173306 91.00000000
0.04599583 0.63243321 91.00000000
0.04587461 0.63312483 95.00000000
0.04575283 0.63380878 100.00000000
0.04563050 0.63448602 100.00000000
0.04550760 0.63515752 100.00000000
0.04538412 0.63582431 100.00000000
0.04526004 0.63648748 101.00000000
0.04513536 0.63714815 101.00000000
0.04501005 0.63780749 101.00000000
0.04488411 0.63846669 101.00000000
0.04475751 0.63912699 101.00000000
0.04463023 0.63978965 102.00000000
0.04450227 0.64045595 102.00000000
0.04437361 0.64112722 102.00000000
0.04424421 0.64180476 103.00000000
0.04411407 0.64248991 103.00000000
0.04398317 0.64318400 103.00000000
0.04385147 0.64388836 103.00000000
0.04371896 0.64460432 104.00000000
0.04358562 0.64533318 104.00000000
0.04345143 0.64607623 104.00000000
0.04331635 0.64683471 104.00000000
0.04318037 0.64760986 104.00000000
0.04304346 0.64840282 105.00000000
0.04290560 0.64921473 105.00000000
0.04276676 0.65004664 105.00000000
0.04262691 0.65089952 105.00000000
0.04248604 0.65177429 106.00000000
0.04234411 0.65267176 106.00000000
0.04220111 0.65359265 106.00000000
0.04205700 0.65453757 106.00000000
0.04191176 0.65550703 107.00000000
0.04176536 0.65650140 107.00000000
0.04161779 0.65752092 107.00000000
0.04146901 0.65856571 107.00000000
0.04131901 0.65963571 108.00000000
0.04116776 0.66073075 108.00000000
0.04101524 0.66185045 108.00000000
0.04086144 0.66299428 108.00000000
0.04070632 0.66416156 108.00000000
0.04054988 0.66535139 111.00000000
0.04039209 0.66656272 114.00000000
0.04023294 0.66779429 114.00000000
0.04007242 0.66904465 114.00000000
0.03991051 0.67031218 115.00000000
0.03974720 0.67159505 115.00000000
0.03958248 0.67289125 115.00000000
0.03941635 0.67419857 115.00000000
0.03924880 0.67551463 116.00000000
0.03907982 0.67683685 116.00000000
0.03890941 0.67816250 116.00000000
0.03873758 0.67948866 116.00000000
0.03856432 0.68081227 116.00000000
0.03838965 0.68213011 117.00000000
0.03821355 0.68343882 117.00000000
0.03803605 0.68473495 117.00000000
0.03785716 0.68601489 117.00000000
0.03767688 0.68727498 118.00000000
0.03749523 0.68851144 118.00000000
0.03731222 0.68972047 118.00000000
0.03712789 0.69089819 118.00000000
0.03694223 0.69204072 119.00000000
0.03675529 0.69314415 119.00000000
0.03656708 0.69420461 119.00000000
0.03637762 0.69521823 119.00000000
0.03618695 0.69618121 119.00000000
0.03599508 0.69708981 120.00000000
0.03580207 0.69794037 120.00000000
0.03560792 0.69872937 120.00000000
0.03541268 0.69945336 120.00000000
0.03521638 0.70010908 121.00000000
0.03501905 0.70069338 121.00000000
0.03482073 0.70120331 121.00000000
0.03462145 0.70163609 121.00000000
0.03442126 0.70198912 122.00000000
0.03422018 0.70226004 122.00000000
0.03401826 0.70244666 122.00000000
0.03381553 0.70254702 122.00000000
0.03361202 0.70255941 122.00000000
0.03340779 0.70248231 123.00000000
0.03320286 0.70231447 123.00000000
0.03299727 0.70205482 123.00000000
0.03279105 0.70170258 123.00000000
0.03258426 0.70125715 124.00000000
0.03237691 0.70071818 124.00000000
0.03216905 0.70008553 124.00000000
0.03196072 0.69935929 124.00000000
0.03175194 0.69853973 125.00000000
0.03154275 0.69762734 125.00000000
0.03133318 0.69662279 125.00000000
0.03112327 0.69552695 125.00000000
0.03091305 0.69434084 125.00000000
0.03070255 0.69306565 126.00000000
0.03049179 0.69170272 126.00000000
0.03028082 0.69025352 126.00000000
0.03006965 0.68871968 127.00000000
0.02985833 0.68710291 127.00000000
0.02964686 0.68540504 128.00000000
0.02943529 0.68362799 128.00000000
0.02922364 0.68177379 128.00000000
0.02901193 0.67984452 129.00000000
0.02880020 0.67784231 129.00000000
0.02858845 0.67576939 129.00000000
0.02837673 0.67362800 129.00000000
0.02816505 0.67142042 129.00000000
0.02795345 0.66914897 130.00000000
0.02774193 0.66681599 130.00000000
0.02753053 0.66442382 130.00000000
0.02731927 0.66197483 130.00000000
0.02710817 0.65947136 131.00000000
0.02689726 0.65691577 131.00000000
0.02668656 0.65431040 131.00000000
0.02647609 0.65165759 131.00000000
0.02626588 0.64895963 132.00000000
0.02605596 0.64621882 132.00000000
0.02584634 0.64343741 132.00000000
0.02563705 0.64061765 132.00000000
0.02542811 0.63776173 132.00000000
0.02521956 0.63487182 133.00000000
0.02501141 0.63195007 133.00000000
0.02480370 0.62899857 133.00000000
0.02459644 0.62601940 133.00000000
0.02438967 0.62301457 134.00000000
0.02418341 0.61998609 134.00000000
0.02397770 0.61693590 134.00000000
0.02377255 0.61386593 134.00000000
0.02356800 0.61077805 135.00000000
0.02336408 0.60767411 135.00000000
0.02316082 0.60455592 135.00000000
0.02295824 0.60142524 135.00000000
0.02275638 0.59828381 135.00000000
0.02255527 0.59513334 136.00000000
0.02235494 0.59197548 136.00000000
0.02215542 0.58881187 136.00000000
0.02195675 0.58564410 136.00000000
0.02175895 0.58247375 137.00000000
0.02156206 0.57930233 137.00000000
0.02136611 0.57613136 137.00000000
0.02117114 0.57296229 137.00000000
0.02097717 0.56979656 138.00000000
0.02078424 0.56663557 138.00000000
0.02059238 0.56348069 138.00000000
0.02040163 0.56033324 138.00000000
0.02021201 0.55719453 138.00000000
0.02002356 0.55406582 139.00000000
0.01983631 0.55094833 139.00000000
0.01965028 0.54784326 139.00000000
0.01946552 0.54475174 139.00000000
0.01928205 0.54167489 140.00000000
0.01909989 0.53861377 140.00000000
0.01891908 0.53556941 141.00000000
0.01873964 0.53254279 141.00000000
0.01856159 0.52953483 141.00000000
0.01838497 0.52654642 141.00000000
0.01820980 0.52357839 142.00000000
0.01803610 0.52063152 142.00000000
0.01786389 0.51770654 142.00000000
0.01769319 0.51480413 142.00000000
0.01752403 0.51192490 143.00000000
0.01735641 0.50906942 143.00000000
0.01719035 0.50623820 143.00000000
0.01702588 0.50343169 143.00000000
0.01686299 0.50065027 144.00000000
0.01670171 0.49789429 144.00000000
0.01654205 0.49516404 144.00000000
0.01638401 0.49245972 144.00000000
0.01622760 0.48978151 144.00000000
0.01607283 0.48712953 145.00000000
0.01591970 0.48450384 145.00000000
0.01576822 0.48190445 145.00000000
0.01561838 0.47933133 145.00000000
0.01547019 0.47678440 146.00000000
0.01532365 0.47426352 146.00000000
0.01517876 0.47176853 146.00000000
0.01503551 0.46929923 146.00000000
0.01489390 0.46685536 147.00000000
0.01475392 0.46443666 147.00000000
0.01461557 0.46204280 147.00000000
0.01447884 0.45967347 147.00000000
0.01434372 0.45732829 147.00000000
0.01421021 0.45500688 148.00000000
0.01407828 0.45270883 148.00000000
0.01394794 0.45043374 148.00000000
0.01381917 0.44818116 148.00000000
0.01369195 0.44595065 149.00000000
0.01356628 0.44374175 149.00000000
0.01344214 0.44155400 149.00000000
0.01331952 0.43938694 149.00000000
0.01319841 0.43724009 150.00000000
0.01307878 0.43511299 150.00000000
0.01296063 0.43300517 150.00000000
0.01284393 0.43091617 150.00000000
0.01272868 0.42884552 150.00000000
0.01261485 0.42679277 151.00000000
0.01250244 0.42475747 151.00000000
0.01239142 0.42273918 151.00000000
0.01228177 0.42073747 151.00000000
0.01217349 0.41875192 152.00000000
0.01206656 0.41678213 152.00000000
0.01196095 0.41482768 152.00000000
0.01185665 0.41288819 153.00000000
0.01175364 0.41096329 153.00000000
0.01165192 0.40905262 153.00000000
0.01155145 0.40715583 153.00000000
0.01145223 0.40527257 154.00000000
0.01135423 0.40340253 154.00000000
0.01125745 0.40154539 154.00000000
0.01116186 0.39970086 154.00000000
0.01106746 0.39786865 154.00000000
0.01097421 0.39604849 155.00000000
0.01088211 0.39424012 155.00000000
0.01079114 0.39244329 155.00000000
0.01070129 0.39065776 155.00000000
0.01061253 0.38888332 156.00000000
0.01052486 0.38711974 156.00000000
0.01043826 0.38536684 156.00000000
0.01035271 0.38362441 156.00000000
0.01026820 0.38189228 157.00000000
0.01018472 0.38017028 157.00000000
0.01010224 0.37845825 157.00000000
0.01002076 0.37675603 157.00000000
0.00994026 0.37506349 157.00000000
0.00986073 0.37338048 158.00000000
0.00978216 0.37170689 158.00000000
0.00970452 0.37004260 158.00000000
0.00962781 0.36838750 158.00000000
0.00955202 0.36674147 159.00000000
0.00947712 0.36510443 159.00000000
0.00940312 0.36347629 159.00000000
0.00932999 0.36185696 159.00000000
0.00925772 0.36024636 160.00000000
0.00918630 0.35864441 160.00000000
0.00911572 0.35705106 160.00000000
0.00904597 0.35546622 160.00000000
0.00897704 0.35388985 160.00000000
0.00890890 0.35232189 161.00000000
0.00884156 0.35076228 161.00000000
0.00877501 0.34921098 161.00000000
0.00870922 0.34766793 161.00000000
0.00864419 0.34613311 162.00000000
0.00857991 0.34460646 162.00000000
0.00851636 0.34308795 162.00000000
0.00845355 0.34157754 162.00000000
0.00839145 0.34007521 163.00000000
0.00833006 0.33858091 163.00000000
0.00826937 0.33709463 163.00000000
0.00820936 0.33561632 163.00000000
0.00815004 0.33414598 163.00000000
0.00809138 0.33268356 164.00000000
0.00803338 0.33122905 164.00000000
0.00797604 0.32978242 164.00000000
0.00791933 0.32834366 164.00000000
0.00786326 0.32691273 165.00000000
0.00780781 0.32548962 165.00000000
0.00775298 0.32407431 165.00000000
0.00769875 0.32266678 165.00000000
0.00764512 0.32126700 166.00000000
0.00759208 0.31987496 166.00000000
0.00753963 0.31849064 166.00000000
0.00748774 0.31711401 166.00000000
0.00743643 0.31574507 166.00000000
0.00738567 0.31438379 167.00000000
0.00733547 0.31303015 167.00000000
0.00728581 0.31168413 167.00000000
0.00723668 0.31034571 167.00000000
0.00718808 0.30901487 168.00000000
0.00714001 0.30769159 168.00000000
0.00709245 0.30637586 168.00000000
0.00704539 0.30506764 168.00000000
0.00699884 0.30376693 169.00000000
0.00695278 0.30247369 169.00000000
0.00690722 0.30118790 169.00000000
0.00686213 0.29990955 169.00000000
0.00681751 0.29863861 169.00000000
0.00677337 0.29737505 170.00000000
0.00672968 0.29611886 170.00000000
0.00668646 0.29487001 170.00000000
0.00664368 0.29362847 170.00000000
0.00660134 0.29239422 171.00000000
0.00655945 0.29116724 171.00000000
0.00651798 0.28994749 171.00000000
0.00647695 0.28873496 171.00000000
0.00643633 0.28752961 172.00000000
0.00639613 0.28633142 172.00000000
0.00635634 0.28514036 172.00000000
0.00631696 0.28395640 173.00000000
0.00627797 0.28277951 173.00000000
0.00623938 0.28160967 173.00000000
0.00620117 0.28044684 173.00000000
0.00616336 0.27929100 174.00000000
0.00612592 0.27814211 174.00000000
0.00608885 0.27700014 174.00000000
0.00605215 0.27586507 174.00000000
0.00601582 0.27473686 174.00000000
0.00597985 0.27361548 175.00000000
0.00594423 0.27250090 175.00000000
0.00590897 0.27139309 175.00000000
0.00587405 0.27029200 175.00000000
0.00583947 0.26919762 176.00000000
0.00580523 0.26810990 176.00000000
0.00577132 0.26702882 176.00000000
0.00573774 0.26595433 176.00000000
0.00570449 0.26488641 177.00000000
0.00567156 0.26382502 177.00000000
0.00563894 0.26277013 177.00000000
0.00560664 0.26172169 177.00000000
0.00557465 0.26067969 178.00000000
0.00554296 0.25964407 178.00000000
0.00551157 0.25861481 178.00000000
0.00548048 0.25759187 178.00000000
0.00544968 0.25657521 179.00000000
0.00541917 0.25556480 179.00000000
0.00538895 0.25456061 179.00000000
0.00535901 0.25356259 180.00000000
0.00532935 0.25257071 180.00000000
0.00529997 0.25158493 180.00000000
0.00527086 0.25060523 180.00000000
0.00524202 0.24963155 181.00000000
0.00521345 0.24866387 181.00000000
0.00518513 0.24770215 181.00000000
0.00515708 0.24674634 181.00000000
0.00512929 0.24579643 181.00000000
0.00510174 0.24485236 182.00000000
0.00507445 0.24391410 182.00000000
0.00504740 0.24298162 182.00000000
0.00502060 0.24205487 182.00000000
0.00499404 0.24113383 183.00000000
0.00496772 0.24021845 183.00000000
0.00494164 0.23930870 183.00000000
0.00491578 0.23840454 183.00000000
0.00489016 0.23750594 184.00000000
0.00486476 0.23661285 184.00000000
0.00483959 0.23572525 184.00000000
0.00481464 0.23484309 184.00000000
0.00478991 0.23396635 184.00000000
0.00476540 0.23309497 185.00000000
0.00474110 0.23222894 185.00000000
0.00471701 0.23136820 185.00000000
0.00469313 0.23051273 185.00000000
0.00466946 0.22966249 186.00000000
0.00464600 0.22881745 186.00000000
0.00462273 0.22797756 186.00000000
0.00459967 0.22714279 186.00000000
0.00457680 0.22631311 187.00000000
0.00455412 0.22548849 187.00000000
0.00453164 0.22466888 187.00000000
0.00450935 0.22385425 187.00000000
0.00448725 0.22304457 188.00000000
0.00446534 0.22223980 188.00000000
0.00444361 0.22143991 188.00000000
0.00442206 0.22064487 188.00000000
0.00440069 0.21985463 189.00000000
0.00437950 0.21906917 189.00000000
0.00435849 0.21828845 189.00000000
0.00433765 0.21751244 189.00000000
0.00431698 0.21674110 189.00000000
0.00429648 0.21597441 190.00000000
0.00427615 0.21521232 190.00000000
0.00425599 0.21445481 190.00000000
0.00423599 0.21370183 190.00000000
0.00421615 0.21295337 191.00000000
0.00419648 0.21220938 191.00000000
0.00417696 0.21146984 191.00000000
0.00415760 0.21073471 191.00000000
0.00413840 0.21000396 192.00000000
0.00411935 0.20927756 192.00000000
0.00410046 0.20855547 192.00000000
0.00408171 0.20783767 197.00000000
0.00406311 0.20712413 197.00000000
0.00404466 0.20641481 198.00000000
0.00402636 0.20570968 198.00000000
0.00400820 0.20500871 198.00000000
0.00399018 0.20431187 198.00000000
0.00397231 0.20361914 199.00000000
0.00395457 0.20293047 199.00000000
0.00393698 0.20224585 199.00000000
0.00391951 0.20156524 199.00000000
0.00390219 0.20088861 200.00000000
0.00388500 0.20021594 205.00000000
0.00386794 0.19954719 211.00000000
0.00385101 0.19888233 218.00000000
0.00383421 0.19822135 224.00000000
0.00381754 0.19756420 228.00000000
0.00380100 0.19691086 228.00000000
0.00378458 0.19626130 228.00000000
0.00376828 0.19561549 228.00000000
0.00375211 0.19497342 229.00000000
0.00373606 0.19433504 229.00000000
0.00372013 0.19370033 229.00000000
0.00370432 0.19306927 231.00000000
0.00368863 0.19244183 231.00000000
0.00367306 0.19181798 231.00000000
0.00365760 0.19119769 232.00000000
0.00364225 0.19058094 232.00000000
0.00362702 0.18996771 232.00000000
0.00361190 0.18935796 232.00000000
0.00359689 0.18875168 233.00000000
0.00358200 0.18814882 233.00000000
0.00356720 0.18754938 233.00000000
0.00355252 0.18695333 233.00000000
0.00353795 0.18636064 233.00000000
0.00352348 0.18577128 234.00000000
0.00350911 0.18518523 234.00000000
0.00349485 0.18460247 234.00000000
0.00348069 0.18402297 234.00000000
0.00346663 0.18344671 234.00000000
0.00345267 0.18287367 235.00000000
0.00343881 0.18230382 235.00000000
0.00342505 0.18173714 235.00000000
0.00341139 0.18117360 235.00000000
0.00339782 0.18061318 235.00000000
0.00338435 0.18005587 235.00000000
0.00337097 0.17950163 237.00000000
0.00335769 0.17895044 237.00000000
0.00334450 0.17840229 238.00000000
0.00333140 0.17785714 238.00000000
0.00331839 0.17731499 238.00000000
0.00330547 0.17677580 238.00000000
0.00329265 0.17623955 238.00000000
0.00327991 0.17570623 239.00000000
0.00326725 0.17517581 239.00000000
0.00325469 0.17464827 239.00000000
0.00324221 0.17412359 239.00000000
0.00322981 0.17360175 239.00000000
0.00321750 0.17308272 240.00000000
0.00320527 0.17256650 240.00000000
0.00319313 0.17205305 240.00000000
0.00318107 0.17154236 240.00000000
0.00316909 0.17103441 240.00000000
0.00315718 0.17052918 240.00000000
0.00314536 0.17002664 241.00000000
0.00313362 0.16952679 241.00000000
0.00312196 0.16902959 241.00000000
0.00311037 0.16853504 241.00000000
0.00309886 0.16804311 241.00000000
0.00308742 0.16755378 242.00000000
0.00307606 0.16706704 242.00000000
0.00306478 0.16658286 242.00000000
0.00305357 0.16610123 242.00000000
0.00304243 0.16562213 242.00000000
0.00303137 0.16514554 243.00000000
0.00302037 0.16467144 243.00000000
0.00300945 0.16419982 243.00000000
0.00299860 0.16373066 243.00000000
0.00298782 0.16326394 243.00000000
0.00297711 0.16279964 244.00000000
0.00296647 0.16233775 244.00000000
0.00295589 0.16187825 244.00000000
0.00294538 0.16142112 245.00000000
0.00293494 0.16096635 245.00000000
0.00292457 0.16051391 245.00000000
0.00291426 0.16006380 245.00000000
0.00290402 0.15961600 245.00000000
0.00289384 0.15917048 246.00000000
0.00288372 0.15872724 246.00000000
0.00287367 0.15828626 250.00000000
0.00286368 0.15784752 250.00000000
0.00285376 0.15741101 251.00000000
0.00284389 0.15697671 251.00000000
0.00283409 0.15654460 251.00000000
0.00282435 0.15611468 251.00000000
0.00281466 0.15568692 252.00000000
0.00280504 0.15526131 252.00000000
0.00279548 0.15483783 252.00000000
0.00278597 0.15441648 252.00000000
0.00277653 0.15399724 253.00000000
0.00276714 0.15358008 253.00000000
0.00275780 0.15316500 253.00000000
0.00274853 0.15275199 253.00000000
0.00273931 0.15234102 253.00000000
0.00273015 0.15193209 254.00000000
0.00272104 0.15152518 254.00000000
0.00271198 0.15112028 254.00000000
0.00270298 0.15071737 254.00000000
0.00269404 0.15031644 255.00000000
0.00268515 0.14991747 255.00000000
0.00267631 0.14952046 255.00000000
0.00266752 0.14912539 255.00000000
0.00265878 0.14873225 256.00000000
0.00265010 0.14834101 256.00000000
0.00264147 0.14795168 256.00000000
0.00263289 0.14756424 256.00000000
0.00262436 0.14717867 257.00000000
0.00261588 0.14679496 257.00000000
0.00260744 0.14641310 257.00000000
0.00259906 0.14603308 257.00000000
0.00259073 0.14565488 258.00000000
0.00258244 0.14527850 258.00000000
0.00257420 0.14490392 258.00000000
0.00256601 0.14453112 258.00000000
0.00255787 0.14416010 258.00000000
0.00254978 0.14379085 259.00000000
0.00254173 0.14342335 259.00000000
0.00253372 0.14305759 261.00000000
0.00252576 0.14269356 261.00000000
0.00251785 0.14233125 261.00000000
0.00250998 0.14197065 262.00000000
0.00250216 0.14161174 262.00000000
0.00249438 0.14125452 262.00000000
0.00248664 0.14089897 262.00000000
0.00247895 0.14054508 262.00000000
0.00247130 0.14019285 264.00000000
0.00246370 0.13984225 264.00000000
0.00245613 0.13949329 264.00000000
0.00244861 0.13914595 264.00000000
0.00244113 0.13880021 265.00000000
0.00243369 0.13845607 265.00000000
0.00242630 0.13811352 265.00000000
