Residual Convergence speed Computational time
0.12567346 0.22520372 1.00000000
0.12562190 0.20819058 2.00000000
0.12552874 0.18921335 2.00000000
0.12540472 0.17912565 2.00000000
0.12525854 0.19095359 2.00000000
0.12509446 0.23063524 3.00000000
0.12491041 0.29406144 3.00000000
0.12469668 0.37492850 3.00000000
0.12443500 0.46912451 3.00000000
0.12409764 0.57458701 3.00000000
0.12364649 0.69036993 4.00000000
0.12303189 0.81584031 4.00000000
0.12219158 0.94990810 4.00000000
0.12105026 1.09013851 4.00000000
0.11952133 1.23171342 5.00000000
0.11751296 1.36641045 5.00000000
0.11494097 1.48207398 5.00000000
0.11174997 1.56335879 5.00000000
0.10794012 1.59449835 6.00000000
0.10359040 1.56405548 6.00000000
0.09886446 1.47012428 6.00000000
0.09398880 1.32326863 6.00000000
0.08920776 1.14483839 6.00000000
0.08473651 0.96050548 8.00000000
0.08073338 0.79205320 8.00000000
0.07729100 0.65224892 8.00000000
0.07442814 0.54467833 8.00000000
0.07207923 0.46494147 9.00000000
0.07010960 0.40176452 9.00000000
0.06837598 0.34290587 9.00000000
0.06679725 0.28385398 9.00000000
0.06537569 0.22983778 9.00000000
0.06415390 0.18922470 10.00000000
0.06315465 0.16480135 10.00000000
0.06235829 0.15147664 10.00000000
0.06172343 0.14240394 10.00000000
0.06121387 0.13435621 11.00000000
0.06080402 0.12752080 11.00000000
0.06046868 0.12282915 11.00000000
0.06017660 0.11985259 11.00000000
0.05989537 0.11677737 12.00000000
0.05960150 0.11205158 12.00000000
0.05928741 0.10589256 12.00000000
0.05896190 0.10044285 12.00000000
0.05864441 0.09829985 12.00000000
0.05835567 0.10021410 13.00000000
0.05810937 0.10432103 13.00000000
0.05790914 0.10779717 13.00000000
0.05775131 0.10877028 13.00000000
0.05762951 0.10708612 14.00000000
0.05753642 0.10415569 14.00000000
0.05746264 0.10216118 14.00000000
0.05739580 0.10280721 14.00000000
0.05732236 0.10635599 15.00000000
0.05723149 0.11182726 15.00000000
0.05711796 0.11800803 15.00000000
0.05698219 0.12418563 15.00000000
0.05682778 0.13024665 15.00000000
0.05665855 0.13643653 16.00000000
0.05647704 0.14308719 16.00000000
0.05628478 0.15042228 16.00000000
0.05608326 0.15842759 17.00000000
0.05587421 0.16677950 17.00000000
0.05565903 0.17487627 17.00000000
0.05543833 0.18200413 17.00000000
0.05521225 0.18758794 18.00000000
0.05498142 0.19140973 18.00000000
0.05474777 0.19368843 18.00000000
0.05451449 0.19498686 18.00000000
0.05428520 0.19599929 18.00000000
0.05406301 0.19732838 19.00000000
0.05384997 0.19935150 19.00000000
0.05364724 0.20220699 19.00000000
0.05345533 0.20585607 19.00000000
0.05327432 0.21015419 20.00000000
0.05310383 0.21489837 20.00000000
0.05294291 0.21985839 20.00000000
0.05279010 0.22481187 20.00000000
0.05264360 0.22959039 20.00000000
0.05250156 0.23412559 21.00000000
0.05236230 0.23847700 21.00000000
0.05222438 0.24282969 21.00000000
0.05208656 0.24746299 21.00000000
0.05194770 0.25270247 22.00000000
0.05180667 0.25887202 22.00000000
0.05166229 0.26625853 22.00000000
0.05151333 0.27509442 22.00000000
0.05135847 0.28555560 23.00000000
0.05119634 0.29776861 23.00000000
0.05102543 0.31182041 23.00000000
0.05084408 0.32776629 23.00000000
0.05065042 0.34563331 23.00000000
0.05044233 0.36541788 24.00000000
0.05021745 0.38707729 24.00000000
0.04997322 0.41051508 24.00000000
0.04970693 0.43556145 24.00000000
0.04941583 0.46195102 25.00000000
0.04909722 0.48930127 25.00000000
0.04874867 0.51709597 25.00000000
0.04836821 0.54467823 25.00000000
0.04795460 0.57125732 25.00000000
0.04750759 0.59593274 26.00000000
0.04702818 0.61773719 26.00000000
0.04651873 0.63569726 26.00000000
0.04598302 0.64890734 26.00000000
0.04542596 0.65660788 27.00000000
0.04485328 0.65825833 27.00000000
0.04427088 0.65359740 27.00000000
0.04368424 0.64268901 27.00000000
0.04309778 0.62595403 27.00000000
0.04251444 0.60418338 28.00000000
0.04193539 0.57851756 28.00000000
0.04136009 0.55037136 28.00000000
0.04078668 0.52128974 28.00000000
0.04021277 0.49274685 29.00000000
0.03963653 0.46594206 29.00000000
0.03905791 0.44168181 29.00000000
0.03847953 0.42042669 29.00000000
0.03790671 0.40250278 30.00000000
0.03734645 0.38835985 30.00000000
0.03680531 0.37869281 30.00000000
0.03628697 0.37430130 30.00000000
0.03579023 0.37573780 30.00000000
0.03530826 0.38297317 31.00000000
0.03482931 0.39532250 31.00000000
0.03433861 0.41168024 31.00000000
0.03382092 0.43089825 31.00000000
0.03326301 0.45209724 32.00000000
0.03265560 0.47480265 32.00000000
0.03199432 0.49890405 32.00000000
0.03127966 0.52449163 32.00000000
0.03051607 0.55164133 32.00000000
0.02971024 0.58022223 33.00000000
0.02886936 0.60978893 33.00000000
0.02799936 0.63958759 33.00000000
0.02710377 0.66865233 33.00000000
0.02618318 0.69592424 34.00000000
0.02523538 0.72031982 34.00000000
0.02425627 0.74071402 34.00000000
0.02324118 0.75586328 34.00000000
0.02218663 0.76434485 35.00000000
0.02109204 0.76460726 35.00000000
0.01996115 0.75519882 35.00000000
0.01880285 0.73516379 35.00000000
0.01763106 0.70450179 35.00000000
0.01646338 0.66451953 36.00000000
0.01531865 0.61790016 36.00000000
0.01421408 0.56838291 36.00000000
0.01316286 0.52007746 36.00000000
0.01217340 0.47659498 37.00000000
0.01124999 0.44028502 37.00000000
0.01039433 0.41184974 37.00000000
0.00960671 0.39045838 37.00000000
0.00888658 0.37427627 38.00000000
0.00823236 0.36116178 38.00000000
0.00764125 0.34925942 38.00000000
0.00710913 0.33732641 38.00000000
0.00663086 0.32478160 38.00000000
0.00620073 0.31156664 39.00000000
0.00581292 0.29793369 39.00000000
0.00546197 0.28424675 39.00000000
0.00514302 0.27084086 39.00000000
0.00485199 0.25794822 40.00000000
0.00458554 0.24567979 40.00000000
0.00434094 0.23404336 40.00000000
0.00411596 0.22297972 40.00000000
0.00390874 0.21240208 40.00000000
0.00371761 0.20222914 41.00000000
0.00354115 0.19240665 41.00000000
0.00337803 0.18291668 41.00000000
0.00322708 0.17377656 41.00000000
0.00308727 0.16503084 42.00000000
0.00295765 0.15673986 42.00000000
0.00283739 0.14896797 42.00000000
0.00272572 0.14177340 42.00000000
0.00262196 0.13520079 43.00000000
0.00252547 0.12927681 43.00000000
0.00243567 0.12400850 43.00000000
0.00235202 0.11938391 43.00000000
0.00227402 0.11537425 44.00000000
0.00220122 0.11193710 44.00000000
0.00213320 0.10902004 44.00000000
0.00206958 0.10656427 44.00000000
0.00200999 0.10450796 44.00000000
0.00195412 0.10278912 45.00000000
0.00190166 0.10134792 45.00000000
0.00185233 0.10012839 45.00000000
0.00180589 0.09907958 45.00000000
0.00176209 0.09815636 46.00000000
0.00172072 0.09731964 46.00000000
0.00168159 0.09653645 46.00000000
0.00164451 0.09577973 46.00000000
0.00160932 0.09502794 46.00000000
0.00157586 0.09426459 47.00000000
0.00154401 0.09347771 47.00000000
0.00151364 0.09265928 47.00000000
0.00148463 0.09180463 47.00000000
0.00145689 0.09091196 48.00000000
0.00143033 0.08998171 48.00000000
0.00140487 0.08901616 48.00000000
0.00138042 0.08801897 48.00000000
0.00135693 0.08699476 49.00000000
0.00133434 0.08594880 49.00000000
0.00131260 0.08488671 49.00000000
0.00129164 0.08381423 49.00000000
0.00127143 0.08273700 49.00000000
0.00125192 0.08166041 50.00000000
0.00123308 0.08058950 50.00000000
0.00121488 0.07952886 50.00000000
0.00119726 0.07848255 50.00000000
0.00118022 0.07745411 51.00000000
0.00116371 0.07644652 51.00000000
0.00114772 0.07546222 51.00000000
0.00113221 0.07450311 51.00000000
0.00111716 0.07357061 51.00000000
0.00110255 0.07266565 52.00000000
0.00108836 0.07178878 52.00000000
0.00107456 0.07094014 52.00000000
0.00106115 0.07011957 52.00000000
0.00104810 0.06932662 53.00000000
0.00103540 0.06856062 53.00000000
0.00102303 0.06782071 53.00000000
0.00101098 0.06710588 53.00000000
0.00099923 0.06641501 54.00000000
0.00098778 0.06574692 54.00000000
0.00097660 0.06510037 54.00000000
0.00096569 0.06447412 55.00000000
0.00095504 0.06386692 55.00000000
0.00094464 0.06327756 55.00000000
0.00093447 0.06270485 55.00000000
0.00092453 0.06214765 56.00000000
0.00091482 0.06160490 56.00000000
0.00090531 0.06107558 56.00000000
0.00089601 0.06055875 56.00000000
0.00088691 0.06005354 56.00000000
0.00087800 0.05955914 57.00000000
0.00086928 0.05907483 57.00000000
0.00086073 0.05859993 57.00000000
0.00085236 0.05813384 57.00000000
0.00084415 0.05767602 58.00000000
0.00083610 0.05722598 58.00000000
0.00082821 0.05678329 58.00000000
0.00082048 0.05634755 58.00000000
0.00081289 0.05591843 58.00000000
0.00080544 0.05549563 59.00000000
0.00079813 0.05507886 59.00000000
0.00079096 0.05466790 59.00000000
0.00078391 0.05426254 60.00000000
0.00077699 0.05386258 60.00000000
0.00077020 0.05346787 60.00000000
0.00076353 0.05307825 60.00000000
0.00075697 0.05269360 61.00000000
0.00075052 0.05231380 61.00000000
0.00074419 0.05193875 61.00000000
0.00073796 0.05156834 61.00000000
0.00073184 0.05120250 61.00000000
0.00072582 0.05084115 62.00000000
0.00071990 0.05048421 62.00000000
0.00071407 0.05013160 62.00000000
0.00070834 0.04978328 62.00000000
0.00070270 0.04943918 63.00000000
0.00069715 0.04909923 63.00000000
0.00069169 0.04876338 63.00000000
0.00068632 0.04843159 63.00000000
0.00068102 0.04810378 63.00000000
0.00067581 0.04777993 64.00000000
0.00067068 0.04745996 64.00000000
0.00066562 0.04714384 64.00000000
0.00066064 0.04683152 64.00000000
0.00065574 0.04652295 65.00000000
0.00065091 0.04621807 65.00000000
0.00064614 0.04591685 65.00000000
0.00064145 0.04561924 65.00000000
0.00063682 0.04532519 66.00000000
0.00063226 0.04503466 66.00000000
0.00062777 0.04474760 66.00000000
0.00062334 0.04446396 66.00000000
0.00061897 0.04418371 66.00000000
0.00061466 0.04390680 67.00000000
0.00061041 0.04363318 67.00000000
0.00060622 0.04336281 67.00000000
0.00060208 0.04309565 68.00000000
0.00059800 0.04283166 68.00000000
0.00059398 0.04257078 68.00000000
0.00059001 0.04231299 68.00000000
0.00058609 0.04205824 68.00000000
0.00058222 0.04180648 69.00000000
0.00057841 0.04155768 69.00000000
0.00057464 0.04131179 69.00000000
0.00057092 0.04106877 69.00000000
0.00056725 0.04082858 70.00000000
0.00056362 0.04059118 70.00000000
0.00056005 0.04035653 70.00000000
0.00055651 0.04012460 70.00000000
0.00055302 0.03989533 71.00000000
0.00054957 0.03966868 71.00000000
0.00054617 0.03944463 71.00000000
0.00054281 0.03922313 71.00000000
0.00053948 0.03900414 71.00000000
0.00053620 0.03878763 72.00000000
0.00053296 0.03857355 72.00000000
0.00052975 0.03836186 72.00000000
0.00052659 0.03815254 72.00000000
0.00052346 0.03794553 73.00000000
0.00052037 0.03774082 73.00000000
0.00051731 0.03753835 73.00000000
0.00051429 0.03733809 73.00000000
0.00051130 0.03714001 73.00000000
0.00050835 0.03694408 74.00000000
0.00050543 0.03675025 74.00000000
0.00050254 0.03655850 74.00000000
0.00049969 0.03636878 74.00000000
0.00049687 0.03618108 75.00000000
0.00049408 0.03599535 75.00000000
0.00049132 0.03581156 75.00000000
0.00048859 0.03562969 75.00000000
0.00048589 0.03544970 76.00000000
0.00048322 0.03527155 76.00000000
0.00048058 0.03509523 76.00000000
0.00047797 0.03492071 76.00000000
0.00047538 0.03474794 76.00000000
0.00047282 0.03457691 77.00000000
0.00047029 0.03440759 77.00000000
0.00046779 0.03423996 77.00000000
0.00046531 0.03407397 78.00000000
0.00046286 0.03390962 78.00000000
0.00046043 0.03374687 78.00000000
0.00045803 0.03358570 78.00000000
0.00045565 0.03342609 78.00000000
0.00045330 0.03326801 79.00000000
0.00045097 0.03311143 79.00000000
0.00044867 0.03295635 79.00000000
0.00044639 0.03280272 79.00000000
0.00044413 0.03265054 80.00000000
0.00044189 0.03249978 80.00000000
0.00043967 0.03235043 80.00000000
0.00043748 0.03220245 80.00000000
0.00043531 0.03205583 81.00000000
0.00043316 0.03191055 81.00000000
0.00043103 0.03176659 81.00000000
0.00042892 0.03162394 81.00000000
0.00042683 0.03148257 81.00000000
0.00042476 0.03134247 82.00000000
0.00042271 0.03120362 82.00000000
0.00042069 0.03106600 82.00000000
0.00041867 0.03092960 82.00000000
0.00041668 0.03079440 83.00000000
0.00041471 0.03066037 83.00000000
0.00041276 0.03052752 83.00000000
0.00041082 0.03039582 83.00000000
0.00040890 0.03026526 83.00000000
0.00040700 0.03013581 84.00000000
0.00040511 0.03000748 84.00000000
0.00040325 0.02988023 84.00000000
0.00040140 0.02975407 84.00000000
0.00039956 0.02962897 85.00000000
0.00039775 0.02950492 85.00000000
0.00039595 0.02938191 85.00000000
0.00039416 0.02925992 85.00000000
0.00039239 0.02913895 86.00000000
0.00039064 0.02901898 86.00000000
0.00038890 0.02889999 86.00000000
0.00038718 0.02878198 86.00000000
0.00038547 0.02866493 86.00000000
0.00038378 0.02854883 87.00000000
0.00038210 0.02843367 87.00000000
0.00038044 0.02831944 87.00000000
0.00037879 0.02820612 87.00000000
0.00037715 0.02809371 88.00000000
0.00037553 0.02798220 88.00000000
0.00037392 0.02787157 88.00000000
0.00037232 0.02776181 88.00000000
0.00037074 0.02765291 88.00000000
0.00036917 0.02754487 89.00000000
0.00036762 0.02743767 89.00000000
0.00036608 0.02733131 89.00000000
0.00036455 0.02722577 89.00000000
0.00036303 0.02712104 90.00000000
0.00036152 0.02701712 90.00000000
0.00036003 0.02691399 90.00000000
0.00035855 0.02681165 90.00000000
0.00035708 0.02671008 90.00000000
0.00035563 0.02660928 91.00000000
0.00035418 0.02650925 91.00000000
0.00035275 0.02640996 91.00000000
0.00035132 0.02631142 91.00000000
0.00034991 0.02621361 92.00000000
0.00034851 0.02611652 92.00000000
0.00034712 0.02602015 92.00000000
0.00034575 0.02592450 92.00000000
0.00034438 0.02582954 93.00000000
0.00034302 0.02573528 93.00000000
0.00034168 0.02564171 93.00000000
0.00034034 0.02554881 93.00000000
0.00033901 0.02545659 93.00000000
0.00033770 0.02536503 94.00000000
0.00033639 0.02527412 94.00000000
0.00033510 0.02518387 94.00000000
0.00033381 0.02509426 94.00000000
0.00033253 0.02500529 95.00000000
0.00033127 0.02491694 95.00000000
0.00033001 0.02482922 95.00000000
0.00032876 0.02474212 95.00000000
0.00032752 0.02465562 95.00000000
0.00032629 0.02456973 96.00000000
0.00032507 0.02448443 96.00000000
0.00032386 0.02439973 96.00000000
0.00032266 0.02431561 96.00000000
0.00032147 0.02423206 97.00000000
0.00032028 0.02414909 97.00000000
0.00031910 0.02406669 97.00000000
0.00031794 0.02398485 97.00000000
0.00031678 0.02390356 98.00000000
0.00031562 0.02382282 98.00000000
0.00031448 0.02374263 98.00000000
0.00031335 0.02366297 98.00000000
0.00031222 0.02358384 98.00000000
0.00031110 0.02350525 99.00000000
0.00030999 0.02342717 99.00000000
0.00030888 0.02334961 99.00000000
0.00030779 0.02327257 99.00000000
0.00030670 0.02319603 100.00000000
0.00030562 0.02311999 100.00000000
0.00030455 0.02304445 100.00000000
0.00030348 0.02296940 100.00000000
0.00030242 0.02289484 101.00000000
0.00030137 0.02282076 101.00000000
0.00030032 0.02274716 101.00000000
0.00029929 0.02267403 101.00000000
0.00029826 0.02260136 101.00000000
0.00029723 0.02252917 102.00000000
0.00029622 0.02245743 102.00000000
0.00029521 0.02238615 102.00000000
0.00029421 0.02231531 102.00000000
0.00029321 0.02224493 103.00000000
0.00029222 0.02217499 103.00000000
0.00029124 0.02210548 103.00000000
0.00029026 0.02203641 103.00000000
0.00028929 0.02196777 103.00000000
0.00028833 0.02189955 104.00000000
0.00028737 0.02183176 104.00000000
0.00028642 0.02176438 104.00000000
0.00028547 0.02169742 104.00000000
0.00028453 0.02163086 105.00000000
0.00028360 0.02156472 105.00000000
0.00028267 0.02149898 105.00000000
0.00028175 0.02143363 105.00000000
0.00028084 0.02136868 106.00000000
0.00027993 0.02130413 106.00000000
0.00027903 0.02123996 106.00000000
0.00027813 0.02117617 106.00000000
0.00027724 0.02111277 106.00000000
0.00027635 0.02104975 107.00000000
0.00027547 0.02098710 107.00000000
0.00027459 0.02092482 107.00000000
0.00027372 0.02086291 107.00000000
0.00027286 0.02080136 108.00000000
0.00027200 0.02074017 108.00000000
0.00027114 0.02067935 108.00000000
0.00027030 0.02061888 108.00000000
0.00026945 0.02055876 108.00000000
0.00026861 0.02049898 109.00000000
0.00026778 0.02043956 109.00000000
0.00026695 0.02038048 109.00000000
0.00026613 0.02032173 109.00000000
0.00026531 0.02026333 110.00000000
0.00026450 0.02020525 110.00000000
0.00026369 0.02014751 110.00000000
0.00026289 0.02009010 110.00000000
0.00026209 0.02003301 111.00000000
0.00026129 0.01997625 111.00000000
0.00026050 0.01991980 111.00000000
0.00025972 0.01986367 111.00000000
0.00025894 0.01980786 111.00000000
0.00025816 0.01975236 112.00000000
0.00025739 0.01969717 112.00000000
0.00025663 0.01964228 112.00000000
0.00025586 0.01958770 112.00000000
0.00025511 0.01953342 113.00000000
0.00025435 0.01947944 113.00000000
0.00025360 0.01942576 113.00000000
0.00025286 0.01937237 113.00000000
0.00025212 0.01931927 113.00000000
0.00025138 0.01926647 114.00000000
0.00025065 0.01921395 114.00000000
0.00024992 0.01916171 114.00000000
0.00024920 0.01910976 114.00000000
0.00024848 0.01905808 115.00000000
0.00024777 0.01900669 115.00000000
0.00024706 0.01895557 115.00000000
0.00024635 0.01890472 115.00000000
0.00024564 0.01885414 116.00000000
0.00024495 0.01880384 116.00000000
0.00024425 0.01875380 116.00000000
0.00024356 0.01870402 117.00000000
0.00024287 0.01865451 120.00000000
0.00024219 0.01860526 120.00000000
0.00024151 0.01855626 120.00000000
0.00024083 0.01850753 120.00000000
0.00024016 0.01845904 121.00000000
0.00023949 0.01841081 121.00000000
0.00023882 0.01836283 121.00000000
0.00023816 0.01831510 121.00000000
0.00023750 0.01826762 121.00000000
0.00023685 0.01822038 122.00000000
0.00023620 0.01817338 122.00000000
0.00023555 0.01812662 122.00000000
0.00023491 0.01808011 122.00000000
0.00023427 0.01803383 122.00000000
0.00023363 0.01798778 122.00000000
0.00023299 0.01794197 123.00000000
0.00023236 0.01789639 123.00000000
0.00023174 0.01785104 123.00000000
0.00023111 0.01780592 123.00000000
0.00023049 0.01776103 123.00000000
0.00022988 0.01771636 124.00000000
0.00022926 0.01767191 124.00000000
0.00022865 0.01762769 124.00000000
0.00022804 0.01758368 124.00000000
0.00022744 0.01753990 124.00000000
0.00022684 0.01749633 125.00000000
0.00022624 0.01745297 125.00000000
0.00022564 0.01740983 125.00000000
0.00022505 0.01736690 125.00000000
0.00022446 0.01732418 125.00000000
0.00022388 0.01728167 125.00000000
0.00022329 0.01723937 126.00000000
0.00022271 0.01719727 126.00000000
0.00022214 0.01715538 126.00000000
0.00022156 0.01711369 126.00000000
0.00022099 0.01707220 126.00000000
0.00022042 0.01703091 127.00000000
0.00021986 0.01698982 127.00000000
0.00021930 0.01694893 127.00000000
0.00021874 0.01690823 127.00000000
0.00021818 0.01686772 127.00000000
0.00021762 0.01682741 128.00000000
0.00021707 0.01678729 128.00000000
0.00021652 0.01674736 128.00000000
0.00021598 0.01670762 128.00000000
0.00021543 0.01666807 128.00000000
0.00021489 0.01662870 129.00000000
0.00021436 0.01658951 129.00000000
0.00021382 0.01655051 129.00000000
0.00021329 0.01651169 129.00000000
0.00021276 0.01647306 129.00000000
0.00021223 0.01643460 129.00000000
0.00021171 0.01639632 130.00000000
0.00021118 0.01635822 130.00000000
0.00021066 0.01632029 130.00000000
0.00021015 0.01628254 130.00000000
0.00020963 0.01624496 130.00000000
0.00020912 0.01620755 131.00000000
0.00020861 0.01617032 131.00000000
0.00020810 0.01613325 131.00000000
0.00020760 0.01609635 131.00000000
0.00020709 0.01605962 131.00000000
0.00020659 0.01602306 132.00000000
0.00020609 0.01598666 132.00000000
0.00020560 0.01595043 132.00000000
0.00020511 0.01591436 132.00000000
0.00020461 0.01587845 132.00000000
0.00020413 0.01584270 132.00000000
0.00020364 0.01580711 133.00000000
0.00020316 0.01577168 133.00000000
0.00020267 0.01573641 133.00000000
0.00020219 0.01570130 133.00000000
0.00020172 0.01566634 133.00000000
0.00020124 0.01563153 134.00000000
0.00020077 0.01559688 134.00000000
0.00020030 0.01556238 134.00000000
0.00019983 0.01552803 134.00000000
0.00019936 0.01549384 134.00000000
0.00019890 0.01545979 135.00000000
0.00019844 0.01542589 135.00000000
0.00019797 0.01539214 135.00000000
0.00019752 0.01535853 135.00000000
0.00019706 0.01532507 135.00000000
0.00019661 0.01529176 136.00000000
0.00019615 0.01525859 136.00000000
0.00019570 0.01522556 136.00000000
0.00019526 0.01519267 136.00000000
0.00019481 0.01515993 136.00000000
0.00019437 0.01512732 137.00000000
0.00019393 0.01509486 137.00000000
0.00019349 0.01506253 137.00000000
0.00019305 0.01503034 137.00000000
0.00019261 0.01499829 137.00000000
0.00019218 0.01496637 137.00000000
0.00019175 0.01493459 138.00000000
0.00019132 0.01490294 138.00000000
0.00019089 0.01487142 138.00000000
0.00019046 0.01484004 138.00000000
0.00019004 0.01480878 138.00000000
0.00018961 0.01477766 139.00000000
0.00018919 0.01474667 139.00000000
0.00018877 0.01471581 139.00000000
0.00018836 0.01468507 139.00000000
0.00018794 0.01465446 139.00000000
0.00018753 0.01462398 140.00000000
0.00018711 0.01459363 140.00000000
0.00018670 0.01456340 140.00000000
0.00018630 0.01453329 140.00000000
0.00018589 0.01450331 140.00000000
0.00018548 0.01447345 140.00000000
0.00018508 0.01444371 141.00000000
0.00018468 0.01441409 141.00000000
0.00018428 0.01438460 141.00000000
0.00018388 0.01435522 141.00000000
0.00018349 0.01432596 141.00000000
0.00018309 0.01429682 142.00000000
0.00018270 0.01426780 142.00000000
0.00018231 0.01423890 142.00000000
0.00018192 0.01421011 142.00000000
0.00018153 0.01418144 142.00000000
0.00018114 0.01415288 143.00000000
0.00018076 0.01412443 143.00000000
0.00018037 0.01409610 143.00000000
0.00017999 0.01406789 143.00000000
0.00017961 0.01403978 143.00000000
0.00017923 0.01401179 143.00000000
0.00017886 0.01398390 144.00000000
0.00017848 0.01395613 144.00000000
0.00017811 0.01392846 144.00000000
0.00017774 0.01390091 144.00000000
0.00017736 0.01387346 144.00000000
0.00017700 0.01384612 145.00000000
0.00017663 0.01381889 145.00000000
0.00017626 0.01379176 145.00000000
0.00017590 0.01376474 145.00000000
0.00017553 0.01373783 145.00000000
0.00017517 0.01371101 146.00000000
0.00017481 0.01368431 146.00000000
0.00017445 0.01365770 146.00000000
0.00017409 0.01363120 146.00000000
0.00017374 0.01360480 146.00000000
0.00017338 0.01357850 147.00000000
0.00017303 0.01355230 147.00000000
0.00017268 0.01352621 147.00000000
0.00017233 0.01350021 147.00000000
0.00017198 0.01347431 147.00000000
0.00017163 0.01344851 147.00000000
0.00017129 0.01342281 148.00000000
0.00017094 0.01339720 148.00000000
0.00017060 0.01337169 148.00000000
0.00017026 0.01334628 148.00000000
0.00016991 0.01332097 148.00000000
0.00016958 0.01329575 149.00000000
0.00016924 0.01327062 149.00000000
0.00016890 0.01324559 149.00000000
0.00016856 0.01322065 149.00000000
0.00016823 0.01319581 149.00000000
0.00016790 0.01317105 150.00000000
0.00016757 0.01314639 150.00000000
0.00016724 0.01312182 150.00000000
0.00016691 0.01309735 150.00000000
0.00016658 0.01307296 150.00000000
0.00016625 0.01304866 151.00000000
0.00016593 0.01302445 151.00000000
0.00016560 0.01300034 151.00000000
0.00016528 0.01297631 151.00000000
0.00016496 0.01295236 151.00000000
0.00016464 0.01292851 151.00000000
0.00016432 0.01290474 152.00000000
0.00016400 0.01288106 152.00000000
0.00016368 0.01285747 152.00000000
0.00016337 0.01283396 152.00000000
0.00016305 0.01281054 152.00000000
0.00016274 0.01278720 153.00000000
0.00016243 0.01276394 153.00000000
0.00016212 0.01274077 153.00000000
0.00016181 0.01271769 153.00000000
0.00016150 0.01269468 153.00000000
0.00016119 0.01267176 154.00000000
0.00016089 0.01264892 154.00000000
0.00016058 0.01262616 154.00000000
0.00016028 0.01260349 154.00000000
0.00015998 0.01258089 154.00000000
0.00015967 0.01255837 154.00000000
0.00015937 0.01253594 155.00000000
0.00015907 0.01251358 155.00000000
0.00015878 0.01249131 155.00000000
0.00015848 0.01246911 155.00000000
0.00015818 0.01244699 155.00000000
0.00015789 0.01242494 156.00000000
0.00015759 0.01240298 156.00000000
0.00015730 0.01238109 156.00000000
0.00015701 0.01235928 156.00000000
0.00015672 0.01233754 156.00000000
0.00015643 0.01231588 157.00000000
0.00015614 0.01229430 157.00000000
0.00015585 0.01227279 157.00000000
0.00015557 0.01225136 157.00000000
0.00015528 0.01223000 157.00000000
0.00015500 0.01220871 157.00000000
0.00015471 0.01218750 158.00000000
0.00015443 0.01216636 158.00000000
0.00015415 0.01214529 158.00000000
0.00015387 0.01212429 158.00000000
0.00015359 0.01210337 158.00000000
0.00015331 0.01208252 159.00000000
0.00015303 0.01206174 159.00000000
0.00015276 0.01204103 159.00000000
0.00015248 0.01202039 159.00000000
0.00015221 0.01199982 159.00000000
0.00015193 0.01197932 160.00000000
0.00015166 0.01195889 160.00000000
0.00015139 0.01193853 160.00000000
0.00015112 0.01191824 160.00000000
0.00015085 0.01189802 160.00000000
0.00015058 0.01187786 161.00000000
0.00015031 0.01185777 161.00000000
0.00015004 0.01183775 161.00000000
0.00014978 0.01181780 161.00000000
0.00014951 0.01179791 161.00000000
0.00014925 0.01177809 161.00000000
0.00014899 0.01175834 162.00000000
0.00014872 0.01173865 162.00000000
0.00014846 0.01171903 162.00000000
0.00014820 0.01169947 162.00000000
0.00014794 0.01167997 162.00000000
0.00014768 0.01166054 163.00000000
0.00014742 0.01164118 163.00000000
0.00014717 0.01162188 163.00000000
0.00014691 0.01160264 163.00000000
0.00014666 0.01158346 163.00000000
0.00014640 0.01156435 164.00000000
0.00014615 0.01154530 164.00000000
0.00014590 0.01152632 164.00000000
0.00014564 0.01150739 164.00000000
0.00014539 0.01148853 164.00000000
0.00014514 0.01146972 165.00000000
0.00014489 0.01145098 165.00000000
0.00014465 0.01143230 165.00000000
0.00014440 0.01141368 165.00000000
0.00014415 0.01139512 165.00000000
0.00014391 0.01137662 165.00000000
0.00014366 0.01135818 166.00000000
0.00014342 0.01133980 166.00000000
0.00014317 0.01132147 166.00000000
0.00014293 0.01130321 167.00000000
0.00014269 0.01128500 167.00000000
0.00014245 0.01126686 167.00000000
0.00014221 0.01124877 167.00000000
0.00014197 0.01123073 168.00000000
0.00014173 0.01121276 168.00000000
0.00014149 0.01119484 168.00000000
0.00014125 0.01117698 169.00000000
0.00014102 0.01115918 169.00000000
0.00014078 0.01114143 170.00000000
0.00014055 0.01112373 170.00000000
0.00014031 0.01110610 171.00000000
0.00014008 0.01108852 171.00000000
0.00013985 0.01107099 171.00000000
0.00013962 0.01105352 171.00000000
0.00013938 0.01103610 171.00000000
0.00013915 0.01101874 172.00000000
0.00013892 0.01100143 172.00000000
0.00013870 0.01098418 172.00000000
0.00013847 0.01096698 172.00000000
0.00013824 0.01094983 172.00000000
0.00013801 0.01093274 173.00000000
0.00013779 0.01091569 173.00000000
0.00013756 0.01089871 173.00000000
0.00013734 0.01088177 173.00000000
0.00013712 0.01086488 173.00000000
0.00013689 0.01084805 174.00000000
0.00013667 0.01083127 174.00000000
0.00013645 0.01081454 174.00000000
0.00013623 0.01079787 174.00000000
0.00013601 0.01078124 174.00000000
0.00013579 0.01076466 175.00000000
0.00013557 0.01074814 175.00000000
0.00013535 0.01073166 175.00000000
0.00013513 0.01071524 175.00000000
0.00013492 0.01069886 175.00000000
0.00013470 0.01068253 176.00000000
0.00013449 0.01066626 176.00000000
0.00013427 0.01065003 176.00000000
0.00013406 0.01063385 176.00000000
0.00013384 0.01061772 176.00000000
0.00013363 0.01060164 177.00000000
0.00013342 0.01058561 177.00000000
0.00013321 0.01056962 177.00000000
0.00013300 0.01055369 177.00000000
0.00013279 0.01053780 177.00000000
0.00013258 0.01052195 178.00000000
0.00013237 0.01050616 178.00000000
0.00013216 0.01049041 178.00000000
0.00013195 0.01047471 178.00000000
0.00013175 0.01045906 178.00000000
0.00013154 0.01044345 179.00000000
0.00013134 0.01042789 179.00000000
0.00013113 0.01041237 179.00000000
0.00013093 0.01039690 179.00000000
0.00013072 0.01038147 179.00000000
0.00013052 0.01036609 180.00000000
0.00013032 0.01035076 180.00000000
0.00013012 0.01033547 180.00000000
0.00012992 0.01032023 180.00000000
0.00012971 0.01030503 180.00000000
0.00012951 0.01028987 181.00000000
0.00012932 0.01027476 181.00000000
0.00012912 0.01025969 181.00000000
0.00012892 0.01024467 181.00000000
0.00012872 0.01022969 181.00000000
0.00012852 0.01021475 182.00000000
0.00012833 0.01019986 182.00000000
0.00012813 0.01018501 182.00000000
0.00012794 0.01017020 182.00000000
0.00012774 0.01015543 182.00000000
0.00012755 0.01014071 182.00000000
0.00012735 0.01012603 183.00000000
0.00012716 0.01011139 183.00000000
0.00012697 0.01009680 183.00000000
0.00012678 0.01008224 184.00000000
0.00012659 0.01006773 184.00000000
0.00012640 0.01005326 184.00000000
0.00012621 0.01003883 184.00000000
0.00012602 0.01002444 185.00000000
0.00012583 0.01001009 185.00000000
0.00012564 0.00999578 185.00000000
0.00012545 0.00998151 185.00000000
0.00012526 0.00996729 185.00000000
0.00012508 0.00995310 186.00000000
0.00012489 0.00993895 186.00000000
0.00012471 0.00992485 186.00000000
0.00012452 0.00991078 186.00000000
0.00012434 0.00989675 186.00000000
0.00012415 0.00988276 187.00000000
0.00012397 0.00986881 187.00000000
0.00012379 0.00985490 187.00000000
0.00012360 0.00984103 187.00000000
0.00012342 0.00982720 187.00000000
0.00012324 0.00981341 188.00000000
0.00012306 0.00979965 188.00000000
0.00012288 0.00978593 188.00000000
0.00012270 0.00977225 188.00000000
0.00012252 0.00975861 188.00000000
0.00012234 0.00974501 188.00000000
0.00012216 0.00973144 189.00000000
0.00012199 0.00971791 189.00000000
0.00012181 0.00970442 189.00000000
0.00012163 0.00969097 189.00000000
0.00012146 0.00967755 189.00000000
0.00012128 0.00966417 190.00000000
0.00012110 0.00965082 190.00000000
0.00012093 0.00963752 190.00000000
0.00012076 0.00962425 190.00000000
0.00012058 0.00961101 190.00000000
0.00012041 0.00959781 191.00000000
0.00012024 0.00958465 191.00000000
0.00012006 0.00957152 191.00000000
0.00011989 0.00955843 191.00000000
0.00011972 0.00954537 191.00000000
0.00011955 0.00953235 191.00000000
0.00011938 0.00951937 192.00000000
0.00011921 0.00950642 192.00000000
0.00011904 0.00949350 192.00000000
0.00011887 0.00948062 192.00000000
0.00011870 0.00946777 192.00000000
0.00011853 0.00945496 193.00000000
0.00011837 0.00944218 193.00000000
0.00011820 0.00942944 193.00000000
0.00011803 0.00941673 193.00000000
0.00011787 0.00940406 193.00000000
0.00011770 0.00939141 194.00000000
0.00011754 0.00937881 194.00000000
0.00011737 0.00936623 194.00000000
0.00011721 0.00935369 194.00000000
0.00011704 0.00934118 194.00000000
0.00011688 0.00932871 195.00000000
0.00011672 0.00931627 195.00000000
0.00011655 0.00930386 195.00000000
0.00011639 0.00929148 195.00000000
0.00011623 0.00927914 195.00000000
0.00011607 0.00926683 195.00000000
0.00011591 0.00925455 196.00000000
0.00011575 0.00924231 196.00000000
0.00011559 0.00923009 196.00000000
0.00011543 0.00921791 196.00000000
0.00011527 0.00920576 197.00000000
0.00011511 0.00919364 197.00000000
0.00011495 0.00918155 197.00000000
0.00011480 0.00916950 197.00000000
0.00011464 0.00915747 197.00000000
0.00011448 0.00914548 197.00000000
0.00011432 0.00913352 198.00000000
0.00011417 0.00912159 198.00000000
0.00011401 0.00910969 198.00000000
0.00011386 0.00909782 198.00000000
0.00011370 0.00908598 198.00000000
0.00011355 0.00907417 199.00000000
0.00011339 0.00906240 199.00000000
0.00011324 0.00905065 199.00000000
0.00011309 0.00903893 199.00000000
0.00011293 0.00902724 199.00000000
0.00011278 0.00901559 200.00000000
0.00011263 0.00900396 206.00000000
0.00011248 0.00899236 208.00000000
