Residual Convergence speed Computational time
0.12567346 0.22520372 3.00000000
0.12562190 0.21512789 3.00000000
0.12554300 0.20170235 3.00000000
0.12545192 0.19056227 3.00000000
0.12535689 0.18598936 4.00000000
0.12526145 0.19042402 4.00000000
0.12516615 0.20414792 4.00000000
0.12506979 0.22586454 4.00000000
0.12497012 0.25379655 4.00000000
0.12486429 0.28643553 5.00000000
0.12474906 0.32275681 5.00000000
0.12462086 0.36215933 5.00000000
0.12447583 0.40434184 5.00000000
0.12430975 0.44919457 5.00000000
0.12411797 0.49671989 5.00000000
0.12389536 0.54697604 6.00000000
0.12363620 0.60003587 6.00000000
0.12333416 0.65595414 6.00000000
0.12298218 0.71473905 6.00000000
0.12257253 0.77632545 6.00000000
0.12209677 0.84054837 7.00000000
0.12154586 0.90711682 7.00000000
0.12091031 0.97558882 7.00000000
0.12018043 1.04534975 7.00000000
0.11934667 1.11559727 7.00000000
0.11840010 1.18533691 8.00000000
0.11733299 1.25339288 8.00000000
0.11613949 1.31843807 8.00000000
0.11481631 1.37904562 8.00000000
0.11336348 1.43376158 9.00000000
0.11178493 1.48119406 9.00000000
0.11008891 1.52011048 9.00000000
0.10828812 1.54953130 9.00000000
0.10639950 1.56880744 9.00000000
0.10444363 1.57767032 10.00000000
0.10244375 1.57624746 10.00000000
0.10042456 1.56504212 10.00000000
0.09841078 1.54488121 10.00000000
0.09642577 1.51684052 10.00000000
0.09449038 1.48215883 10.00000000
0.09262198 1.44215236 11.00000000
0.09083396 1.39813920 11.00000000
0.08913564 1.35137920 11.00000000
0.08753242 1.30303107 11.00000000
0.08602627 1.25412520 11.00000000
0.08461634 1.20554871 12.00000000
0.08329960 1.15803918 12.00000000
0.08207149 1.11218420 12.00000000
0.08092647 1.06842509 12.00000000
0.07985848 1.02706415 12.00000000
0.07886135 0.98827540 13.00000000
0.07792901 0.95211860 13.00000000
0.07705575 0.91855624 13.00000000
0.07623625 0.88747273 13.00000000
0.07546570 0.85869443 13.00000000
0.07473980 0.83200950 14.00000000
0.07405471 0.80718606 14.00000000
0.07340709 0.78398776 14.00000000
0.07279396 0.76218612 14.00000000
0.07221276 0.74156931 14.00000000
0.07166120 0.72194772 15.00000000
0.07113729 0.70315668 15.00000000
0.07063924 0.68505699 15.00000000
0.07016547 0.66753409 15.00000000
0.06971456 0.65049622 15.00000000
0.06928523 0.63387224 16.00000000
0.06887628 0.61760922 16.00000000
0.06848664 0.60167003 16.00000000
0.06811531 0.58603103 16.00000000
0.06776134 0.57067986 16.00000000
0.06742385 0.55561323 17.00000000
0.06710201 0.54083496 17.00000000
0.06679502 0.52635412 17.00000000
0.06650213 0.51218337 17.00000000
0.06622261 0.49833751 17.00000000
0.06595579 0.48483224 18.00000000
0.06570100 0.47168323 18.00000000
0.06545759 0.45890534 18.00000000
0.06522498 0.44651204 18.00000000
0.06500258 0.43451509 18.00000000
0.06478982 0.42292424 19.00000000
0.06458619 0.41174713 19.00000000
0.06439117 0.40098928 19.00000000
0.06420428 0.39065412 19.00000000
0.06402507 0.38074305 19.00000000
0.06385309 0.37125563 20.00000000
0.06368794 0.36218968 20.00000000
0.06352921 0.35354147 20.00000000
0.06337655 0.34530591 20.00000000
0.06322958 0.33747674 20.00000000
0.06308800 0.33004665 21.00000000
0.06295147 0.32300752 21.00000000
0.06281970 0.31635052 21.00000000
0.06269242 0.31006629 21.00000000
0.06256936 0.30414508 21.00000000
0.06245028 0.29857682 22.00000000
0.06233493 0.29335129 22.00000000
0.06222310 0.28845820 22.00000000
0.06211459 0.28388722 22.00000000
0.06200919 0.27962814 22.00000000
0.06190672 0.27567085 23.00000000
0.06180701 0.27200546 23.00000000
0.06170990 0.26862229 23.00000000
0.06161523 0.26551196 23.00000000
0.06152285 0.26266537 23.00000000
0.06143263 0.26007377 24.00000000
0.06134443 0.25772873 24.00000000
0.06125814 0.25562221 24.00000000
0.06117363 0.25374653 24.00000000
0.06109080 0.25209439 24.00000000
0.06100954 0.25065888 25.00000000
0.06092975 0.24943347 25.00000000
0.06085134 0.24841203 25.00000000
0.06077421 0.24758879 25.00000000
0.06069828 0.24695838 25.00000000
0.06062347 0.24651580 26.00000000
0.06054969 0.24625642 26.00000000
0.06047686 0.24617596 26.00000000
0.06040493 0.24627050 26.00000000
0.06033381 0.24653647 26.00000000
0.06026344 0.24697063 26.00000000
0.06019375 0.24757005 27.00000000
0.06012467 0.24833214 27.00000000
0.06005615 0.24925460 27.00000000
0.05998813 0.25033541 27.00000000
0.05992053 0.25157285 27.00000000
0.05985331 0.25296545 28.00000000
0.05978641 0.25451202 28.00000000
0.05971977 0.25621158 28.00000000
0.05965333 0.25806341 28.00000000
0.05958704 0.26006696 28.00000000
0.05952084 0.26222191 29.00000000
0.05945468 0.26452810 29.00000000
0.05938850 0.26698553 29.00000000
0.05932224 0.26959435 29.00000000
0.05925586 0.27235482 29.00000000
0.05918929 0.27526728 30.00000000
0.05912248 0.27833216 30.00000000
0.05905537 0.28154991 30.00000000
0.05898790 0.28492099 30.00000000
0.05892001 0.28844583 30.00000000
0.05885165 0.29212482 31.00000000
0.05878275 0.29595821 31.00000000
0.05871325 0.29994614 31.00000000
0.05864310 0.30408851 31.00000000
0.05857222 0.30838504 31.00000000
0.05850055 0.31283508 32.00000000
0.05842803 0.31743768 32.00000000
0.05835458 0.32219145 32.00000000
0.05828015 0.32709452 32.00000000
0.05820466 0.33214448 32.00000000
0.05812804 0.33733830 33.00000000
0.05805023 0.34267227 33.00000000
0.05797115 0.34814193 33.00000000
0.05789074 0.35374202 33.00000000
0.05780893 0.35946638 33.00000000
0.05772564 0.36530793 34.00000000
0.05764081 0.37125859 34.00000000
0.05755438 0.37730927 34.00000000
0.05746627 0.38344983 34.00000000
0.05737643 0.38966905 34.00000000
0.05728480 0.39595467 35.00000000
0.05719132 0.40229341 35.00000000
0.05709594 0.40867098 35.00000000
0.05699862 0.41507222 35.00000000
0.05689932 0.42148114 35.00000000
0.05679799 0.42788110 36.00000000
0.05669462 0.43425491 36.00000000
0.05658917 0.44058507 36.00000000
0.05648164 0.44685392 36.00000000
0.05637201 0.45304392 36.00000000
0.05626029 0.45913784 37.00000000
0.05614649 0.46511903 37.00000000
0.05603061 0.47097166 37.00000000
0.05591269 0.47668099 37.00000000
0.05579275 0.48223360 37.00000000
0.05567082 0.48761758 37.00000000
0.05554696 0.49282275 38.00000000
0.05542119 0.49784082 38.00000000
0.05529358 0.50266547 38.00000000
0.05516417 0.50729248 38.00000000
0.05503301 0.51171972 38.00000000
0.05490016 0.51594716 39.00000000
0.05476567 0.51997681 39.00000000
0.05462960 0.52381263 39.00000000
0.05449198 0.52746036 39.00000000
0.05435287 0.53092738 39.00000000
0.05421231 0.53422253 40.00000000
0.05407034 0.53735585 40.00000000
0.05392697 0.54033835 40.00000000
0.05378225 0.54318183 40.00000000
0.05363619 0.54589858 40.00000000
0.05348880 0.54850116 41.00000000
0.05334010 0.55100219 41.00000000
0.05319008 0.55341415 41.00000000
0.05303875 0.55574914 41.00000000
0.05288611 0.55801879 41.00000000
0.05273214 0.56023402 42.00000000
0.05257683 0.56240502 42.00000000
0.05242017 0.56454107 42.00000000
0.05226214 0.56665051 42.00000000
0.05210273 0.56874066 42.00000000
0.05194193 0.57081784 43.00000000
0.05177970 0.57288730 43.00000000
0.05161605 0.57495329 43.00000000
0.05145094 0.57701901 43.00000000
0.05128438 0.57908672 43.00000000
0.05111635 0.58115775 44.00000000
0.05094684 0.58323257 44.00000000
0.05077584 0.58531085 44.00000000
0.05060335 0.58739152 44.00000000
0.05042938 0.58947287 44.00000000
0.05025392 0.59155262 45.00000000
0.05007697 0.59362797 45.00000000
0.04989854 0.59569574 45.00000000
0.04971865 0.59775238 45.00000000
0.04953729 0.59979409 45.00000000
0.04935449 0.60181689 46.00000000
0.04917026 0.60381669 46.00000000
0.04898461 0.60578935 46.00000000
0.04879756 0.60773077 46.00000000
0.04860913 0.60963695 46.00000000
0.04841932 0.61150405 47.00000000
0.04822816 0.61332843 47.00000000
0.04803566 0.61510676 47.00000000
0.04784184 0.61683601 47.00000000
0.04764670 0.61851355 47.00000000
0.04745026 0.62013717 48.00000000
0.04725253 0.62170513 48.00000000
0.04705350 0.62321622 48.00000000
0.04685318 0.62466973 48.00000000
0.04665157 0.62606558 48.00000000
0.04644865 0.62740425 48.00000000
0.04624443 0.62868687 49.00000000
0.04603888 0.62991518 49.00000000
0.04583197 0.63109159 49.00000000
0.04562369 0.63221914 49.00000000
0.04541400 0.63330153 49.00000000
0.04520285 0.63434308 50.00000000
0.04499020 0.63534873 50.00000000
0.04477600 0.63632402 50.00000000
0.04456018 0.63727502 50.00000000
0.04434267 0.63820832 50.00000000
0.04412341 0.63913097 51.00000000
0.04390229 0.64005039 51.00000000
0.04367923 0.64097436 51.00000000
0.04345414 0.64191086 51.00000000
0.04322690 0.64286805 51.00000000
0.04299740 0.64385412 52.00000000
0.04276553 0.64487722 52.00000000
0.04253116 0.64594530 52.00000000
0.04229416 0.64706602 52.00000000
0.04205439 0.64824661 52.00000000
0.04181172 0.64949369 53.00000000
0.04156602 0.65081320 53.00000000
0.04131714 0.65221017 53.00000000
0.04106494 0.65368863 53.00000000
0.04080928 0.65525143 53.00000000
0.04055004 0.65690009 54.00000000
0.04028709 0.65863469 54.00000000
0.04002029 0.66045372 54.00000000
0.03974955 0.66235395 54.00000000
0.03947475 0.66433038 54.00000000
0.03919581 0.66637613 55.00000000
0.03891264 0.66848241 55.00000000
0.03862518 0.67063848 55.00000000
0.03833338 0.67283173 55.00000000
0.03803721 0.67504767 55.00000000
0.03773666 0.67727008 56.00000000
0.03743172 0.67948112 56.00000000
0.03712242 0.68166152 56.00000000
0.03680881 0.68379081 56.00000000
0.03649093 0.68584754 56.00000000
0.03616888 0.68780964 57.00000000
0.03584275 0.68965465 57.00000000
0.03551265 0.69136011 57.00000000
0.03517871 0.69290385 57.00000000
0.03484109 0.69426440 57.00000000
0.03449994 0.69542124 58.00000000
0.03415542 0.69635519 58.00000000
0.03380774 0.69704862 58.00000000
0.03345706 0.69748577 58.00000000
0.03310360 0.69765292 58.00000000
0.03274755 0.69753854 59.00000000
0.03238912 0.69713345 59.00000000
0.03202852 0.69643084 59.00000000
0.03166595 0.69542630 59.00000000
0.03130162 0.69411779 59.00000000
0.03093573 0.69250555 60.00000000
0.03056849 0.69059201 60.00000000
0.03020009 0.68838161 60.00000000
0.02983071 0.68588068 60.00000000
0.02946056 0.68309719 60.00000000
0.02908980 0.68004061 61.00000000
0.02871862 0.67672169 61.00000000
0.02834718 0.67315222 61.00000000
0.02797566 0.66934490 61.00000000
0.02760421 0.66531309 61.00000000
0.02723299 0.66107066 62.00000000
0.02686216 0.65663184 62.00000000
0.02649187 0.65201106 62.00000000
0.02612228 0.64722280 62.00000000
0.02575353 0.64228152 62.00000000
0.02538577 0.63720151 63.00000000
0.02501916 0.63199685 63.00000000
0.02465385 0.62668134 63.00000000
0.02428999 0.62126840 63.00000000
0.02392774 0.61577109 63.00000000
0.02356725 0.61020204 63.00000000
0.02320870 0.60457346 64.00000000
0.02285223 0.59889709 64.00000000
0.02249803 0.59318424 64.00000000
0.02214625 0.58744577 64.00000000
0.02179706 0.58169209 64.00000000
0.02145064 0.57593318 65.00000000
0.02110717 0.57017858 65.00000000
0.02076681 0.56443743 65.00000000
0.02042973 0.55871844 65.00000000
0.02009610 0.55302991 65.00000000
0.01976610 0.54737970 66.00000000
0.01943989 0.54177526 66.00000000
0.01911762 0.53622359 66.00000000
0.01879945 0.53073119 66.00000000
0.01848551 0.52530410 66.00000000
0.01817596 0.51994783 67.00000000
0.01787090 0.51466730 67.00000000
0.01757047 0.50946689 67.00000000
0.01727475 0.50435033 67.00000000
0.01698385 0.49932075 67.00000000
0.01669784 0.49438059 68.00000000
0.01641678 0.48953166 68.00000000
0.01614074 0.48477511 68.00000000
0.01586974 0.48011142 68.00000000
0.01560381 0.47554048 68.00000000
0.01534297 0.47106159 69.00000000
0.01508722 0.46667350 69.00000000
0.01483654 0.46237449 69.00000000
0.01459090 0.45816239 69.00000000
0.01435029 0.45403468 69.00000000
0.01411464 0.44998854 70.00000000
0.01388392 0.44602091 70.00000000
0.01365807 0.44212856 70.00000000
0.01343701 0.43830815 70.00000000
0.01322068 0.43455629 70.00000000
0.01300900 0.43086958 71.00000000
0.01280189 0.42724467 71.00000000
0.01259926 0.42367828 71.00000000
0.01240104 0.42016725 71.00000000
0.01220713 0.41670853 71.00000000
0.01201744 0.41329925 72.00000000
0.01183188 0.40993671 72.00000000
0.01165036 0.40661837 72.00000000
0.01147279 0.40334188 72.00000000
0.01129909 0.40010507 73.00000000
0.01112915 0.39690597 73.00000000
0.01096289 0.39374277 73.00000000
0.01080023 0.39061383 74.00000000
0.01064107 0.38751768 74.00000000
0.01048534 0.38445301 74.00000000
0.01033295 0.38141866 74.00000000
0.01018381 0.37841357 75.00000000
0.01003785 0.37543686 75.00000000
0.00989499 0.37248771 75.00000000
0.00975515 0.36956545 75.00000000
0.00961827 0.36666949 76.00000000
0.00948425 0.36379930 76.00000000
0.00935305 0.36095447 76.00000000
0.00922457 0.35813462 76.00000000
0.00909877 0.35533946 77.00000000
0.00897557 0.35256872 77.00000000
0.00885490 0.34982222 77.00000000
0.00873671 0.34709977 77.00000000
0.00862094 0.34440124 77.00000000
0.00850752 0.34172654 78.00000000
0.00839640 0.33907556 78.00000000
0.00828752 0.33644825 78.00000000
0.00818082 0.33384456 78.00000000
0.00807626 0.33126445 79.00000000
0.00797379 0.32870788 79.00000000
0.00787334 0.32617483 79.00000000
0.00777487 0.32366528 79.00000000
0.00767834 0.32117919 80.00000000
0.00758370 0.31871656 80.00000000
0.00749090 0.31627735 80.00000000
0.00739989 0.31386154 80.00000000
0.00731064 0.31146908 80.00000000
0.00722310 0.30909994 81.00000000
0.00713724 0.30675408 81.00000000
0.00705301 0.30443143 81.00000000
0.00697037 0.30213194 81.00000000
0.00688928 0.29985554 82.00000000
0.00680971 0.29760216 82.00000000
0.00673163 0.29537170 82.00000000
0.00665500 0.29316408 82.00000000
0.00657978 0.29097921 83.00000000
0.00650594 0.28881696 83.00000000
0.00643345 0.28667723 83.00000000
0.00636227 0.28455989 83.00000000
0.00629239 0.28246482 88.00000000
0.00622376 0.28039188 93.00000000
0.00615636 0.27834093 93.00000000
0.00609016 0.27631182 93.00000000
0.00602513 0.27430439 94.00000000
0.00596125 0.27231849 94.00000000
0.00589849 0.27035394 94.00000000
0.00583683 0.26841059 94.00000000
0.00577623 0.26648826 94.00000000
0.00571668 0.26458676 95.00000000
0.00565815 0.26270591 95.00000000
0.00560062 0.26084554 95.00000000
0.00554407 0.25900545 95.00000000
0.00548848 0.25718544 96.00000000
0.00543382 0.25538533 96.00000000
0.00538007 0.25360492 96.00000000
0.00532722 0.25184401 96.00000000
0.00527524 0.25010240 97.00000000
0.00522411 0.24837989 97.00000000
0.00517383 0.24667626 97.00000000
0.00512436 0.24499133 97.00000000
0.00507569 0.24332489 98.00000000
0.00502781 0.24167673 98.00000000
0.00498069 0.24004664 98.00000000
0.00493432 0.23843442 98.00000000
0.00488869 0.23683986 98.00000000
0.00484378 0.23526276 99.00000000
0.00479957 0.23370292 99.00000000
0.00475605 0.23216012 99.00000000
0.00471321 0.23063417 99.00000000
0.00467103 0.22912485 100.00000000
0.00462949 0.22763198 100.00000000
0.00458859 0.22615534 100.00000000
0.00454831 0.22469474 100.00000000
0.00450864 0.22324998 101.00000000
0.00446957 0.22182087 101.00000000
0.00443107 0.22040719 101.00000000
0.00439315 0.21900877 101.00000000
0.00435580 0.21762540 101.00000000
0.00431899 0.21625690 102.00000000
0.00428272 0.21490308 102.00000000
0.00424697 0.21356374 102.00000000
0.00421175 0.21223871 102.00000000
0.00417703 0.21092779 103.00000000
0.00414281 0.20963080 103.00000000
0.00410907 0.20834757 103.00000000
0.00407582 0.20707792 104.00000000
0.00404303 0.20582166 104.00000000
0.00401071 0.20457863 104.00000000
0.00397883 0.20334864 104.00000000
0.00394740 0.20213154 105.00000000
0.00391640 0.20092715 105.00000000
0.00388583 0.19973530 105.00000000
0.00385568 0.19855583 105.00000000
0.00382593 0.19738857 106.00000000
0.00379659 0.19623337 106.00000000
0.00376764 0.19509007 106.00000000
0.00373908 0.19395851 106.00000000
0.00371091 0.19283853 106.00000000
0.00368310 0.19172998 107.00000000
0.00365566 0.19063272 107.00000000
0.00362858 0.18954659 107.00000000
0.00360186 0.18847145 107.00000000
0.00357548 0.18740714 108.00000000
0.00354945 0.18635354 108.00000000
0.00352375 0.18531050 108.00000000
0.00349837 0.18427788 108.00000000
0.00347333 0.18325554 109.00000000
0.00344859 0.18224335 109.00000000
0.00342417 0.18124118 109.00000000
0.00340006 0.18024889 109.00000000
0.00337625 0.17926635 109.00000000
0.00335273 0.17829344 110.00000000
0.00332951 0.17733004 110.00000000
0.00330657 0.17637601 110.00000000
0.00328391 0.17543124 110.00000000
0.00326153 0.17449561 111.00000000
0.00323942 0.17356900 111.00000000
0.00321757 0.17265128 111.00000000
0.00319599 0.17174236 111.00000000
0.00317467 0.17084210 112.00000000
0.00315360 0.16995041 112.00000000
0.00313278 0.16906717 112.00000000
0.00311221 0.16819227 112.00000000
0.00309187 0.16732560 113.00000000
0.00307178 0.16646707 113.00000000
0.00305192 0.16561657 113.00000000
0.00303228 0.16477399 113.00000000
0.00301288 0.16393923 113.00000000
0.00299370 0.16311220 114.00000000
0.00297473 0.16229280 114.00000000
0.00295598 0.16148092 114.00000000
0.00293744 0.16067649 114.00000000
0.00291912 0.15987940 115.00000000
0.00290099 0.15908955 115.00000000
0.00288307 0.15830687 115.00000000
0.00286535 0.15753126 115.00000000
0.00284782 0.15676263 116.00000000
0.00283049 0.15600090 116.00000000
0.00281335 0.15524598 116.00000000
0.00279639 0.15449778 116.00000000
0.00277962 0.15375623 116.00000000
0.00276302 0.15302124 117.00000000
0.00274661 0.15229274 117.00000000
0.00273037 0.15157063 117.00000000
0.00271431 0.15085485 117.00000000
0.00269842 0.15014532 118.00000000
0.00268269 0.14944196 118.00000000
0.00266713 0.14874469 118.00000000
0.00265174 0.14805345 118.00000000
0.00263650 0.14736816 119.00000000
0.00262142 0.14668875 119.00000000
0.00260650 0.14601514 119.00000000
0.00259173 0.14534728 119.00000000
0.00257712 0.14468509 119.00000000
0.00256265 0.14402850 120.00000000
0.00254833 0.14337744 120.00000000
0.00253415 0.14273186 120.00000000
0.00252012 0.14209169 120.00000000
0.00250623 0.14145686 121.00000000
0.00249248 0.14082731 121.00000000
0.00247886 0.14020298 121.00000000
0.00246538 0.13958381 121.00000000
0.00245204 0.13896974 122.00000000
0.00243882 0.13836071 122.00000000
0.00242574 0.13775666 122.00000000
0.00241278 0.13715753 122.00000000
0.00239994 0.13656327 122.00000000
0.00238724 0.13597382 123.00000000
0.00237465 0.13538913 123.00000000
0.00236218 0.13480913 123.00000000
0.00234984 0.13423379 123.00000000
0.00233761 0.13366305 124.00000000
0.00232550 0.13309685 124.00000000
0.00231350 0.13253514 124.00000000
0.00230161 0.13197787 124.00000000
0.00228984 0.13142500 125.00000000
0.00227818 0.13087647 125.00000000
0.00226662 0.13033223 125.00000000
0.00225517 0.12979224 125.00000000
0.00224383 0.12925646 126.00000000
0.00223259 0.12872482 126.00000000
0.00222145 0.12819730 126.00000000
0.00221042 0.12767384 126.00000000
0.00219949 0.12715439 127.00000000
0.00218865 0.12663893 127.00000000
0.00217791 0.12612739 127.00000000
0.00216727 0.12561974 127.00000000
0.00215673 0.12511594 127.00000000
0.00214627 0.12461594 128.00000000
0.00213592 0.12411971 128.00000000
0.00212565 0.12362720 128.00000000
0.00211547 0.12313838 128.00000000
0.00210538 0.12265320 129.00000000
0.00209538 0.12217162 129.00000000
0.00208547 0.12169361 129.00000000
0.00207564 0.12121914 129.00000000
0.00206590 0.12074815 130.00000000
0.00205624 0.12028062 130.00000000
0.00204667 0.11981651 130.00000000
0.00203718 0.11935579 130.00000000
0.00202776 0.11889841 130.00000000
0.00201843 0.11844434 131.00000000
0.00200918 0.11799356 131.00000000
0.00200000 0.11754602 131.00000000
0.00199090 0.11710169 131.00000000
0.00198188 0.11666054 132.00000000
0.00197294 0.11622254 132.00000000
0.00196406 0.11578765 132.00000000
0.00195526 0.11535584 132.00000000
0.00194654 0.11492709 133.00000000
0.00193788 0.11450135 133.00000000
0.00192930 0.11407860 133.00000000
0.00192078 0.11365881 133.00000000
0.00191234 0.11324196 134.00000000
0.00190396 0.11282800 134.00000000
0.00189565 0.11241691 134.00000000
0.00188741 0.11200867 134.00000000
0.00187923 0.11160323 134.00000000
0.00187112 0.11120059 135.00000000
0.00186308 0.11080070 135.00000000
0.00185510 0.11040355 135.00000000
0.00184718 0.11000910 135.00000000
0.00183932 0.10961733 136.00000000
0.00183152 0.10922821 136.00000000
0.00182379 0.10884171 136.00000000
0.00181612 0.10845782 136.00000000
0.00180850 0.10807650 137.00000000
0.00180095 0.10769774 137.00000000
0.00179345 0.10732149 137.00000000
0.00178601 0.10694775 137.00000000
0.00177863 0.10657649 137.00000000
0.00177130 0.10620768 138.00000000
0.00176403 0.10584130 138.00000000
0.00175682 0.10547733 138.00000000
0.00174966 0.10511575 138.00000000
0.00174255 0.10475652 139.00000000
0.00173550 0.10439964 139.00000000
0.00172850 0.10404507 139.00000000
0.00172155 0.10369280 139.00000000
0.00171466 0.10334280 140.00000000
0.00170781 0.10299505 140.00000000
0.00170102 0.10264954 140.00000000
0.00169428 0.10230624 140.00000000
0.00168758 0.10196513 140.00000000
0.00168094 0.10162619 141.00000000
0.00167434 0.10128940 141.00000000
0.00166779 0.10095474 141.00000000
0.00166129 0.10062220 141.00000000
0.00165483 0.10029174 142.00000000
0.00164843 0.09996336 142.00000000
0.00164206 0.09963704 142.00000000
0.00163575 0.09931274 142.00000000
0.00162948 0.09899047 143.00000000
0.00162325 0.09867020 143.00000000
0.00161707 0.09835190 143.00000000
0.00161093 0.09803557 143.00000000
0.00160484 0.09772119 143.00000000
0.00159878 0.09740873 144.00000000
0.00159277 0.09709818 144.00000000
0.00158681 0.09678953 144.00000000
0.00158088 0.09648276 144.00000000
0.00157499 0.09617785 145.00000000
0.00156915 0.09587478 145.00000000
0.00156334 0.09557354 145.00000000
0.00155758 0.09527411 145.00000000
0.00155186 0.09497648 146.00000000
0.00154617 0.09468063 146.00000000
0.00154052 0.09438655 146.00000000
0.00153492 0.09409422 146.00000000
0.00152934 0.09380362 147.00000000
0.00152381 0.09351474 147.00000000
0.00151832 0.09322756 147.00000000
0.00151286 0.09294208 147.00000000
0.00150744 0.09265827 147.00000000
0.00150205 0.09237613 148.00000000
0.00149670 0.09209563 148.00000000
0.00149139 0.09181677 148.00000000
0.00148611 0.09153952 148.00000000
0.00148086 0.09126388 149.00000000
0.00147565 0.09098984 149.00000000
0.00147048 0.09071737 149.00000000
0.00146533 0.09044647 149.00000000
0.00146023 0.09017713 150.00000000
0.00145515 0.08990932 150.00000000
0.00145011 0.08964304 150.00000000
0.00144510 0.08937827 150.00000000
0.00144012 0.08911501 150.00000000
0.00143518 0.08885323 151.00000000
0.00143026 0.08859294 151.00000000
0.00142538 0.08833410 151.00000000
0.00142053 0.08807673 151.00000000
0.00141571 0.08782079 152.00000000
0.00141092 0.08756628 152.00000000
0.00140616 0.08731319 152.00000000
0.00140143 0.08706150 152.00000000
0.00139673 0.08681121 153.00000000
0.00139206 0.08656231 153.00000000
0.00138742 0.08631478 153.00000000
0.00138281 0.08606860 153.00000000
0.00137822 0.08582378 153.00000000
0.00137367 0.08558030 154.00000000
0.00136914 0.08533815 154.00000000
0.00136464 0.08509731 154.00000000
0.00136017 0.08485779 154.00000000
0.00135573 0.08461956 155.00000000
0.00135131 0.08438262 155.00000000
0.00134692 0.08414695 155.00000000
0.00134256 0.08391256 155.00000000
0.00133822 0.08367942 156.00000000
0.00133391 0.08344752 156.00000000
0.00132963 0.08321687 156.00000000
0.00132537 0.08298744 156.00000000
0.00132113 0.08275923 156.00000000
0.00131693 0.08253223 157.00000000
0.00131274 0.08230643 157.00000000
0.00130858 0.08208182 157.00000000
0.00130445 0.08185839 157.00000000
0.00130034 0.08163614 158.00000000
0.00129626 0.08141505 158.00000000
0.00129220 0.08119511 158.00000000
0.00128816 0.08097631 158.00000000
0.00128415 0.08075866 159.00000000
0.00128016 0.08054213 159.00000000
0.00127619 0.08032672 159.00000000
0.00127225 0.08011242 159.00000000
0.00126833 0.07989923 159.00000000
0.00126443 0.07968712 160.00000000
0.00126055 0.07947611 160.00000000
0.00125670 0.07926617 160.00000000
0.00125287 0.07905731 160.00000000
0.00124906 0.07884950 161.00000000
0.00124527 0.07864275 161.00000000
0.00124151 0.07843705 161.00000000
0.00123776 0.07823238 161.00000000
0.00123404 0.07802875 162.00000000
0.00123034 0.07782613 162.00000000
0.00122666 0.07762454 162.00000000
0.00122300 0.07742395 162.00000000
0.00121936 0.07722437 163.00000000
0.00121574 0.07702577 163.00000000
0.00121214 0.07682817 163.00000000
0.00120856 0.07663154 163.00000000
0.00120500 0.07643588 163.00000000
0.00120146 0.07624119 164.00000000
0.00119794 0.07604746 164.00000000
0.00119444 0.07585468 164.00000000
0.00119096 0.07566284 164.00000000
0.00118749 0.07547195 165.00000000
0.00118405 0.07528198 165.00000000
0.00118062 0.07509293 165.00000000
0.00117722 0.07490481 165.00000000
0.00117383 0.07471759 166.00000000
0.00117046 0.07453128 166.00000000
0.00116711 0.07434587 166.00000000
0.00116378 0.07416135 166.00000000
0.00116046 0.07397772 166.00000000
0.00115716 0.07379496 167.00000000
0.00115388 0.07361308 167.00000000
0.00115062 0.07343206 167.00000000
0.00114738 0.07325191 167.00000000
0.00114415 0.07307261 168.00000000
0.00114094 0.07289416 168.00000000
0.00113774 0.07271656 168.00000000
0.00113457 0.07253979 168.00000000
0.00113141 0.07236385 169.00000000
0.00112826 0.07218874 169.00000000
0.00112513 0.07201445 169.00000000
0.00112202 0.07184097 169.00000000
0.00111893 0.07166830 169.00000000
0.00111585 0.07149644 170.00000000
0.00111279 0.07132537 170.00000000
0.00110974 0.07115509 170.00000000
0.00110671 0.07098561 170.00000000
0.00110369 0.07081690 171.00000000
0.00110069 0.07064897 171.00000000
0.00109771 0.07048182 171.00000000
0.00109474 0.07031542 171.00000000
0.00109179 0.07014979 172.00000000
0.00108885 0.06998492 172.00000000
0.00108592 0.06982079 172.00000000
0.00108301 0.06965741 172.00000000
0.00108012 0.06949478 173.00000000
0.00107724 0.06933287 173.00000000
0.00107437 0.06917170 173.00000000
0.00107152 0.06901126 173.00000000
0.00106868 0.06885153 173.00000000
0.00106586 0.06869252 174.00000000
0.00106305 0.06853423 174.00000000
0.00106026 0.06837664 174.00000000
0.00105748 0.06821975 174.00000000
0.00105471 0.06806357 175.00000000
0.00105196 0.06790807 175.00000000
0.00104922 0.06775326 175.00000000
0.00104649 0.06759914 175.00000000
0.00104378 0.06744570 176.00000000
0.00104108 0.06729293 176.00000000
0.00103839 0.06714084 176.00000000
0.00103572 0.06698941 176.00000000
0.00103306 0.06683864 176.00000000
0.00103041 0.06668853 177.00000000
0.00102777 0.06653908 177.00000000
0.00102515 0.06639027 177.00000000
0.00102254 0.06624212 177.00000000
0.00101995 0.06609460 178.00000000
0.00101736 0.06594772 178.00000000
0.00101479 0.06580147 178.00000000
0.00101223 0.06565585 178.00000000
0.00100968 0.06551086 179.00000000
0.00100715 0.06536649 179.00000000
0.00100462 0.06522274 179.00000000
0.00100211 0.06507960 179.00000000
0.00099961 0.06493707 180.00000000
0.00099712 0.06479515 180.00000000
0.00099465 0.06465383 180.00000000
0.00099218 0.06451310 180.00000000
0.00098973 0.06437298 180.00000000
0.00098729 0.06423344 181.00000000
0.00098486 0.06409449 181.00000000
0.00098244 0.06395612 181.00000000
0.00098003 0.06381834 181.00000000
0.00097764 0.06368113 182.00000000
0.00097525 0.06354449 182.00000000
0.00097288 0.06340842 182.00000000
0.00097051 0.06327292 182.00000000
0.00096816 0.06313798 183.00000000
0.00096582 0.06300360 183.00000000
0.00096349 0.06286978 183.00000000
0.00096117 0.06273651 183.00000000
0.00095886 0.06260379 183.00000000
0.00095656 0.06247161 184.00000000
0.00095427 0.06233998 188.00000000
0.00095199 0.06220888 188.00000000
0.00094973 0.06207832 189.00000000
0.00094747 0.06194829 189.00000000
0.00094522 0.06181879 189.00000000
0.00094298 0.06168982 189.00000000
0.00094075 0.06156137 190.00000000
0.00093854 0.06143345 190.00000000
0.00093633 0.06130603 190.00000000
0.00093413 0.06117914 190.00000000
0.00093194 0.06105275 191.00000000
0.00092977 0.06092687 191.00000000
0.00092760 0.06080149 191.00000000
0.00092544 0.06067662 191.00000000
0.00092329 0.06055224 191.00000000
0.00092115 0.06042837 192.00000000
0.00091902 0.06030498 192.00000000
0.00091690 0.06018208 192.00000000
0.00091478 0.06005967 192.00000000
0.00091268 0.05993775 193.00000000
0.00091059 0.05981631 193.00000000
0.00090850 0.05969534 193.00000000
0.00090643 0.05957485 193.00000000
0.00090436 0.05945484 194.00000000
0.00090230 0.05933529 194.00000000
0.00090025 0.05921622 194.00000000
0.00089822 0.05909760 194.00000000
0.00089618 0.05897945 195.00000000
0.00089416 0.05886176 195.00000000
0.00089215 0.05874453 195.00000000
0.00089014 0.05862775 195.00000000
0.00088815 0.05851142 196.00000000
0.00088616 0.05839554 196.00000000
0.00088418 0.05828011 196.00000000
0.00088221 0.05816513 197.00000000
0.00088024 0.05805058 197.00000000
0.00087829 0.05793647 197.00000000
0.00087634 0.05782280 198.00000000
0.00087441 0.05770957 198.00000000
0.00087248 0.05759676 198.00000000
0.00087055 0.05748439 199.00000000
0.00086864 0.05737244 199.00000000
0.00086673 0.05726092 199.00000000
0.00086484 0.05714982 199.00000000
0.00086295 0.05703914 204.00000000
0.00086106 0.05692887 210.00000000
0.00085919 0.05681903 215.00000000
0.00085732 0.05670959 215.00000000
0.00085546 0.05660056 216.00000000
0.00085361 0.05649195 216.00000000
0.00085177 0.05638374 216.00000000
0.00084993 0.05627593 216.00000000
0.00084810 0.05616852 217.00000000
0.00084628 0.05606152 217.00000000
0.00084447 0.05595491 217.00000000
0.00084266 0.05584869 217.00000000
0.00084086 0.05574287 218.00000000
0.00083907 0.05563744 218.00000000
0.00083729 0.05553240 218.00000000
0.00083551 0.05542774 218.00000000
0.00083374 0.05532347 219.00000000
0.00083198 0.05521958 219.00000000
0.00083022 0.05511608 219.00000000
0.00082847 0.05501295 219.00000000
0.00082673 0.05491019 220.00000000
0.00082500 0.05480781 220.00000000
0.00082327 0.05470580 220.00000000
0.00082155 0.05460416 220.00000000
0.00081983 0.05450289 220.00000000
0.00081813 0.05440199 221.00000000
0.00081642 0.05430145 221.00000000
0.00081473 0.05420127 221.00000000
0.00081304 0.05410145 221.00000000
0.00081136 0.05400200 222.00000000
0.00080969 0.05390289 222.00000000
0.00080802 0.05380415 222.00000000
0.00080636 0.05370575 222.00000000
0.00080471 0.05360771 223.00000000
0.00080306 0.05351001 223.00000000
0.00080142 0.05341266 223.00000000
0.00079978 0.05331566 223.00000000
0.00079815 0.05321900 223.00000000
0.00079653 0.05312268 224.00000000
0.00079492 0.05302671 225.00000000
0.00079331 0.05293107 226.00000000
0.00079170 0.05283577 226.00000000
0.00079010 0.05274080 226.00000000
0.00078851 0.05264616 227.00000000
0.00078693 0.05255186 227.00000000
0.00078535 0.05245789 227.00000000
0.00078378 0.05236424 227.00000000
0.00078221 0.05227092 228.00000000
0.00078065 0.05217793 228.00000000
0.00077909 0.05208525 228.00000000
0.00077754 0.05199290 228.00000000
0.00077600 0.05190087 229.00000000
0.00077446 0.05180916 229.00000000
0.00077293 0.05171776 229.00000000
0.00077140 0.05162667 231.00000000
0.00076988 0.05153590 231.00000000
0.00076837 0.05144545 231.00000000
0.00076686 0.05135530 231.00000000
0.00076536 0.05126546 232.00000000
0.00076386 0.05117592 232.00000000
0.00076237 0.05108670 232.00000000
0.00076088 0.05099777 232.00000000
0.00075940 0.05090915 232.00000000
0.00075792 0.05082083 233.00000000
0.00075645 0.05073280 233.00000000
0.00075499 0.05064508 233.00000000
0.00075353 0.05055765 233.00000000
