Residual Convergence speed Computational time
0.12567346 0.22520372 1.00000000
0.12562190 0.21512789 4.00000000
0.12557265 0.20651056 4.00000000
0.12552538 0.19946377 5.00000000
0.12547978 0.19409365 5.00000000
0.12543554 0.19048949 5.00000000
0.12539238 0.18871267 6.00000000
0.12535002 0.18878767 6.00000000
0.12530817 0.19069759 6.00000000
0.12526658 0.19438548 7.00000000
0.12522498 0.19976110 7.00000000
0.12518311 0.20671121 7.00000000
0.12514070 0.21511086 7.00000000
0.12509750 0.22483349 8.00000000
0.12505324 0.23575862 8.00000000
0.12500764 0.24777688 9.00000000
0.12496045 0.26079246 9.00000000
0.12491136 0.27472394 9.00000000
0.12486010 0.28950377 10.00000000
0.12480636 0.30507713 10.00000000
0.12474983 0.32140048 10.00000000
0.12469019 0.33843997 10.00000000
0.12462708 0.35616994 11.00000000
0.12456017 0.37457153 11.00000000
0.12448907 0.39363141 11.00000000
0.12441340 0.41334071 11.00000000
0.12433274 0.43369397 12.00000000
0.12424666 0.45468836 12.00000000
0.12415471 0.47632284 12.00000000
0.12405640 0.49859753 12.00000000
0.12395123 0.52151302 12.00000000
0.12383867 0.54506983 13.00000000
0.12371817 0.56926785 13.00000000
0.12358914 0.59410580 13.00000000
0.12345097 0.61958073 13.00000000
0.12330303 0.64568752 14.00000000
0.12314466 0.67241838 14.00000000
0.12297516 0.69976238 14.00000000
0.12279381 0.72770497 14.00000000
0.12259989 0.75622746 15.00000000
0.12239264 0.78530664 15.00000000
0.12217127 0.81491425 15.00000000
0.12193499 0.84501660 15.00000000
0.12168302 0.87557419 16.00000000
0.12141454 0.90654132 16.00000000
0.12112874 0.93786581 16.00000000
0.12082483 0.96948877 16.00000000
0.12050203 1.00134445 16.00000000
0.12015958 1.03336018 17.00000000
0.11979675 1.06545640 17.00000000
0.11941286 1.09754684 17.00000000
0.11900729 1.12953880 17.00000000
0.11857946 1.16133361 18.00000000
0.11812889 1.19282714 18.00000000
0.11765517 1.22391056 19.00000000
0.11715800 1.25447121 20.00000000
0.11663719 1.28439351 21.00000000
0.11609266 1.31356018 21.00000000
0.11552446 1.34185333 21.00000000
0.11493279 1.36915584 22.00000000
0.11431799 1.39535270 22.00000000
0.11368054 1.42033233 22.00000000
0.11302108 1.44398804 22.00000000
0.11234042 1.46621932 23.00000000
0.11163949 1.48693315 23.00000000
0.11091938 1.50604518 23.00000000
0.11018134 1.52348084 23.00000000
0.10942673 1.53917626 24.00000000
0.10865703 1.55307903 24.00000000
0.10787384 1.56514886 24.00000000
0.10707883 1.57535795 24.00000000
0.10627375 1.58369123 24.00000000
0.10546042 1.59014641 25.00000000
0.10464066 1.59473380 25.00000000
0.10381632 1.59747596 25.00000000
0.10298926 1.59840718 25.00000000
0.10216127 1.59757281 26.00000000
0.10133414 1.59502840 26.00000000
0.10050958 1.59083878 26.00000000
0.09968920 1.58507699 26.00000000
0.09887457 1.57782316 27.00000000
0.09806711 1.56916333 27.00000000
0.09726817 1.55918829 27.00000000
0.09647896 1.54799234 27.00000000
0.09570059 1.53567216 27.00000000
0.09493402 1.52232568 28.00000000
0.09418012 1.50805103 28.00000000
0.09343962 1.49294558 33.00000000
0.09271315 1.47710505 38.00000000
0.09200120 1.46062277 45.00000000
0.09130420 1.44358894 51.00000000
0.09062243 1.42609017 58.00000000
0.08995611 1.40820892 63.00000000
0.08930535 1.39002321 65.00000000
0.08867022 1.37160636 65.00000000
0.08805068 1.35302676 66.00000000
0.08744665 1.33434784 66.00000000
0.08685798 1.31562801 66.00000000
0.08628448 1.29692072 66.00000000
0.08572592 1.27827452 66.00000000
0.08518203 1.25973321 67.00000000
0.08465251 1.24133599 67.00000000
0.08413704 1.22311770 67.00000000
0.08363527 1.20510896 67.00000000
0.08314685 1.18733644 68.00000000
0.08267142 1.16982311 71.00000000
0.08220860 1.15258843 71.00000000
0.08175800 1.13564864 71.00000000
0.08131925 1.11901696 72.00000000
0.08089198 1.10270386 72.00000000
0.08047581 1.08671725 72.00000000
0.08007036 1.07106272 72.00000000
0.07967528 1.05574377 72.00000000
0.07929021 1.04076196 73.00000000
0.07891482 1.02611716 73.00000000
0.07854875 1.01180767 73.00000000
0.07819169 0.99783046 73.00000000
0.07784333 0.98418127 73.00000000
0.07750335 0.97085478 74.00000000
0.07717148 0.95784477 74.00000000
0.07684743 0.94514425 74.00000000
0.07653093 0.93274553 75.00000000
0.07622173 0.92064040 75.00000000
0.07591958 0.90882022 75.00000000
0.07562424 0.89727599 75.00000000
0.07533550 0.88599845 75.00000000
0.07505313 0.87497818 76.00000000
0.07477694 0.86420566 76.00000000
0.07450672 0.85367133 76.00000000
0.07424230 0.84336567 76.00000000
0.07398350 0.83327925 77.00000000
0.07373014 0.82340277 77.00000000
0.07348208 0.81372710 77.00000000
0.07323914 0.80424334 78.00000000
0.07300121 0.79494284 78.00000000
0.07276812 0.78581721 78.00000000
0.07253975 0.77685837 78.00000000
0.07231598 0.76805858 79.00000000
0.07209667 0.75941040 79.00000000
0.07188173 0.75090675 79.00000000
0.07167103 0.74254092 79.00000000
0.07146448 0.73430654 80.00000000
0.07126196 0.72619761 80.00000000
0.07106339 0.71820849 80.00000000
0.07086867 0.71033390 80.00000000
0.07067771 0.70256891 81.00000000
0.07049042 0.69490894 81.00000000
0.07030672 0.68734975 81.00000000
0.07012654 0.67988742 81.00000000
0.06994978 0.67251835 82.00000000
0.06977639 0.66523924 82.00000000
0.06960628 0.65804710 82.00000000
0.06943938 0.65093921 82.00000000
0.06927564 0.64391309 82.00000000
0.06911497 0.63696655 83.00000000
0.06895732 0.63009761 83.00000000
0.06880262 0.62330453 83.00000000
0.06865081 0.61658574 83.00000000
0.06850183 0.60993990 84.00000000
0.06835562 0.60336583 84.00000000
0.06821214 0.59686253 84.00000000
0.06807131 0.59042912 84.00000000
0.06793309 0.58406488 89.00000000
0.06779742 0.57776922 89.00000000
0.06766424 0.57154164 92.00000000
0.06753352 0.56538176 93.00000000
0.06740520 0.55928928 93.00000000
0.06727922 0.55326398 93.00000000
0.06715554 0.54730573 93.00000000
0.06703412 0.54141442 93.00000000
0.06691490 0.53559002 94.00000000
0.06679785 0.52983255 94.00000000
0.06668290 0.52414204 94.00000000
0.06657003 0.51851857 94.00000000
0.06645918 0.51296224 95.00000000
0.06635032 0.50747316 95.00000000
0.06624340 0.50205145 95.00000000
0.06613838 0.49669725 95.00000000
0.06603522 0.49141069 96.00000000
0.06593388 0.48619190 96.00000000
0.06583433 0.48104100 96.00000000
0.06573651 0.47595813 96.00000000
0.06564040 0.47094338 97.00000000
0.06554596 0.46599685 97.00000000
0.06545315 0.46111861 97.00000000
0.06536194 0.45630873 97.00000000
0.06527229 0.45156726 97.00000000
0.06518416 0.44689420 98.00000000
0.06509753 0.44228957 98.00000000
0.06501236 0.43775333 98.00000000
0.06492861 0.43328545 98.00000000
0.06484626 0.42888587 99.00000000
0.06476527 0.42455448 99.00000000
0.06468562 0.42029118 99.00000000
0.06460727 0.41609582 99.00000000
0.06453019 0.41196826 100.00000000
0.06445436 0.40790831 100.00000000
0.06437975 0.40391577 100.00000000
0.06430633 0.39999040 100.00000000
0.06423406 0.39613196 101.00000000
0.06416294 0.39234019 101.00000000
0.06409292 0.38861479 101.00000000
0.06402399 0.38495545 102.00000000
0.06395611 0.38136186 102.00000000
0.06388928 0.37783367 102.00000000
0.06382345 0.37437051 102.00000000
0.06375861 0.37097201 103.00000000
0.06369474 0.36763777 103.00000000
0.06363180 0.36436739 103.00000000
0.06356979 0.36116045 103.00000000
0.06350868 0.35801652 104.00000000
0.06344845 0.35493514 104.00000000
0.06338907 0.35191586 104.00000000
0.06333054 0.34895821 104.00000000
0.06327282 0.34606171 105.00000000
0.06321590 0.34322588 105.00000000
0.06315977 0.34045023 105.00000000
0.06310439 0.33773424 105.00000000
0.06304976 0.33507742 105.00000000
0.06299586 0.33247924 106.00000000
0.06294267 0.32993919 106.00000000
0.06289017 0.32745675 106.00000000
0.06283835 0.32503137 106.00000000
0.06278719 0.32266254 107.00000000
0.06273668 0.32034972 107.00000000
0.06268679 0.31809237 107.00000000
0.06263753 0.31588995 107.00000000
0.06258886 0.31374193 108.00000000
0.06254078 0.31164776 108.00000000
0.06249328 0.30960691 108.00000000
0.06244633 0.30761883 108.00000000
0.06239994 0.30568299 109.00000000
0.06235407 0.30379886 109.00000000
0.06230873 0.30196589 109.00000000
0.06226389 0.30018356 109.00000000
0.06221955 0.29845133 109.00000000
0.06217570 0.29676868 110.00000000
0.06213231 0.29513509 110.00000000
0.06208939 0.29355004 110.00000000
0.06204692 0.29201300 110.00000000
0.06200489 0.29052347 111.00000000
0.06196329 0.28908095 111.00000000
0.06192211 0.28768492 111.00000000
0.06188133 0.28633490 111.00000000
0.06184095 0.28503039 112.00000000
0.06180097 0.28377090 112.00000000
0.06176136 0.28255597 112.00000000
0.06172212 0.28138510 112.00000000
0.06168324 0.28025784 113.00000000
0.06164471 0.27917372 113.00000000
0.06160653 0.27813229 113.00000000
0.06156868 0.27713310 113.00000000
0.06153116 0.27617571 113.00000000
0.06149395 0.27525968 114.00000000
0.06145706 0.27438459 114.00000000
0.06142046 0.27355001 114.00000000
0.06138416 0.27275554 114.00000000
0.06134815 0.27200077 115.00000000
0.06131241 0.27128530 115.00000000
0.06127695 0.27060875 115.00000000
0.06124175 0.26997072 115.00000000
0.06120680 0.26937085 116.00000000
0.06117211 0.26880877 116.00000000
0.06113766 0.26828411 116.00000000
0.06110345 0.26779654 116.00000000
0.06106947 0.26734570 116.00000000
0.06103571 0.26693127 117.00000000
0.06100217 0.26655291 117.00000000
0.06096883 0.26621031 117.00000000
0.06093571 0.26590315 117.00000000
0.06090278 0.26563114 118.00000000
0.06087005 0.26539398 118.00000000
0.06083750 0.26519139 118.00000000
0.06080513 0.26502308 118.00000000
0.06077294 0.26488878 119.00000000
0.06074091 0.26478824 119.00000000
0.06070906 0.26472120 119.00000000
0.06067736 0.26468742 119.00000000
0.06064581 0.26468665 119.00000000
0.06061441 0.26471867 120.00000000
0.06058315 0.26478326 120.00000000
0.06055203 0.26488020 120.00000000
0.06052105 0.26500929 120.00000000
0.06049019 0.26517032 121.00000000
0.06045945 0.26536311 121.00000000
0.06042883 0.26558747 121.00000000
0.06039832 0.26584323 121.00000000
0.06036791 0.26613021 122.00000000
0.06033761 0.26644827 122.00000000
0.06030741 0.26679724 122.00000000
0.06027730 0.26717697 122.00000000
0.06024728 0.26758734 122.00000000
0.06021734 0.26802820 123.00000000
0.06018748 0.26849942 123.00000000
0.06015770 0.26900090 123.00000000
0.06012798 0.26953251 123.00000000
0.06009833 0.27009415 124.00000000
0.06006874 0.27068571 124.00000000
0.06003920 0.27130711 124.00000000
0.06000972 0.27195826 124.00000000
0.05998028 0.27263906 125.00000000
0.05995089 0.27334945 125.00000000
0.05992153 0.27408935 125.00000000
0.05989221 0.27485869 125.00000000
0.05986291 0.27565740 126.00000000
0.05983364 0.27648544 126.00000000
0.05980439 0.27734275 126.00000000
0.05977516 0.27822927 126.00000000
0.05974594 0.27914496 126.00000000
0.05971672 0.28008978 127.00000000
0.05968751 0.28106368 127.00000000
0.05965829 0.28206663 127.00000000
0.05962907 0.28309860 127.00000000
0.05959984 0.28415956 128.00000000
0.05957059 0.28524946 128.00000000
0.05954133 0.28636829 128.00000000
0.05951204 0.28751602 128.00000000
0.05948272 0.28869262 128.00000000
0.05945337 0.28989807 129.00000000
0.05942398 0.29113233 129.00000000
0.05939455 0.29239538 129.00000000
0.05936507 0.29368720 129.00000000
0.05933555 0.29500775 130.00000000
0.05930596 0.29635700 130.00000000
0.05927632 0.29773493 130.00000000
0.05924662 0.29914148 130.00000000
0.05921684 0.30057663 131.00000000
0.05918699 0.30204033 131.00000000
0.05915707 0.30353254 131.00000000
0.05912706 0.30505319 131.00000000
0.05909696 0.30660222 131.00000000
0.05906678 0.30817959 132.00000000
0.05903649 0.30978520 132.00000000
0.05900611 0.31141899 132.00000000
0.05897562 0.31308085 132.00000000
0.05894502 0.31477070 133.00000000
0.05891430 0.31648843 133.00000000
0.05888346 0.31823392 133.00000000
0.05885250 0.32000704 133.00000000
0.05882141 0.32180764 134.00000000
0.05879019 0.32363559 134.00000000
0.05875882 0.32549070 134.00000000
0.05872731 0.32737279 134.00000000
0.05869566 0.32928168 135.00000000
0.05866384 0.33121715 135.00000000
0.05863187 0.33317897 135.00000000
0.05859974 0.33516688 135.00000000
0.05856744 0.33718064 135.00000000
0.05853496 0.33921996 136.00000000
0.05850231 0.34128452 136.00000000
0.05846947 0.34337401 136.00000000
0.05843645 0.34548809 136.00000000
0.05840323 0.34762638 137.00000000
0.05836982 0.34978849 137.00000000
0.05833620 0.35197402 137.00000000
0.05830238 0.35418252 137.00000000
0.05826834 0.35641353 138.00000000
0.05823409 0.35866656 138.00000000
0.05819962 0.36094110 138.00000000
0.05816492 0.36323661 138.00000000
0.05812999 0.36555251 138.00000000
0.05809482 0.36788822 139.00000000
0.05805942 0.37024311 139.00000000
0.05802377 0.37261653 139.00000000
0.05798787 0.37500779 139.00000000
0.05795172 0.37741620 140.00000000
0.05791531 0.37984101 140.00000000
0.05787864 0.38228145 140.00000000
0.05784171 0.38473674 140.00000000
0.05780451 0.38720605 141.00000000
0.05776703 0.38968852 141.00000000
0.05772928 0.39218329 141.00000000
0.05769124 0.39468945 141.00000000
0.05765292 0.39720606 142.00000000
0.05761432 0.39973216 142.00000000
0.05757542 0.40226678 142.00000000
0.05753623 0.40480891 142.00000000
0.05749674 0.40735751 142.00000000
0.05745696 0.40991155 143.00000000
0.05741687 0.41246993 143.00000000
0.05737647 0.41503159 143.00000000
0.05733577 0.41759540 143.00000000
0.05729476 0.42016025 144.00000000
0.05725343 0.42272500 144.00000000
0.05721180 0.42528851 144.00000000
0.05716984 0.42784960 144.00000000
0.05712757 0.43040713 144.00000000
0.05708499 0.43295991 145.00000000
0.05704208 0.43550678 145.00000000
0.05699886 0.43804655 145.00000000
0.05695531 0.44057807 145.00000000
0.05691144 0.44310015 146.00000000
0.05686725 0.44561164 146.00000000
0.05682274 0.44811139 146.00000000
0.05677791 0.45059826 146.00000000
0.05673276 0.45307112 147.00000000
0.05668729 0.45552887 147.00000000
0.05664150 0.45797042 147.00000000
0.05659539 0.46039471 147.00000000
0.05654896 0.46280071 147.00000000
0.05650221 0.46518740 148.00000000
0.05645515 0.46755380 148.00000000
0.05640778 0.46989898 148.00000000
0.05636010 0.47222201 148.00000000
0.05631210 0.47452204 149.00000000
0.05626380 0.47679822 149.00000000
0.05621520 0.47904978 149.00000000
0.05616629 0.48127595 149.00000000
0.05611708 0.48347604 150.00000000
0.05606757 0.48564940 150.00000000
0.05601777 0.48779541 150.00000000
0.05596767 0.48991353 150.00000000
0.05591729 0.49200324 150.00000000
0.05586662 0.49406410 151.00000000
0.05581567 0.49609569 151.00000000
0.05576444 0.49809767 151.00000000
0.05571293 0.50006974 151.00000000
0.05566115 0.50201165 152.00000000
0.05560909 0.50392322 152.00000000
0.05555677 0.50580429 152.00000000
0.05550419 0.50765480 152.00000000
0.05545134 0.50947469 153.00000000
0.05539824 0.51126398 153.00000000
0.05534489 0.51302274 153.00000000
0.05529128 0.51475107 153.00000000
0.05523742 0.51644915 153.00000000
0.05518332 0.51811717 154.00000000
0.05512898 0.51975538 154.00000000
0.05507440 0.52136408 154.00000000
0.05501958 0.52294360 154.00000000
0.05496453 0.52449431 155.00000000
0.05490925 0.52601662 155.00000000
0.05485374 0.52751098 155.00000000
0.05479800 0.52897786 155.00000000
0.05474204 0.53041777 155.00000000
0.05468586 0.53183126 156.00000000
0.05462945 0.53321887 156.00000000
0.05457283 0.53458121 156.00000000
0.05451600 0.53591888 156.00000000
0.05445894 0.53723252 157.00000000
0.05440168 0.53852276 157.00000000
0.05434420 0.53979027 157.00000000
0.05428651 0.54103573 157.00000000
0.05422862 0.54225982 158.00000000
0.05417051 0.54346324 158.00000000
0.05411220 0.54464669 158.00000000
0.05405368 0.54581087 158.00000000
0.05399495 0.54695649 158.00000000
0.05393601 0.54808427 159.00000000
0.05387687 0.54919491 159.00000000
0.05381753 0.55028911 159.00000000
0.05375797 0.55136758 159.00000000
0.05369821 0.55243101 160.00000000
0.05363825 0.55348007 160.00000000
0.05357808 0.55451546 160.00000000
0.05351770 0.55553783 160.00000000
0.05345711 0.55654784 160.00000000
0.05339631 0.55754613 161.00000000
0.05333531 0.55853331 161.00000000
0.05327409 0.55951001 161.00000000
0.05321266 0.56047680 161.00000000
0.05315102 0.56143428 162.00000000
0.05308917 0.56238298 162.00000000
0.05302711 0.56332346 162.00000000
0.05296483 0.56425623 162.00000000
0.05290233 0.56518178 163.00000000
0.05283961 0.56610059 163.00000000
0.05277668 0.56701313 163.00000000
0.05271353 0.56791982 163.00000000
0.05265015 0.56882107 163.00000000
0.05258655 0.56971728 164.00000000
0.05252273 0.57060881 164.00000000
0.05245868 0.57149601 164.00000000
0.05239441 0.57237921 164.00000000
0.05232991 0.57325870 165.00000000
0.05226517 0.57413477 165.00000000
0.05220021 0.57500767 165.00000000
0.05213502 0.57587765 165.00000000
0.05206959 0.57674491 166.00000000
0.05200393 0.57760966 166.00000000
0.05193803 0.57847205 166.00000000
0.05187190 0.57933226 166.00000000
0.05180552 0.58019040 166.00000000
0.05173891 0.58104660 167.00000000
0.05167206 0.58190094 167.00000000
0.05160497 0.58275351 167.00000000
0.05153764 0.58360437 167.00000000
0.05147007 0.58445354 168.00000000
0.05140225 0.58530106 168.00000000
0.05133419 0.58614694 168.00000000
0.05126588 0.58699116 168.00000000
0.05119733 0.58783370 168.00000000
0.05112853 0.58867453 169.00000000
0.05105949 0.58951359 169.00000000
0.05099020 0.59035082 169.00000000
0.05092067 0.59118614 169.00000000
0.05085088 0.59201947 170.00000000
0.05078085 0.59285070 170.00000000
0.05071058 0.59367973 170.00000000
0.05064005 0.59450643 170.00000000
0.05056928 0.59533069 171.00000000
0.05049826 0.59615236 171.00000000
0.05042700 0.59697129 171.00000000
0.05035548 0.59778735 171.00000000
0.05028372 0.59860037 172.00000000
0.05021172 0.59941019 172.00000000
0.05013946 0.60021664 172.00000000
0.05006697 0.60101956 172.00000000
0.04999422 0.60181877 172.00000000
0.04992123 0.60261410 173.00000000
0.04984800 0.60340536 173.00000000
0.04977453 0.60419237 173.00000000
0.04970081 0.60497497 173.00000000
0.04962684 0.60575296 174.00000000
0.04955264 0.60652617 174.00000000
0.04947819 0.60729442 174.00000000
0.04940350 0.60805753 174.00000000
0.04932858 0.60881534 175.00000000
0.04925341 0.60956766 175.00000000
0.04917801 0.61031433 175.00000000
0.04910236 0.61105520 175.00000000
0.04902648 0.61179010 176.00000000
0.04895036 0.61251887 176.00000000
0.04887401 0.61324138 176.00000000
0.04879742 0.61395749 176.00000000
0.04872060 0.61466705 177.00000000
0.04864354 0.61536995 177.00000000
0.04856624 0.61606606 177.00000000
0.04848872 0.61675528 177.00000000
0.04841096 0.61743751 178.00000000
0.04833296 0.61811265 178.00000000
0.04825474 0.61878063 178.00000000
0.04817628 0.61944136 178.00000000
0.04809759 0.62009480 178.00000000
0.04801867 0.62074088 179.00000000
0.04793952 0.62137958 179.00000000
0.04786014 0.62201085 179.00000000
0.04778052 0.62263470 179.00000000
0.04770067 0.62325110 180.00000000
0.04762059 0.62386007 180.00000000
0.04754028 0.62446164 180.00000000
0.04745973 0.62505583 180.00000000
0.04737895 0.62564269 180.00000000
0.04729793 0.62622228 181.00000000
0.04721668 0.62679468 181.00000000
0.04713519 0.62735997 181.00000000
0.04705347 0.62791825 181.00000000
0.04697150 0.62846964 182.00000000
0.04688929 0.62901426 182.00000000
0.04680684 0.62955226 182.00000000
0.04672415 0.63008380 182.00000000
0.04664121 0.63060904 183.00000000
0.04655803 0.63112817 183.00000000
0.04647459 0.63164139 183.00000000
0.04639090 0.63214890 183.00000000
0.04630696 0.63265094 184.00000000
0.04622276 0.63314774 184.00000000
0.04613830 0.63363956 184.00000000
0.04605358 0.63412666 184.00000000
0.04596858 0.63460932 184.00000000
0.04588332 0.63508783 185.00000000
0.04579779 0.63556250 186.00000000
0.04571198 0.63603364 186.00000000
0.04562589 0.63650158 186.00000000
0.04553951 0.63696666 186.00000000
0.04545284 0.63742923 187.00000000
0.04536588 0.63788965 187.00000000
0.04527862 0.63834829 187.00000000
0.04519105 0.63880553 187.00000000
0.04510318 0.63926177 187.00000000
0.04501499 0.63971740 188.00000000
0.04492648 0.64017282 188.00000000
0.04483765 0.64062844 188.00000000
0.04474849 0.64108470 188.00000000
0.04465899 0.64154200 189.00000000
0.04456914 0.64200079 189.00000000
0.04447895 0.64246149 189.00000000
0.04438840 0.64292453 189.00000000
0.04429748 0.64339037 189.00000000
0.04420620 0.64385943 190.00000000
0.04411454 0.64433216 190.00000000
0.04402249 0.64480900 190.00000000
0.04393006 0.64529039 190.00000000
0.04383722 0.64577675 191.00000000
0.04374398 0.64626853 191.00000000
0.04365032 0.64676614 191.00000000
0.04355624 0.64727001 192.00000000
0.04346172 0.64778054 192.00000000
0.04336677 0.64829815 192.00000000
0.04327138 0.64882321 192.00000000
0.04317552 0.64935613 192.00000000
0.04307921 0.64989725 193.00000000
0.04298242 0.65044695 193.00000000
0.04288515 0.65100555 193.00000000
0.04278739 0.65157339 193.00000000
0.04268913 0.65215075 194.00000000
0.04259037 0.65273794 194.00000000
0.04249109 0.65333521 194.00000000
0.04239128 0.65394280 194.00000000
0.04229095 0.65456093 194.00000000
0.04219007 0.65518980 195.00000000
0.04208865 0.65582956 195.00000000
0.04198666 0.65648035 195.00000000
0.04188412 0.65714229 195.00000000
0.04178099 0.65781544 196.00000000
0.04167729 0.65849986 196.00000000
0.04157299 0.65919555 196.00000000
0.04146810 0.65990249 196.00000000
0.04136260 0.66062061 197.00000000
0.04125649 0.66134983 197.00000000
0.04114976 0.66209001 197.00000000
0.04104241 0.66284097 197.00000000
0.04093442 0.66360250 197.00000000
0.04082579 0.66437435 198.00000000
0.04071651 0.66515621 198.00000000
0.04060658 0.66594776 198.00000000
0.04049600 0.66674860 198.00000000
0.04038475 0.66755832 199.00000000
0.04027283 0.66837645 199.00000000
0.04016024 0.66920247 199.00000000
0.04004698 0.67003584 199.00000000
0.03993303 0.67087594 200.00000000
0.03981841 0.67172213 203.00000000
0.03970309 0.67257374 206.00000000
0.03958709 0.67343002 206.00000000
0.03947039 0.67429021 207.00000000
0.03935301 0.67515349 207.00000000
0.03923492 0.67601901 207.00000000
0.03911615 0.67688587 207.00000000
0.03899668 0.67775314 208.00000000
0.03887651 0.67861985 208.00000000
0.03875565 0.67948499 208.00000000
0.03863410 0.68034753 208.00000000
0.03851185 0.68120638 208.00000000
0.03838892 0.68206045 208.00000000
0.03826530 0.68290861 209.00000000
0.03814099 0.68374970 209.00000000
0.03801601 0.68458253 209.00000000
0.03789035 0.68540590 209.00000000
0.03776402 0.68621860 209.00000000
0.03763702 0.68701938 210.00000000
0.03750936 0.68780699 210.00000000
0.03738104 0.68858017 210.00000000
0.03725208 0.68933765 210.00000000
0.03712247 0.69007815 210.00000000
0.03699223 0.69080039 211.00000000
0.03686136 0.69150310 211.00000000
0.03672988 0.69218501 211.00000000
0.03659778 0.69284485 211.00000000
0.03646508 0.69348136 211.00000000
0.03633179 0.69409331 211.00000000
0.03619791 0.69467946 212.00000000
0.03606346 0.69523861 212.00000000
0.03592845 0.69576958 212.00000000
0.03579289 0.69627120 212.00000000
0.03565678 0.69674234 212.00000000
0.03552014 0.69718190 213.00000000
0.03538298 0.69758881 213.00000000
0.03524532 0.69796204 213.00000000
0.03510715 0.69830058 213.00000000
0.03496850 0.69860348 213.00000000
0.03482938 0.69886983 214.00000000
0.03468980 0.69909874 214.00000000
0.03454976 0.69928940 214.00000000
0.03440929 0.69944103 214.00000000
0.03426840 0.69955288 214.00000000
0.03412709 0.69962427 214.00000000
0.03398539 0.69965458 215.00000000
0.03384329 0.69964322 215.00000000
0.03370083 0.69958966 215.00000000
0.03355800 0.69949343 215.00000000
0.03341482 0.69935409 216.00000000
0.03327130 0.69917127 216.00000000
0.03312746 0.69894467 216.00000000
0.03298330 0.69867400 216.00000000
0.03283885 0.69835906 216.00000000
0.03269411 0.69799968 217.00000000
0.03254909 0.69759575 217.00000000
0.03240381 0.69714722 217.00000000
0.03225828 0.69665407 217.00000000
0.03211250 0.69611635 217.00000000
0.03196650 0.69553412 217.00000000
0.03182028 0.69490754 218.00000000
0.03167385 0.69423678 219.00000000
0.03152723 0.69352206 219.00000000
0.03138042 0.69276364 219.00000000
0.03123344 0.69196182 219.00000000
0.03108630 0.69111696 219.00000000
0.03093900 0.69022943 220.00000000
0.03079157 0.68929966 220.00000000
0.03064400 0.68832808 220.00000000
0.03049631 0.68731519 220.00000000
0.03034851 0.68626151 220.00000000
0.03020060 0.68516756 221.00000000
0.03005261 0.68403394 221.00000000
0.02990453 0.68286123 221.00000000
0.02975638 0.68165004 221.00000000
0.02960816 0.68040104 221.00000000
0.02945989 0.67911487 222.00000000
0.02931158 0.67779222 222.00000000
0.02916322 0.67643379 222.00000000
0.02901484 0.67504028 222.00000000
0.02886644 0.67361244 222.00000000
0.02871802 0.67215099 222.00000000
0.02856961 0.67065670 223.00000000
0.02842120 0.66913031 223.00000000
0.02827280 0.66757260 223.00000000
0.02812443 0.66598434 223.00000000
0.02797608 0.66436632 223.00000000
0.02782778 0.66271931 224.00000000
0.02767952 0.66104412 224.00000000
0.02753132 0.65934152 224.00000000
0.02738318 0.65761232 224.00000000
0.02723512 0.65585730 224.00000000
0.02708713 0.65407725 225.00000000
0.02693923 0.65227297 225.00000000
0.02679143 0.65044524 225.00000000
0.02664374 0.64859485 225.00000000
0.02649615 0.64672258 225.00000000
0.02634869 0.64482921 226.00000000
0.02620136 0.64291550 226.00000000
0.02605417 0.64098223 226.00000000
0.02590713 0.63903015 226.00000000
0.02576025 0.63706002 227.00000000
0.02561352 0.63507258 228.00000000
0.02546698 0.63306859 228.00000000
0.02532061 0.63104876 228.00000000
0.02517444 0.62901382 228.00000000
0.02502847 0.62696450 228.00000000
0.02488272 0.62490149 229.00000000
0.02473718 0.62282551 229.00000000
0.02459187 0.62073724 229.00000000
0.02444680 0.61863737 229.00000000
0.02430198 0.61652657 229.00000000
0.02415742 0.61440551 230.00000000
0.02401313 0.61227484 230.00000000
0.02386912 0.61013522 230.00000000
0.02372539 0.60798728 230.00000000
0.02358197 0.60583166 230.00000000
0.02343886 0.60366898 230.00000000
0.02329607 0.60149986 231.00000000
0.02315361 0.59932489 231.00000000
0.02301150 0.59714468 231.00000000
0.02286973 0.59495981 231.00000000
0.02272834 0.59277086 231.00000000
0.02258731 0.59057841 232.00000000
0.02244668 0.58838301 232.00000000
0.02230644 0.58618522 232.00000000
0.02216661 0.58398559 232.00000000
0.02202720 0.58178465 232.00000000
0.02188823 0.57958294 233.00000000
0.02174969 0.57738097 233.00000000
0.02161162 0.57517925 233.00000000
0.02147400 0.57297830 233.00000000
0.02133687 0.57077860 233.00000000
0.02120022 0.56858064 234.00000000
0.02106408 0.56638491 234.00000000
0.02092844 0.56419187 234.00000000
0.02079333 0.56200199 234.00000000
0.02065876 0.55981572 234.00000000
0.02052473 0.55763349 235.00000000
0.02039125 0.55545576 235.00000000
0.02025835 0.55328295 235.00000000
0.02012602 0.55111547 236.00000000
0.01999428 0.54895372 236.00000000
0.01986315 0.54679812 236.00000000
0.01973262 0.54464905 236.00000000
0.01960271 0.54250688 236.00000000
0.01947344 0.54037200 237.00000000
0.01934481 0.53824474 237.00000000
0.01921683 0.53612547 237.00000000
0.01908951 0.53401451 237.00000000
0.01896286 0.53191220 237.00000000
0.01883689 0.52981884 238.00000000
0.01871161 0.52773475 238.00000000
0.01858702 0.52566021 239.00000000
0.01846315 0.52359549 239.00000000
0.01833998 0.52154088 239.00000000
0.01821754 0.51949661 239.00000000
0.01809582 0.51746294 239.00000000
0.01797484 0.51544008 240.00000000
0.01785460 0.51342827 240.00000000
0.01773512 0.51142769 240.00000000
0.01761639 0.50943855 240.00000000
0.01749841 0.50746101 240.00000000
0.01738121 0.50549524 241.00000000
0.01726478 0.50354139 241.00000000
0.01714913 0.50159959 241.00000000
0.01703425 0.49966997 241.00000000
0.01692017 0.49775265 241.00000000
0.01680687 0.49584771 242.00000000
0.01669437 0.49395524 242.00000000
0.01658266 0.49207531 242.00000000
0.01647175 0.49020798 242.00000000
0.01636165 0.48835329 242.00000000
0.01625234 0.48651129 243.00000000
0.01614384 0.48468198 243.00000000
0.01603615 0.48286539 243.00000000
0.01592927 0.48106150 243.00000000
0.01582320 0.47927031 243.00000000
0.01571793 0.47749179 243.00000000
0.01561348 0.47572591 244.00000000
0.01550983 0.47397262 244.00000000
0.01540699 0.47223187 244.00000000
0.01530496 0.47050360 244.00000000
0.01520374 0.46878773 244.00000000
0.01510332 0.46708418 245.00000000
0.01500370 0.46539287 245.00000000
0.01490489 0.46371371 245.00000000
0.01480688 0.46204657 245.00000000
0.01470966 0.46039137 245.00000000
0.01461325 0.45874798 246.00000000
0.01451762 0.45711628 246.00000000
0.01442278 0.45549614 246.00000000
0.01432873 0.45388744 246.00000000
0.01423546 0.45229003 246.00000000
0.01414297 0.45070379 246.00000000
0.01405125 0.44912856 247.00000000
0.01396031 0.44756419 247.00000000
0.01387013 0.44601055 247.00000000
0.01378072 0.44446748 247.00000000
0.01369206 0.44293482 248.00000000
0.01360416 0.44141243 248.00000000
0.01351701 0.43990014 248.00000000
0.01343061 0.43839779 248.00000000
0.01334494 0.43690525 248.00000000
0.01326001 0.43542233 249.00000000
0.01317580 0.43394889 249.00000000
0.01309233 0.43248478 250.00000000
0.01300957 0.43102983 250.00000000
0.01292752 0.42958388 250.00000000
0.01284619 0.42814679 250.00000000
0.01276556 0.42671841 251.00000000
0.01268562 0.42529857 251.00000000
0.01260638 0.42388713 251.00000000
0.01252782 0.42248394 252.00000000
0.01244995 0.42108886 252.00000000
0.01237275 0.41970174 252.00000000
0.01229622 0.41832245 252.00000000
0.01222036 0.41695083 252.00000000
0.01214515 0.41558676 253.00000000
0.01207060 0.41423010 253.00000000
0.01199669 0.41288072 253.00000000
0.01192343 0.41153849 253.00000000
0.01185080 0.41020329 253.00000000
0.01177880 0.40887499 254.00000000
0.01170742 0.40755347 254.00000000
0.01163666 0.40623862 254.00000000
0.01156652 0.40493033 254.00000000
0.01149698 0.40362847 254.00000000
0.01142805 0.40233295 255.00000000
0.01135971 0.40104366 255.00000000
0.01129196 0.39976050 256.00000000
0.01122480 0.39848336 256.00000000
0.01115821 0.39721216 257.00000000
0.01109220 0.39594680 257.00000000
0.01102676 0.39468718 257.00000000
0.01096188 0.39343324 257.00000000
0.01089756 0.39218486 257.00000000
0.01083378 0.39094199 258.00000000
0.01077056 0.38970454 258.00000000
0.01070788 0.38847243 258.00000000
0.01064573 0.38724559 259.00000000
0.01058412 0.38602394 259.00000000
0.01052303 0.38480744 259.00000000
0.01046246 0.38359599 259.00000000
0.01040240 0.38238955 259.00000000
0.01034286 0.38118805 260.00000000
0.01028382 0.37999144 260.00000000
0.01022528 0.37879966 260.00000000
0.01016724 0.37761265 260.00000000
0.01010969 0.37643036 261.00000000
0.01005262 0.37525275 262.00000000
0.00999604 0.37407976 262.00000000
0.00993993 0.37291136 262.00000000
0.00988429 0.37174750 262.00000000
0.00982912 0.37058813 262.00000000
0.00977441 0.36943322 263.00000000
0.00972016 0.36828273 263.00000000
0.00966636 0.36713662 263.00000000
0.00961301 0.36599486 263.00000000
0.00956010 0.36485741 263.00000000
0.00950764 0.36372425 264.00000000
0.00945561 0.36259534 264.00000000
0.00940401 0.36147065 264.00000000
0.00935283 0.36035017 264.00000000
0.00930208 0.35923385 264.00000000
0.00925175 0.35812168 265.00000000
0.00920183 0.35701363 265.00000000
0.00915232 0.35590968 265.00000000
0.00910322 0.35480981 265.00000000
0.00905452 0.35371400 265.00000000
0.00900622 0.35262223 266.00000000
0.00895831 0.35153447 266.00000000
0.00891080 0.35045072 266.00000000
0.00886366 0.34937095 266.00000000
0.00881692 0.34829515 266.00000000
0.00877055 0.34722330 266.00000000
0.00872455 0.34615539 267.00000000
0.00867893 0.34509141 267.00000000