Residual Convergence speed Computational time
0.12567346 0.22520372 1.00000000
0.12562190 0.21512789 1.00000000
0.12555777 0.20404887 1.00000000
0.12549262 0.19511216 2.00000000
0.12542933 0.18944173 2.00000000
0.12536816 0.18745146 2.00000000
0.12530862 0.18922021 2.00000000
0.12525001 0.19460608 2.00000000
0.12519158 0.20331679 2.00000000
0.12513259 0.21498245 3.00000000
0.12507230 0.22922149 3.00000000
0.12500995 0.24568608 3.00000000
0.12494478 0.26408465 4.00000000
0.12487602 0.28418708 5.00000000
0.12480284 0.30582019 5.00000000
0.12472441 0.32885902 5.00000000
0.12463984 0.35321741 5.00000000
0.12454818 0.37883928 5.00000000
0.12444843 0.40569117 6.00000000
0.12433951 0.43375606 6.00000000
0.12422028 0.46302830 6.00000000
0.12408950 0.49350937 6.00000000
0.12394585 0.52520427 7.00000000
0.12378792 0.55811837 7.00000000
0.12361419 0.59225454 7.00000000
0.12342303 0.62761041 8.00000000
0.12321273 0.66417583 8.00000000
0.12298145 0.70193025 8.00000000
0.12272727 0.74084026 8.00000000
0.12244816 0.78085701 9.00000000
0.12214202 0.82191380 9.00000000
0.12180667 0.86392372 9.00000000
0.12143990 0.90677748 9.00000000
0.12103947 0.95034150 9.00000000
0.12060317 0.99445648 10.00000000
0.12012880 1.03893638 10.00000000
0.11961432 1.08356825 10.00000000
0.11905778 1.12811273 10.00000000
0.11845747 1.17230567 11.00000000
0.11781194 1.21586068 11.00000000
0.11712007 1.25847283 11.00000000
0.11638112 1.29982351 11.00000000
0.11559484 1.33958623 12.00000000
0.11476144 1.37743331 12.00000000
0.11388171 1.41304324 13.00000000
0.11295703 1.44610828 13.00000000
0.11198938 1.47634225 14.00000000
0.11098136 1.50348778 14.00000000
0.10993614 1.52732308 15.00000000
0.10885745 1.54766759 15.00000000
0.10774952 1.56438652 16.00000000
0.10661699 1.57739392 16.00000000
0.10546481 1.58665429 16.00000000
0.10429818 1.59218266 16.00000000
0.10312236 1.59404313 17.00000000
0.10194264 1.59234608 17.00000000
0.10076417 1.58724411 17.00000000
0.09959186 1.57892695 17.00000000
0.09843034 1.56761562 17.00000000
0.09728383 1.55355601 18.00000000
0.09615612 1.53701226 18.00000000
0.09505051 1.51826011 18.00000000
0.09396981 1.49758051 18.00000000
0.09291632 1.47525378 19.00000000
0.09189186 1.45155431 19.00000000
0.09089779 1.42674608 19.00000000
0.08993504 1.40107903 19.00000000
0.08900414 1.37478621 20.00000000
0.08810529 1.34808178 20.00000000
0.08723837 1.32115979 20.00000000
0.08640302 1.29419360 20.00000000
0.08559867 1.26733589 21.00000000
0.08482457 1.24071910 21.00000000
0.08407984 1.21445628 21.00000000
0.08336349 1.18864217 21.00000000
0.08267447 1.16335450 21.00000000
0.08201169 1.13865534 22.00000000
0.08137402 1.11459258 22.00000000
0.08076034 1.09120130 22.00000000
0.08016953 1.06850527 22.00000000
0.07960049 1.04651823 23.00000000
0.07905215 1.02524522 23.00000000
0.07852350 1.00468375 24.00000000
0.07801355 0.98482495 24.00000000
0.07752135 0.96565461 24.00000000
0.07704603 0.94715406 24.00000000
0.07658674 0.92930112 25.00000000
0.07614269 0.91207080 25.00000000
0.07571315 0.89543606 25.00000000
0.07529741 0.87936840 25.00000000
0.07489484 0.86383842 25.00000000
0.07450481 0.84881631 26.00000000
0.07412678 0.83427229 26.00000000
0.07376021 0.82017698 26.00000000
0.07340461 0.80650166 26.00000000
0.07305953 0.79321860 27.00000000
0.07272455 0.78030123 27.00000000
0.07239925 0.76772431 27.00000000
0.07208328 0.75546405 27.00000000
0.07177628 0.74349825 28.00000000
0.07147794 0.73180628 28.00000000
0.07118793 0.72036918 28.00000000
0.07090598 0.70916959 28.00000000
0.07063182 0.69819182 29.00000000
0.07036519 0.68742171 29.00000000
0.07010584 0.67684667 29.00000000
0.06985355 0.66645552 29.00000000
0.06960809 0.65623850 29.00000000
0.06936926 0.64618713 30.00000000
0.06913686 0.63629413 30.00000000
0.06891068 0.62655334 30.00000000
0.06869056 0.61695960 30.00000000
0.06847630 0.60750869 31.00000000
0.06826774 0.59819721 31.00000000
0.06806471 0.58902247 31.00000000
0.06786705 0.57998247 32.00000000
0.06767460 0.57107575 32.00000000
0.06748721 0.56230134 33.00000000
0.06730474 0.55365867 33.00000000
0.06712703 0.54514754 33.00000000
0.06695395 0.53676799 33.00000000
0.06678537 0.52852034 34.00000000
0.06662114 0.52040502 34.00000000
0.06646114 0.51242263 34.00000000
0.06630525 0.50457382 34.00000000
0.06615334 0.49685932 34.00000000
0.06600528 0.48927985 35.00000000
0.06586097 0.48183612 35.00000000
0.06572028 0.47452882 36.00000000
0.06558311 0.46735857 36.00000000
0.06544935 0.46032591 37.00000000
0.06531888 0.45343133 37.00000000
0.06519162 0.44667519 37.00000000
0.06506745 0.44005775 38.00000000
0.06494629 0.43357919 38.00000000
0.06482802 0.42723954 38.00000000
0.06471257 0.42103876 38.00000000
0.06459984 0.41497664 39.00000000
0.06448975 0.40905292 39.00000000
0.06438220 0.40326718 39.00000000
0.06427713 0.39761890 39.00000000
0.06417444 0.39210749 40.00000000
0.06407405 0.38673221 40.00000000
0.06397591 0.38149226 40.00000000
0.06387992 0.37638674 40.00000000
0.06378602 0.37141465 41.00000000
0.06369414 0.36657494 41.00000000
0.06360422 0.36186646 41.00000000
0.06351619 0.35728799 41.00000000
0.06342998 0.35283828 41.00000000
0.06334554 0.34851600 42.00000000
0.06326281 0.34431975 42.00000000
0.06318173 0.34024813 42.00000000
0.06310224 0.33629966 42.00000000
0.06302430 0.33247284 43.00000000
0.06294785 0.32876614 43.00000000
0.06287284 0.32517800 43.00000000
0.06279923 0.32170684 43.00000000
0.06272696 0.31835107 44.00000000
0.06265599 0.31510908 44.00000000
0.06258628 0.31197925 44.00000000
0.06251779 0.30895995 44.00000000
0.06245047 0.30604956 44.00000000
0.06238429 0.30324645 45.00000000
0.06231920 0.30054901 45.00000000
0.06225517 0.29795561 45.00000000
0.06219217 0.29546465 45.00000000
0.06213016 0.29307454 46.00000000
0.06206910 0.29078370 46.00000000
0.06200896 0.28859058 47.00000000
0.06194972 0.28649361 47.00000000
0.06189133 0.28449129 48.00000000
0.06183378 0.28258210 49.00000000
0.06177703 0.28076458 49.00000000
0.06172105 0.27903726 49.00000000
0.06166582 0.27739872 49.00000000
0.06161131 0.27584756 50.00000000
0.06155750 0.27438241 50.00000000
0.06150436 0.27300192 50.00000000
0.06145187 0.27170478 50.00000000
0.06140000 0.27048972 51.00000000
0.06134873 0.26935547 51.00000000
0.06129803 0.26830083 51.00000000
0.06124790 0.26732460 51.00000000
0.06119831 0.26642564 52.00000000
0.06114923 0.26560283 52.00000000
0.06110064 0.26485509 52.00000000
0.06105254 0.26418136 52.00000000
0.06100489 0.26358064 52.00000000
0.06095768 0.26305193 53.00000000
0.06091090 0.26259430 53.00000000
0.06086452 0.26220684 53.00000000
0.06081853 0.26188867 53.00000000
0.06077291 0.26163894 54.00000000
0.06072764 0.26145686 54.00000000
0.06068272 0.26134165 54.00000000
0.06063812 0.26129257 54.00000000
0.06059382 0.26130893 55.00000000
0.06054982 0.26139004 55.00000000
0.06050609 0.26153528 55.00000000
0.06046263 0.26174405 56.00000000
0.06041942 0.26201576 56.00000000
0.06037644 0.26234989 56.00000000
0.06033369 0.26274593 56.00000000
0.06029114 0.26320340 56.00000000
0.06024878 0.26372187 57.00000000
0.06020661 0.26430090 57.00000000
0.06016460 0.26494013 57.00000000
0.06012275 0.26563919 57.00000000
0.06008103 0.26639776 58.00000000
0.06003945 0.26721553 58.00000000
0.05999798 0.26809223 59.00000000
0.05995661 0.26902760 59.00000000
0.05991534 0.27002142 59.00000000
0.05987414 0.27107349 59.00000000
0.05983300 0.27218362 60.00000000
0.05979192 0.27335165 60.00000000
0.05975088 0.27457743 60.00000000
0.05970987 0.27586085 61.00000000
0.05966887 0.27720178 61.00000000
0.05962788 0.27860014 62.00000000
0.05958688 0.28005585 62.00000000
0.05954586 0.28156883 62.00000000
0.05950480 0.28313901 62.00000000
0.05946370 0.28476636 63.00000000
0.05942254 0.28645081 63.00000000
0.05938130 0.28819232 63.00000000
0.05933999 0.28999084 63.00000000
0.05929858 0.29184633 64.00000000
0.05925706 0.29375873 64.00000000
0.05921542 0.29572799 64.00000000
0.05917364 0.29775402 64.00000000
0.05913172 0.29983676 65.00000000
0.05908963 0.30197609 65.00000000
0.05904738 0.30417190 66.00000000
0.05900493 0.30642405 66.00000000
0.05896229 0.30873236 66.00000000
0.05891944 0.31109665 66.00000000
0.05887636 0.31351666 67.00000000
0.05883304 0.31599214 67.00000000
0.05878946 0.31852276 67.00000000
0.05874562 0.32110817 67.00000000
0.05870150 0.32374795 67.00000000
0.05865709 0.32644163 68.00000000
0.05861237 0.32918870 68.00000000
0.05856732 0.33198854 68.00000000
0.05852194 0.33484052 68.00000000
0.05847622 0.33774388 69.00000000
0.05843012 0.34069781 69.00000000
0.05838365 0.34370142 69.00000000
0.05833679 0.34675373 69.00000000
0.05828953 0.34985366 70.00000000
0.05824184 0.35300004 70.00000000
0.05819372 0.35619159 70.00000000
0.05814516 0.35942694 70.00000000
0.05809613 0.36270462 71.00000000
0.05804664 0.36602302 71.00000000
0.05799665 0.36938044 71.00000000
0.05794617 0.37277507 71.00000000
0.05789518 0.37620497 72.00000000
0.05784366 0.37966807 72.00000000
0.05779160 0.38316222 72.00000000
0.05773900 0.38668512 72.00000000
0.05768584 0.39023437 73.00000000
0.05763211 0.39380744 73.00000000
0.05757779 0.39740171 73.00000000
0.05752289 0.40101443 73.00000000
0.05746739 0.40464277 74.00000000
0.05741128 0.40828378 74.00000000
0.05735455 0.41193443 74.00000000
0.05729719 0.41559162 74.00000000
0.05723920 0.41925215 75.00000000
0.05718058 0.42291278 75.00000000
0.05712131 0.42657020 75.00000000
0.05706140 0.43022106 75.00000000
0.05700083 0.43386200 75.00000000
0.05693961 0.43748963 76.00000000
0.05687773 0.44110055 76.00000000
0.05681519 0.44469139 76.00000000
0.05675199 0.44825879 76.00000000
0.05668813 0.45179946 77.00000000
0.05662361 0.45531016 77.00000000
0.05655843 0.45878771 77.00000000
0.05649260 0.46222903 77.00000000
0.05642612 0.46563116 78.00000000
0.05635900 0.46899126 78.00000000
0.05629123 0.47230660 78.00000000
0.05622282 0.47557464 78.00000000
0.05615378 0.47879297 79.00000000
0.05608412 0.48195937 79.00000000
0.05601385 0.48507181 79.00000000
0.05594296 0.48812845 79.00000000
0.05587148 0.49112765 79.00000000
0.05579940 0.49406798 80.00000000
0.05572674 0.49694823 80.00000000
0.05565351 0.49976741 80.00000000
0.05557971 0.50252475 80.00000000
0.05550535 0.50521968 81.00000000
0.05543046 0.50785189 81.00000000
0.05535502 0.51042124 81.00000000
0.05527906 0.51292784 81.00000000
0.05520259 0.51537199 82.00000000
0.05512560 0.51775419 82.00000000
0.05504812 0.52007512 82.00000000
0.05497014 0.52233567 82.00000000
0.05489168 0.52453689 82.00000000
0.05481275 0.52667996 83.00000000
0.05473335 0.52876626 83.00000000
0.05465349 0.53079727 83.00000000
0.05457317 0.53277460 83.00000000
0.05449241 0.53469997 84.00000000
0.05441120 0.53657520 84.00000000
0.05432956 0.53840219 84.00000000
0.05424747 0.54018290 84.00000000
0.05416496 0.54191937 85.00000000
0.05408202 0.54361365 85.00000000
0.05399865 0.54526784 85.00000000
0.05391486 0.54688405 85.00000000
0.05383065 0.54846439 85.00000000
0.05374601 0.55001097 86.00000000
0.05366095 0.55152588 86.00000000
0.05357547 0.55301118 86.00000000
0.05348956 0.55446889 86.00000000
0.05340323 0.55590100 87.00000000
0.05331647 0.55730942 87.00000000
0.05322928 0.55869601 87.00000000
0.05314167 0.56006257 87.00000000
0.05305361 0.56141082 88.00000000
0.05296512 0.56274240 88.00000000
0.05287619 0.56405886 88.00000000
0.05278682 0.56536167 88.00000000
0.05269700 0.56665222 89.00000000
0.05260673 0.56793179 89.00000000
0.05251600 0.56920158 89.00000000
0.05242482 0.57046268 89.00000000
0.05233317 0.57171610 90.00000000
0.05224106 0.57296275 90.00000000
0.05214848 0.57420343 90.00000000
0.05205542 0.57543888 90.00000000
0.05196189 0.57666972 90.00000000
0.05186788 0.57789649 91.00000000
0.05177338 0.57911962 91.00000000
0.05167840 0.58033950 91.00000000
0.05158293 0.58155640 91.00000000
0.05148696 0.58277051 92.00000000
0.05139051 0.58398197 92.00000000
0.05129355 0.58519082 92.00000000
0.05119610 0.58639704 92.00000000
0.05109815 0.58760056 93.00000000
0.05099970 0.58880122 93.00000000
0.05090075 0.58999882 93.00000000
0.05080129 0.59119310 93.00000000
0.05070133 0.59238376 93.00000000
0.05060087 0.59357045 94.00000000
0.05049990 0.59475278 94.00000000
0.05039844 0.59593031 94.00000000
0.05029647 0.59710258 94.00000000
0.05019400 0.59826912 95.00000000
0.05009102 0.59942940 95.00000000
0.04998755 0.60058290 95.00000000
0.04988359 0.60172906 95.00000000
0.04977912 0.60286734 96.00000000
0.04967416 0.60399716 96.00000000
0.04956871 0.60511796 96.00000000
0.04946277 0.60622918 96.00000000
0.04935634 0.60733024 96.00000000
0.04924943 0.60842060 97.00000000
0.04914203 0.60949970 97.00000000
0.04903415 0.61056704 97.00000000
0.04892579 0.61162209 97.00000000
0.04881696 0.61266437 98.00000000
0.04870765 0.61369343 98.00000000
0.04859786 0.61470883 98.00000000
0.04848761 0.61571016 98.00000000
0.04837688 0.61669707 99.00000000
0.04826569 0.61766923 99.00000000
0.04815403 0.61862634 99.00000000
0.04804190 0.61956816 99.00000000
0.04792931 0.62049449 99.00000000
0.04781626 0.62140517 100.00000000
0.04770274 0.62230010 100.00000000
0.04758876 0.62317921 100.00000000
0.04747431 0.62404251 100.00000000
0.04735939 0.62489005 101.00000000
0.04724401 0.62572192 101.00000000
0.04712816 0.62653830 101.00000000
0.04701184 0.62733940 101.00000000
0.04689504 0.62812550 102.00000000
0.04677776 0.62889694 102.00000000
0.04666000 0.62965411 102.00000000
0.04654175 0.63039748 102.00000000
0.04642301 0.63112755 102.00000000
0.04630377 0.63184490 103.00000000
0.04618402 0.63255018 103.00000000
0.04606376 0.63324406 103.00000000
0.04594298 0.63392731 103.00000000
0.04582167 0.63460074 104.00000000
0.04569981 0.63526519 104.00000000
0.04557741 0.63592160 104.00000000
0.04545445 0.63657093 104.00000000
0.04533091 0.63721420 105.00000000
0.04520678 0.63785247 105.00000000
0.04508205 0.63848685 105.00000000
0.04495671 0.63911849 105.00000000
0.04483074 0.63974857 106.00000000
0.04470413 0.64037832 106.00000000
0.04457685 0.64100898 106.00000000
0.04444889 0.64164182 106.00000000
0.04432023 0.64227814 106.00000000
0.04419085 0.64291925 107.00000000
0.04406074 0.64356646 107.00000000
0.04392987 0.64422110 107.00000000
0.04379822 0.64488450 107.00000000
0.04366576 0.64555795 108.00000000
0.04353249 0.64624276 108.00000000
0.04339837 0.64694021 108.00000000
0.04326338 0.64765154 108.00000000
0.04312749 0.64837796 109.00000000
0.04299069 0.64912063 109.00000000
0.04285295 0.64988068 109.00000000
0.04271423 0.65065914 109.00000000
0.04257453 0.65145702 110.00000000
0.04243381 0.65227520 110.00000000
0.04229205 0.65311451 110.00000000
0.04214921 0.65397568 110.00000000
0.04200529 0.65485934 110.00000000
0.04186025 0.65576599 111.00000000
0.04171406 0.65669602 111.00000000
0.04156671 0.65764970 111.00000000
0.04141817 0.65862716 111.00000000
0.04126841 0.65962839 112.00000000
0.04111742 0.66065320 112.00000000
0.04096517 0.66170128 112.00000000
0.04081165 0.66277214 112.00000000
0.04065682 0.66386512 113.00000000
0.04050069 0.66497938 113.00000000
0.04034321 0.66611391 113.00000000
0.04018439 0.66726751 113.00000000
0.04002421 0.66843881 113.00000000
0.03986265 0.66962623 114.00000000
0.03969970 0.67082802 114.00000000
0.03953535 0.67204223 114.00000000
0.03936960 0.67326675 114.00000000
0.03920243 0.67449927 115.00000000
0.03903384 0.67573730 115.00000000
0.03886384 0.67697820 115.00000000
0.03869241 0.67821914 115.00000000
0.03851957 0.67945716 116.00000000
0.03834531 0.68068915 116.00000000
0.03816964 0.68191184 116.00000000
0.03799256 0.68312188 116.00000000
0.03781409 0.68431577 117.00000000
0.03763424 0.68548995 117.00000000
0.03745302 0.68664075 117.00000000
0.03727044 0.68776446 117.00000000
0.03708653 0.68885732 117.00000000
0.03690130 0.68991553 118.00000000
0.03671477 0.69093530 118.00000000
0.03652697 0.69191282 118.00000000
0.03633792 0.69284434 118.00000000
0.03614764 0.69372612 119.00000000
0.03595617 0.69455451 119.00000000
0.03576353 0.69532593 119.00000000
0.03556976 0.69603690 119.00000000
0.03537487 0.69668407 120.00000000
0.03517891 0.69726421 120.00000000
0.03498192 0.69777422 120.00000000
0.03478391 0.69821119 120.00000000
0.03458493 0.69857238 120.00000000
0.03438502 0.69885523 121.00000000
0.03418421 0.69905736 121.00000000
0.03398253 0.69917662 121.00000000
0.03378003 0.69921108 121.00000000
0.03357673 0.69915898 122.00000000
0.03337268 0.69901884 122.00000000
0.03316792 0.69878937 122.00000000
0.03296247 0.69846951 122.00000000
0.03275638 0.69805843 123.00000000
0.03254968 0.69755554 123.00000000
0.03234242 0.69696044 123.00000000
0.03213461 0.69627298 123.00000000
0.03192631 0.69549319 123.00000000
0.03171754 0.69462133 124.00000000
0.03150834 0.69365785 124.00000000
0.03129873 0.69260340 124.00000000
0.03108877 0.69145878 124.00000000
0.03087846 0.69022500 125.00000000
0.03066786 0.68890321 125.00000000
0.03045698 0.68749472 125.00000000
0.03024587 0.68600097 125.00000000
0.03003454 0.68442354 126.00000000
0.02982302 0.68276414 126.00000000
0.02961136 0.68102456 126.00000000
0.02939956 0.67920671 126.00000000
0.02918767 0.67731260 126.00000000
0.02897570 0.67534427 127.00000000
0.02876369 0.67330388 127.00000000
0.02855166 0.67119362 127.00000000
0.02833963 0.66901574 127.00000000
0.02812764 0.66677252 128.00000000
0.02791570 0.66446627 128.00000000
0.02770384 0.66209934 128.00000000
0.02749209 0.65967409 128.00000000
0.02728046 0.65719288 129.00000000
0.02706900 0.65465809 129.00000000
0.02685771 0.65207209 129.00000000
0.02664663 0.64943725 129.00000000
0.02643577 0.64675590 130.00000000
0.02622518 0.64403040 130.00000000
0.02601486 0.64126304 130.00000000
0.02580484 0.63845614 130.00000000
0.02559516 0.63561194 130.00000000
0.02538584 0.63273269 131.00000000
0.02517689 0.62982060 131.00000000
0.02496836 0.62687782 131.00000000
0.02476027 0.62390651 131.00000000
0.02455264 0.62090876 132.00000000
0.02434550 0.61788664 132.00000000
0.02413889 0.61484218 132.00000000
0.02393283 0.61177736 132.00000000
0.02372735 0.60869414 133.00000000
0.02352248 0.60559443 133.00000000
0.02331825 0.60248011 133.00000000
0.02311469 0.59935301 133.00000000
0.02291183 0.59621494 133.00000000
0.02270971 0.59306765 134.00000000
0.02250835 0.58991287 134.00000000
0.02230780 0.58675230 134.00000000
0.02210807 0.58358757 134.00000000
0.02190921 0.58042031 135.00000000
0.02171124 0.57725209 135.00000000
0.02151420 0.57408446 135.00000000
0.02131813 0.57091892 135.00000000
0.02112305 0.56775695 136.00000000
0.02092900 0.56459999 136.00000000
0.02073601 0.56144942 136.00000000
0.02054412 0.55830661 136.00000000
0.02035335 0.55517288 136.00000000
0.02016374 0.55204952 137.00000000
0.01997532 0.54893777 137.00000000
0.01978813 0.54583885 137.00000000
0.01960218 0.54275390 137.00000000
0.01941752 0.53968405 138.00000000
0.01923417 0.53663038 138.00000000
0.01905216 0.53359392 138.00000000
0.01887151 0.53057565 138.00000000
0.01869226 0.52757650 139.00000000
0.01851443 0.52459736 139.00000000
0.01833804 0.52163905 140.00000000
0.01816312 0.51870237 140.00000000
0.01798969 0.51578803 140.00000000
0.01781776 0.51289671 140.00000000
0.01764737 0.51002902 141.00000000
0.01747852 0.50718551 141.00000000
0.01731123 0.50436669 141.00000000
0.01714552 0.50157299 141.00000000
0.01698141 0.49880480 141.00000000
0.01681890 0.49606245 142.00000000
0.01665800 0.49334621 142.00000000
0.01649873 0.49065628 142.00000000
0.01634110 0.48799282 142.00000000
0.01618510 0.48535594 143.00000000
0.01603075 0.48274568 143.00000000
0.01587804 0.48016204 143.00000000
0.01572699 0.47760498 143.00000000
0.01557759 0.47507439 144.00000000
0.01542984 0.47257013 144.00000000
0.01528375 0.47009202 144.00000000
0.01513930 0.46763984 144.00000000
0.01499649 0.46521331 144.00000000
0.01485532 0.46281216 145.00000000
0.01471579 0.46043605 145.00000000
0.01457788 0.45808464 145.00000000
0.01444160 0.45575753 145.00000000
0.01430692 0.45345434 146.00000000
0.01417384 0.45117463 146.00000000
0.01404234 0.44891798 146.00000000
0.01391243 0.44668394 146.00000000
0.01378408 0.44447203 147.00000000
0.01365729 0.44228179 147.00000000
0.01353204 0.44011273 147.00000000
0.01340831 0.43796439 147.00000000
0.01328609 0.43583627 148.00000000
0.01316538 0.43372788 148.00000000
0.01304614 0.43163875 148.00000000
0.01292838 0.42956839 148.00000000
0.01281207 0.42751632 148.00000000
0.01269719 0.42548209 149.00000000
0.01258373 0.42346522 149.00000000
0.01247168 0.42146526 149.00000000
0.01236101 0.41948177 149.00000000
0.01225172 0.41751432 150.00000000
0.01214378 0.41556248 150.00000000
0.01203718 0.41362584 150.00000000
0.01193190 0.41170401 150.00000000
0.01182792 0.40979660 151.00000000
0.01172524 0.40790324 151.00000000
0.01162382 0.40602356 151.00000000
0.01152366 0.40415723 151.00000000
0.01142474 0.40230391 151.00000000
0.01132703 0.40046328 152.00000000
0.01123054 0.39863504 152.00000000
0.01113523 0.39681889 152.00000000
0.01104110 0.39501456 152.00000000
0.01094812 0.39322179 153.00000000
0.01085628 0.39144032 153.00000000
0.01076557 0.38966990 153.00000000
0.01067597 0.38791033 153.00000000
0.01058747 0.38616136 154.00000000
0.01050004 0.38442282 154.00000000
0.01041368 0.38269449 154.00000000
0.01032836 0.38097620 154.00000000
0.01024408 0.37926778 154.00000000
0.01016082 0.37756907 155.00000000
0.01007857 0.37587990 155.00000000
0.00999731 0.37420015 155.00000000
0.00991702 0.37252968 155.00000000
0.00983770 0.37086836 156.00000000
0.00975933 0.36921608 156.00000000
0.00968189 0.36757272 156.00000000
0.00960538 0.36593818 156.00000000
0.00952978 0.36431237 157.00000000
0.00945508 0.36269520 157.00000000
0.00938126 0.36108659 157.00000000
0.00930831 0.35948645 157.00000000
0.00923623 0.35789472 158.00000000
0.00916499 0.35631133 158.00000000
0.00909459 0.35473622 158.00000000
0.00902501 0.35316933 158.00000000
0.00895624 0.35161061 158.00000000
0.00888828 0.35006001 159.00000000
0.00882110 0.34851748 159.00000000
0.00875470 0.34698298 159.00000000
0.00868907 0.34545648 159.00000000
0.00862420 0.34393793 160.00000000
0.00856008 0.34242730 160.00000000
0.00849669 0.34092456 160.00000000
0.00843402 0.33942967 160.00000000
0.00837208 0.33794263 161.00000000
0.00831083 0.33646338 161.00000000
0.00825029 0.33499192 161.00000000
0.00819042 0.33352822 161.00000000
0.00813124 0.33207226 161.00000000
0.00807272 0.33062402 162.00000000
0.00801486 0.32918348 162.00000000
0.00795765 0.32775061 162.00000000
0.00790108 0.32632541 162.00000000
0.00784514 0.32490786 163.00000000
0.00778982 0.32349793 163.00000000
0.00773512 0.32209561 163.00000000
0.00768102 0.32070089 163.00000000
0.00762752 0.31931375 164.00000000
0.00757461 0.31793418 164.00000000
0.00752227 0.31656215 164.00000000
0.00747052 0.31519766 164.00000000
0.00741932 0.31384068 164.00000000
0.00736868 0.31249120 165.00000000
0.00731860 0.31114921 165.00000000
0.00726905 0.30981469 165.00000000
0.00722004 0.30848762 165.00000000
0.00717156 0.30716799 166.00000000
0.00712360 0.30585577 166.00000000
0.00707615 0.30455096 166.00000000
0.00702921 0.30325353 166.00000000
0.00698277 0.30196346 167.00000000
0.00693682 0.30068074 167.00000000
0.00689136 0.29940534 167.00000000
0.00684638 0.29813725 167.00000000
0.00680187 0.29687644 167.00000000
0.00675783 0.29562290 168.00000000
0.00671425 0.29437661 168.00000000
0.00667112 0.29313753 168.00000000
0.00662845 0.29190566 168.00000000
0.00658622 0.29068096 169.00000000
0.00654442 0.28946341 169.00000000
0.00650306 0.28825299 169.00000000
0.00646212 0.28704968 169.00000000
0.00642160 0.28585345 170.00000000
0.00638150 0.28466427 170.00000000
0.00634180 0.28348213 170.00000000
0.00630251 0.28230698 170.00000000
0.00626362 0.28113881 171.00000000
0.00622512 0.27997759 171.00000000
0.00618701 0.27882329 171.00000000
0.00614928 0.27767588 171.00000000
0.00611193 0.27653533 171.00000000
0.00607495 0.27540162 172.00000000
0.00603835 0.27427471 172.00000000
0.00600210 0.27315458 172.00000000
0.00596622 0.27204120 172.00000000
0.00593069 0.27093452 173.00000000
0.00589551 0.26983453 173.00000000
0.00586067 0.26874120 173.00000000
0.00582618 0.26765448 173.00000000
0.00579202 0.26657435 176.00000000
0.00575820 0.26550077 177.00000000
0.00572470 0.26443372 177.00000000
0.00569153 0.26337316 177.00000000
0.00565868 0.26231905 177.00000000
0.00562614 0.26127137 178.00000000
0.00559392 0.26023008 178.00000000
0.00556200 0.25919515 178.00000000
0.00553039 0.25816653 178.00000000
0.00549908 0.25714420 179.00000000
0.00546807 0.25612813 179.00000000
0.00543734 0.25511827 179.00000000
0.00540691 0.25411460 179.00000000
0.00537677 0.25311707 180.00000000
0.00534690 0.25212566 180.00000000
0.00531732 0.25114033 180.00000000
0.00528801 0.25016104 180.00000000
0.00525897 0.24918775 180.00000000
0.00523020 0.24822044 181.00000000
0.00520170 0.24725906 181.00000000
0.00517346 0.24630358 181.00000000
0.00514547 0.24535397 181.00000000
0.00511775 0.24441019 182.00000000
0.00509027 0.24347219 182.00000000
0.00506305 0.24253996 182.00000000
0.00503607 0.24161344 182.00000000
0.00500933 0.24069261 183.00000000
0.00498284 0.23977743 183.00000000
0.00495659 0.23886786 183.00000000
0.00493056 0.23796387 183.00000000
0.00490478 0.23706542 183.00000000
0.00487922 0.23617248 184.00000000
0.00485389 0.23528500 184.00000000
0.00482878 0.23440296 184.00000000
0.00480389 0.23352632 184.00000000
0.00477922 0.23265504 185.00000000
0.00475477 0.23178908 185.00000000
0.00473053 0.23092842 185.00000000
0.00470651 0.23007301 185.00000000
0.00468269 0.22922283 186.00000000
0.00465908 0.22837782 186.00000000
0.00463567 0.22753797 186.00000000
0.00461246 0.22670324 186.00000000
0.00458945 0.22587358 186.00000000
0.00456664 0.22504897 187.00000000
0.00454403 0.22422937 187.00000000
0.00452160 0.22341474 187.00000000
0.00449937 0.22260506 187.00000000
0.00447733 0.22180029 188.00000000
0.00445547 0.22100038 188.00000000
0.00443379 0.22020532 188.00000000
0.00441230 0.21941506 189.00000000
0.00439098 0.21862958 189.00000000
0.00436985 0.21784883 189.00000000
0.00434889 0.21707278 189.00000000
0.00432810 0.21630141 190.00000000
0.00430748 0.21553468 190.00000000
0.00428704 0.21477255 190.00000000
0.00426676 0.21401499 190.00000000
0.00424665 0.21326197 191.00000000
0.00422670 0.21251346 191.00000000
0.00420692 0.21176943 191.00000000
0.00418729 0.21102983 191.00000000
0.00416782 0.21029465 191.00000000
0.00414852 0.20956385 192.00000000
0.00412936 0.20883740 192.00000000
0.00411036 0.20811526 192.00000000
0.00409151 0.20739741 192.00000000
0.00407281 0.20668381 193.00000000
0.00405427 0.20597443 193.00000000
0.00403586 0.20526925 193.00000000
0.00401761 0.20456823 193.00000000
0.00399949 0.20387134 194.00000000
0.00398152 0.20317855 194.00000000
0.00396369 0.20248984 194.00000000
0.00394600 0.20180516 194.00000000
0.00392845 0.20112450 194.00000000
0.00391103 0.20044783 195.00000000
0.00389375 0.19977511 195.00000000
0.00387660 0.19910631 195.00000000
0.00385959 0.19844141 195.00000000
0.00384270 0.19778038 196.00000000
0.00382595 0.19712319 196.00000000
0.00380932 0.19646981 196.00000000
0.00379282 0.19582021 196.00000000
0.00377644 0.19517437 197.00000000
0.00376019 0.19453226 197.00000000
0.00374406 0.19389385 197.00000000
0.00372805 0.19325912 197.00000000
0.00371216 0.19262803 198.00000000
0.00369639 0.19200056 198.00000000
0.00368074 0.19137669 198.00000000
0.00366521 0.19075639 198.00000000
0.00364979 0.19013962 199.00000000
0.00363448 0.18952637 199.00000000
0.00361929 0.18891661 199.00000000
0.00360421 0.18831032 200.00000000
0.00358924 0.18770746 204.00000000
0.00357438 0.18710801 206.00000000
0.00355963 0.18651196 207.00000000
0.00354498 0.18591927 207.00000000
0.00353044 0.18532991 207.00000000
0.00351601 0.18474387 208.00000000
0.00350168 0.18416112 208.00000000
0.00348746 0.18358164 208.00000000
0.00347333 0.18300540 208.00000000
0.00345931 0.18243237 208.00000000
0.00344539 0.18186255 209.00000000
0.00343156 0.18129589 209.00000000
0.00341784 0.18073238 209.00000000
0.00340421 0.18017200 209.00000000
0.00339068 0.17961471 209.00000000
0.00337724 0.17906051 210.00000000
0.00336390 0.17850937 210.00000000
0.00335065 0.17796126 210.00000000
0.00333749 0.17741616 210.00000000
0.00332443 0.17687406 210.00000000
0.00331145 0.17633492 211.00000000
0.00329857 0.17579873 211.00000000
0.00328577 0.17526547 211.00000000
0.00327307 0.17473511 211.00000000
0.00326045 0.17420764 211.00000000
0.00324791 0.17368303 212.00000000
0.00323547 0.17316126 212.00000000
0.00322310 0.17264231 212.00000000
0.00321082 0.17212617 212.00000000
0.00319863 0.17161280 212.00000000
0.00318651 0.17110220 213.00000000
0.00317448 0.17059434 213.00000000
0.00316253 0.17008920 213.00000000
0.00315066 0.16958676 213.00000000
0.00313887 0.16908700 213.00000000
0.00312716 0.16858991 213.00000000
0.00311552 0.16809546 214.00000000
0.00310397 0.16760364 214.00000000
0.00309249 0.16711442 214.00000000
0.00308108 0.16662779 214.00000000
0.00306975 0.16614373 215.00000000
0.00305849 0.16566222 215.00000000
0.00304731 0.16518324 216.00000000
0.00303620 0.16470678 216.00000000
0.00302517 0.16423281 217.00000000
0.00301420 0.16376132 217.00000000
0.00300331 0.16329230 218.00000000
0.00299249 0.16282571 218.00000000
0.00298173 0.16236156 218.00000000
0.00297105 0.16189981 218.00000000
0.00296043 0.16144046 218.00000000
0.00294989 0.16098348 219.00000000
0.00293940 0.16052886 219.00000000
0.00292899 0.16007658 219.00000000
0.00291864 0.15962663 219.00000000
0.00290836 0.15917899 219.00000000
0.00289814 0.15873364 220.00000000
0.00288799 0.15829057 220.00000000
0.00287790 0.15784976 220.00000000
0.00286788 0.15741119 220.00000000
0.00285791 0.15697485 220.00000000
0.00284801 0.15654073 221.00000000
0.00283817 0.15610881 221.00000000
0.00282840 0.15567907 221.00000000
0.00281868 0.15525150 221.00000000
0.00280902 0.15482608 221.00000000
0.00279942 0.15440280 222.00000000
0.00278988 0.15398164 222.00000000
0.00278040 0.15356259 222.00000000
0.00277098 0.15314564 222.00000000
0.00276162 0.15273076 222.00000000
0.00275231 0.15231795 223.00000000
0.00274306 0.15190719 223.00000000
0.00273386 0.15149847 223.00000000
0.00272472 0.15109178 223.00000000
0.00271563 0.15068709 223.00000000
0.00270660 0.15028440 224.00000000
0.00269763 0.14988369 224.00000000
0.00268870 0.14948494 224.00000000
0.00267984 0.14908816 224.00000000
0.00267102 0.14869331 224.00000000
0.00266225 0.14830040 225.00000000
0.00265354 0.14790940 225.00000000
0.00264488 0.14752030 225.00000000
0.00263627 0.14713309 225.00000000
0.00262771 0.14674776 226.00000000
0.00261920 0.14636429 226.00000000
0.00261074 0.14598268 226.00000000
0.00260233 0.14560290 226.00000000
0.00259397 0.14522495 226.00000000
0.00258566 0.14484882 227.00000000
0.00257739 0.14447448 227.00000000
0.00256918 0.14410194 227.00000000
0.00256101 0.14373118 228.00000000
0.00255289 0.14336219 229.00000000
0.00254481 0.14299495 229.00000000
0.00253678 0.14262945 229.00000000
0.00252880 0.14226568 229.00000000
0.00252086 0.14190364 229.00000000
0.00251297 0.14154330 230.00000000
0.00250512 0.14118466 230.00000000
0.00249732 0.14082771 230.00000000
0.00248956 0.14047244 230.00000000
0.00248184 0.14011882 230.00000000
0.00247417 0.13976687 230.00000000
0.00246654 0.13941655 231.00000000
0.00245895 0.13906787 231.00000000
0.00245141 0.13872080 231.00000000
0.00244391 0.13837535 232.00000000
