0.125014048675717998 0.051511066278103992 0.000000000000000000
0.125011982298217611 0.050550601598000185 0.000000000000000000
0.125008796670162098 0.049282730348455810 0.000000000000000000
0.125005059932739776 0.048196090123030652 0.000000000000000000
0.125001073453882394 0.047630674272625607 0.000000000000000000
0.124996958823054741 0.047794081775481681 0.000000000000000000
0.124992723228877639 0.048784493708752832 0.000000000000000000
0.124988303373559970 0.050618704010059655 1.000000000000000000
0.124983592423475773 0.053263319483355422 1.000000000000000000
0.124978454913157913 0.056663526255954923 1.000000000000000000
0.124972733587292315 0.060764277866714018 1.000000000000000000
0.124966251008364948 0.065522479830031330 1.000000000000000000
0.124958807774108088 0.070911935911318863 1.000000000000000000
0.124950178462185993 0.076923858463704559 1.000000000000000000
0.124940105919522773 0.083565284849273738 1.000000000000000000
0.124928294182536953 0.090856859273697368 2.000000000000000000
0.124914400098632611 0.098830710004642067 2.000000000000000000
0.124898023577500919 0.107528701687195971 2.000000000000000000
0.124878696304529718 0.117001111249258230 2.000000000000000000
0.124855868679206769 0.127305675914725858 2.000000000000000000
0.124828894687346564 0.138506928659548806 2.000000000000000000
0.124797014370854387 0.150675732436501147 2.000000000000000000
0.124759333519801882 0.163888930357164286 3.000000000000000000
0.124714800178949259 0.178229035764222304 3.000000000000000000
0.124662177537209595 0.193783889947633098 3.000000000000000000
0.124600012759310819 0.210646214720591085 3.000000000000000000
0.124526601332653586 0.228912981710333502 3.000000000000000000
0.124439946551619940 0.248684509897887762 3.000000000000000000
0.124337713863960031 0.270063187605319277 3.000000000000000000
0.124217179983389964 0.293151694771938698 3.000000000000000000
0.124075176961160161 0.318050576121822914 4.000000000000000000
0.123908031848643144 0.344854986206518166 4.000000000000000000
0.123711503225224825 0.373650394528895369 4.000000000000000000
0.123480716774213892 0.404507005491615002 4.000000000000000000
0.123210103336324275 0.437472618278738290 4.000000000000000000
0.122893344530795881 0.472563633615167844 4.000000000000000000
0.122523333173964369 0.509753919878517370 4.000000000000000000
0.122092158376602450 0.548961298828990252 4.000000000000000000
0.121591128325260894 0.590031528045580456 5.000000000000000000
0.121010847178110517 0.632719879342185099 5.000000000000000000
0.120341365845806347 0.676670785483589832 5.000000000000000000
0.119572428974558512 0.721396601702676388 5.000000000000000000
0.118693841061341371 0.766257346954051566 5.000000000000000000
0.117695971663199589 0.810444364356190050 5.000000000000000000
0.116570411007327387 0.852972110721376242 5.000000000000000000
0.115310770697933829 0.892683561835394102 6.000000000000000000
0.113913597934439337 0.928275621251264060 6.000000000000000000
0.112379335792989948 0.958350836338351719 6.000000000000000000
0.110713220282108421 0.981499873985743343 6.000000000000000000
0.108925965807539923 0.996414859642538953 6.000000000000000000
0.107034068629591236 1.002026603059346099 6.000000000000000000
0.105059570122866403 0.997649767693763678 6.000000000000000000
0.103029181852060989 0.983111535894415689 6.000000000000000000
0.100972783281960202 0.958834894996033804 7.000000000000000000
0.098921440023793036 0.925850927568424131 7.000000000000000000
0.096905215393072550 0.885726936530669362 7.000000000000000000
0.094951113901512951 0.840416497016850172 7.000000000000000000
0.093081471747135616 0.792057409281644587 7.000000000000000000
0.091313000826794999 0.742756553528709618 7.000000000000000000
0.089656538783793857 0.694401839092343653 7.000000000000000000
0.088117412886387733 0.648530905290888748 8.000000000000000000
0.086696233069804410 0.606268843113448641 8.000000000000000000
0.085389903568825476 0.568329778618201775 8.000000000000000000
0.084192670283504259 0.535065133632137035 8.000000000000000000
0.083097076252615781 0.506536935010904132 8.000000000000000000
0.082094756069282168 0.482596679290605401 8.000000000000000000
0.081177047185623977 0.462956192535189326 8.000000000000000000
0.080335427135192525 0.447243710891830681 8.000000000000000000
0.079561802241367927 0.435043993745319879 9.000000000000000000
0.078848679229443247 0.425924790819585508 9.000000000000000000
0.078189250286335985 0.419453459125974315 9.000000000000000000
0.077577417738911983 0.415207496945906196 9.000000000000000000
0.077007778956403927 0.412781889567259974 9.000000000000000000
0.076475586752960831 0.411795015379204599 9.000000000000000000
0.075976696151389689 0.411893830536477656 10.000000000000000000
0.075507505007073386 0.412758336268713499 10.000000000000000000
0.075064893530979518 0.414104982995641968 10.000000000000000000
0.074646165963220823 0.415688626446559351 10.000000000000000000
0.074248996343376145 0.417302817448192975 10.000000000000000000
0.073871379377067475 0.418778460868281133 10.000000000000000000
0.073511586733121442 0.419981118783601892 10.000000000000000000
0.073168128665133114 0.420807390994806185 10.000000000000000000
0.072839720584895323 0.421180855741977611 11.000000000000000000
0.072525254077342255 0.421048003973680474 11.000000000000000000
0.072223771799065889 0.420374484535818271 11.000000000000000000
0.071934445715029743 0.419141836517517186 11.000000000000000000
0.071656558177779162 0.417344755450037574 11.000000000000000000
0.071389485422466842 0.414988845966998088 11.000000000000000000
0.071132683125857799 0.412088763472368058 11.000000000000000000
0.070885673748547609 0.408666636972883135 12.000000000000000000
0.070648035440987161 0.404750682305748233 12.000000000000000000
0.070419392342827070 0.400373945032633072 12.000000000000000000
0.070199406141255138 0.395573142877089112 12.000000000000000000
0.069987768778665929 0.390387600849334437 12.000000000000000000
0.069784196215280536 0.384858285124202282 12.000000000000000000
0.069588423160641844 0.379026945177058427 12.000000000000000000
0.069400198691562873 0.372935370675756273 13.000000000000000000
0.069219282675130736 0.366624763729775816 13.000000000000000000
0.069045442915347505 0.360135221211916712 13.000000000000000000
0.068878452942055537 0.353505317699046751 13.000000000000000000
0.068718090361662640 0.346771777642557399 13.000000000000000000
0.068564135691209491 0.339969225342579950 13.000000000000000000
0.068416371600599823 0.333130002425484739 13.000000000000000000
0.068274582492247174 0.326284044053022193 13.000000000000000000
0.068138554352772815 0.319458806475195922 14.000000000000000000
0.068008074817454384 0.312679239514231766 14.000000000000000000
0.067882933394598374 0.305967798115171274 14.000000000000000000
0.067762921803639103 0.299344487348909061 14.000000000000000000
0.067647834387330991 0.292826935382009046 14.000000000000000000
0.067537468564725311 0.286430489083288331 14.000000000000000000
0.067431625297567452 0.280168327205940426 14.000000000000000000
0.067330109548229711 0.274051586486306009 15.000000000000000000
0.067232730712241229 0.268089496508759462 15.000000000000000000
0.067139303012863569 0.262289519749939304 15.000000000000000000
0.067049645848975728 0.256657493782605384 15.000000000000000000
0.066963584090792033 0.251197773149910653 15.000000000000000000
0.066880948320656650 0.245913368892468231 15.000000000000000000
0.066801575018381687 0.240806084116593877 15.000000000000000000
0.066725306692355435 0.235876644337017966 16.000000000000000000
0.066651991958998180 0.231124821620738330 16.000000000000000000
0.066581485574126839 0.226549551810898697 16.000000000000000000
0.066513648420459801 0.222149044328972617 16.000000000000000000
0.066448347455897838 0.217920884245489915 16.000000000000000000
0.066385455627402098 0.213862126476872777 16.000000000000000000
0.066324851755296052 0.209969382109875841 16.000000000000000000
0.066266420392691594 0.206238896976077529 16.000000000000000000
0.066210051664504263 0.202666622697600468 17.000000000000000000
0.066155641090219736 0.199248280502841296 17.000000000000000000
0.066103089394221076 0.195979418169290820 17.000000000000000000
0.066052302307107222 0.192855460491688252 17.000000000000000000
0.066003190361048708 0.189871753700242590 17.000000000000000000
0.065955668681841578 0.187023604267857774 17.000000000000000000
0.065909656779953626 0.184306312549471413 17.000000000000000000
0.065865078342509431 0.181715201692704720 18.000000000000000000
0.065821861027838560 0.179245642248740261 18.000000000000000000
0.065779936263920619 0.176893072897078729 18.000000000000000000
0.065739239051795698 0.174653017678822464 18.000000000000000000
0.065699707774777669 0.172521100111372921 18.000000000000000000
0.065661284014102289 0.170493054533829319 18.000000000000000000
0.065623912371466489 0.168564735007663086 18.000000000000000000
0.065587540298762959 0.166732122072082906 18.000000000000000000
0.065552117935186588 0.164991327628418366 19.000000000000000000
0.065517597951782733 0.163338598203294355 19.000000000000000000
0.065483935403417542 0.161770316816653992 19.000000000000000000
0.065451087588080700 0.160283003658107243 19.000000000000000000
0.065419013913372015 0.158873315753764899 19.000000000000000000
0.065387675769978684 0.157538045785820924 19.000000000000000000
0.065357036411915495 0.156274120208691247 19.000000000000000000
0.065327060843276427 0.155078596788538720 20.000000000000000000
0.065297715711225071 0.153948661677483861 20.000000000000000000
0.065268969204943725 0.152881626119681896 20.000000000000000000
0.065240790960251802 0.151874922873692919 20.000000000000000000
0.065213151969604283 0.150926102424074310 20.000000000000000000
0.065186024497180778 0.150032829044849908 20.000000000000000000
0.065159381998781796 0.149192876768357019 20.000000000000000000
0.065133199046253504 0.148404125304819889 20.000000000000000000
0.065107451256171192 0.147664555950833470 21.000000000000000000
0.065082115222521192 0.146972247518611182 21.000000000000000000
0.065057168453129824 0.146325372312301250 21.000000000000000000
0.065032589309599889 0.145722192172847209 21.000000000000000000
0.065008356950525786 0.145161054608652723 21.000000000000000000
0.064984451277769403 0.144640389025659899 21.000000000000000000
0.064960852885589865 0.144158703067314237 21.000000000000000000
0.064937543012432652 0.143714579072169668 22.000000000000000000
0.064914503495192552 0.143306670654587409 22.000000000000000000
0.064891716725777246 0.142933699412002291 22.000000000000000000
0.064869165609808696 0.142594451760566593 22.000000000000000000
0.064846833527307246 0.142287775899574309 22.000000000000000000
0.064824704295217236 0.142012578903892128 22.000000000000000000
0.064802762131638270 0.141767823942647281 22.000000000000000000
0.064780991621637765 0.141552527621617547 22.000000000000000000
0.064759377684528427 0.141365757446112600 23.000000000000000000
0.064737905542502583 0.141206629400608380 23.000000000000000000
0.064716560690524005 0.141074305640976672 23.000000000000000000
0.064695328867385216 0.140967992294825067 23.000000000000000000
0.064674196027845784 0.140886937365223480 23.000000000000000000
0.064653148315775455 0.140830428732905050 23.000000000000000000
0.064632172038232197 0.140797792251913884 24.000000000000000000
0.064611253640413341 0.140788389933594743 24.000000000000000000
0.064590379681423685 0.140801618213784840 24.000000000000000000
0.064569536810813885 0.140836906298062559 24.000000000000000000
0.064548711745845949 0.140893714579936741 24.000000000000000000
0.064527891249453115 0.140971533126899334 24.000000000000000000
0.064507062108866059 0.141069880229329814 24.000000000000000000
0.064486211114885617 0.141188301007321937 24.000000000000000000
0.064465325041789201 0.141326366070580661 25.000000000000000000
0.064444390627865153 0.141483670226647512 25.000000000000000000
0.064423394556577515 0.141659831232806566 25.000000000000000000
0.064402323438371184 0.141854488587142336 25.000000000000000000
0.064381163793135437 0.142067302354334568 25.000000000000000000
0.064359902033351415 0.142297952021894047 25.000000000000000000
0.064338524447959830 0.142546135382675437 25.000000000000000000
0.064317017186990913 0.142811567439634191 26.000000000000000000
0.064295366247010127 0.143093979328929255 26.000000000000000000
0.064273557457441260 0.143393117257627656 26.000000000000000000
0.064251576467838162 0.143708741452420491 26.000000000000000000
0.064229408736184837 0.144040625115923915 26.000000000000000000
0.064207039518316397 0.144388553387328450 26.000000000000000000
0.064184453858557713 0.144752322304350478 26.000000000000000000
0.064161636581690926 0.145131737763666391 26.000000000000000000
0.064138572286368836 0.145526614477239913 27.000000000000000000
0.064115245340100699 0.145936774922229867 27.000000000000000000
0.064091639875944476 0.146362048282455914 27.000000000000000000
0.064067739791047504 0.146802269379735673 27.000000000000000000
0.064043528747180875 0.147257277593764335 27.000000000000000000
0.064018990173419957 0.147726915769631151 27.000000000000000000
0.063994107271123923 0.148211029112505943 27.000000000000000000
0.063968863021367880 0.148709464069533226 28.000000000000000000
0.063943240194980794 0.149222067199524272 28.000000000000000000
0.063917221365334453 0.149748684031630025 28.000000000000000000
0.063890788924024444 0.150289157914830024 28.000000000000000000
0.063863925099569271 0.150843328860774673 28.000000000000000000
0.063836611979241273 0.151411032383260202 28.000000000000000000
0.063808831534121591 0.151992098338409126 28.000000000000000000
0.063780565647449008 0.152586349770451296 28.000000000000000000
0.063751796146303261 0.153193601768853327 29.000000000000000000
0.063722504836631902 0.153813660343411679 29.000000000000000000
0.063692673541591069 0.154446321324792440 29.000000000000000000
0.063662284143129980 0.155091369298853143 29.000000000000000000
0.063631318626701877 0.155748576583897430 29.000000000000000000
0.063599759128937297 0.156417702260773395 29.000000000000000000
0.063567587988059629 0.157098491266399437 29.000000000000000000
0.063534787796772130 0.157790673561869210 30.000000000000000000
0.063501341457288085 0.158493963386716702 30.000000000000000000
0.063467232238121757 0.159208058611186754 30.000000000000000000
0.063432443832202492 0.159932640198426956 30.000000000000000000
0.063396960415825390 0.160667371788367930 30.000000000000000000
0.063360766707905275 0.161411899414674542 30.000000000000000000
0.063323848028958685 0.162165851365488639 30.000000000000000000
0.063286190359210681 0.162928838197763687 31.000000000000000000
0.063247780395195255 0.163700452913768613 31.000000000000000000
0.063208605604210960 0.164480271306841980 31.000000000000000000
0.063168654275989417 0.165267852481699007 31.000000000000000000
0.063127915570950710 0.166062739552550132 31.000000000000000000
0.063086379564443448 0.166864460520016078 31.000000000000000000
0.063044037286409740 0.167672529325350567 31.000000000000000000
0.063000880755968075 0.168486447077850099 31.000000000000000000
0.062956903010474852 0.169305703448592360 32.000000000000000000
0.062912098128703811 0.170129778220881156 32.000000000000000000
0.062866461247871291 0.170958142985001116 32.000000000000000000
0.062819988574334171 0.171790262962237872 32.000000000000000000
0.062772677387888415 0.172625598940594788 32.000000000000000000
0.062724526039705047 0.173463609302354244 32.000000000000000000
0.062675533944046194 0.174303752121638733 32.000000000000000000
0.062625701564009928 0.175145487308456360 33.000000000000000000
0.062575030391651174 0.175988278774463047 33.000000000000000000
0.062523522922919489 0.176831596594831941 33.000000000000000000
0.062471182627933705 0.177674919140245635 33.000000000000000000
0.062418013917185343 0.178517735153124774 33.000000000000000000
0.062364022104314125 0.179359545742774157 33.000000000000000000
0.062309213366140891 0.180199866275167736 33.000000000000000000
0.062253594700663134 0.181038228134570656 33.000000000000000000
0.062197173883727273 0.181874180336084684 39.000000000000000000
0.062139959425078377 0.182707290970461483 44.000000000000000000
0.062081960524465032 0.183537148465099109 49.000000000000000000
0.062023187028434214 0.184363362647963352 49.000000000000000000
0.061963649388399530 0.185185565604206293 49.000000000000000000
0.061903358620500434 0.186003412318408279 50.000000000000000000
0.061842326267697784 0.186816581098599471 50.000000000000000000
0.061780564364470832 0.187624773781438214 50.000000000000000000
0.061718085404396349 0.188427715721096345 50.000000000000000000
0.061654902310804068 0.189225155567452008 50.000000000000000000
0.061591028410616901 0.190016864842072114 50.000000000000000000
0.061526477411400445 0.190802637323133711 52.000000000000000000
0.061461263381565795 0.191582288252845206 52.000000000000000000
0.061395400733596325 0.192355653383044722 52.000000000000000000
0.061328904210103320 0.193122587876468382 52.000000000000000000
0.061261788872455487 0.193882965082646325 52.000000000000000000
0.061194070091680305 0.194636675208522375 52.000000000000000000
0.061125763541296015 0.195383623904666043 53.000000000000000000
0.061056885191704199 0.196123730788390349 53.000000000000000000
0.060987451305755815 0.196856927925175867 53.000000000000000000
0.060917478435096227 0.197583158289575844 53.000000000000000000
0.060846983416895650 0.198302374226242722 53.000000000000000000
0.060775983370584985 0.199014535930887637 53.000000000000000000
0.060704495694235951 0.199719609969903622 53.000000000000000000
0.060632538060252789 0.200417567856072260 53.000000000000000000
0.060560128410076762 0.201108384696247589 54.000000000000000000
0.060487284947645173 0.201792037925234480 54.000000000000000000
0.060414026131389291 0.202468506138248239 54.000000000000000000
0.060340370664604265 0.203137768032423921 54.000000000000000000
0.060266337484069885 0.203799801465851443 54.000000000000000000
0.060191945746853492 0.204454582640581556 54.000000000000000000
0.060117214815270138 0.205102085414030771 54.000000000000000000
0.060042164240024939 0.205742280741211703 55.000000000000000000
0.059966813741603585 0.206375136248288210 55.000000000000000000
0.059891183190016510 0.207000615936105858 55.000000000000000000
0.059815292583037825 0.207618680010630385 55.000000000000000000
0.059739162023108694 0.208229284835631523 55.000000000000000000
0.059662811693098949 0.208832383001523153 55.000000000000000000
0.059586261831140110 0.209427923503019198 55.000000000000000000
0.059509532704752906 0.210015852017192667 55.000000000000000000
0.059432644584501190 0.210596111272654679 56.000000000000000000
0.059355617717403823 0.211168641499899917 56.000000000000000000
0.059278472300331064 0.211733380952390499 56.000000000000000000
0.059201228453604739 0.212290266487675877 56.000000000000000000
0.059123906195007681 0.212839234197759047 56.000000000000000000
0.059046525414389178 0.213380220078012495 56.000000000000000000
0.058969105849038139 0.213913160724203522 56.000000000000000000
0.058891667059969566 0.214437994047593977 57.000000000000000000
0.058814228409251025 0.214954659998613462 57.000000000000000000
0.058736809038469895 0.215463101290250869 57.000000000000000000
0.058659427848419633 0.215963264113044950 57.000000000000000000
0.058582103480061466 0.216455098834350268 57.000000000000000000
0.058504854296794320 0.216938560675409148 57.000000000000000000
0.058427698368046621 0.217413610360632475 57.000000000000000000
0.058350653454185691 0.217880214734373967 57.000000000000000000
0.058273736992723098 0.218338347341355349 58.000000000000000000
0.058196966085780621 0.218787988967743596 58.000000000000000000
0.058120357488770202 0.219229128140688845 58.000000000000000000
0.058043927600230916 0.219661761584888066 58.000000000000000000
0.057967692452759755 0.220085894635434515 58.000000000000000000
0.057891667704967523 0.220501541606839574 58.000000000000000000
0.057815868634388062 0.220908726118681897 58.000000000000000000
0.057740310131268312 0.221307481378812981 59.000000000000000000
0.057665006693167077 0.221697850425475101 59.000000000000000000
0.057589972420291166 0.222079886330017462 59.000000000000000000
0.057515221011503040 0.222453652362183174 59.000000000000000000
0.057440765760934910 0.222819222120136412 59.000000000000000000
0.057366619555151724 0.223176679627556440 59.000000000000000000
0.057292794870808808 0.223526119400222628 59.000000000000000000
0.057219303772756760 0.223867646484552152 59.000000000000000000
0.057146157912550580 0.224201376470569702 60.000000000000000000
0.057073368527327535 0.224527435481753412 60.000000000000000000
0.057000946439021802 0.224845960144143375 60.000000000000000000
0.056928902053891492 0.225157097537015488 60.000000000000000000
0.056857245362336814 0.225461005127327113 60.000000000000000000
0.056785985938994664 0.225757850690024964 60.000000000000000000
0.056715132943097366 0.226047812216180338 60.000000000000000000
0.056644695119089254 0.226331077810799114 61.000000000000000000
0.056574680797496189 0.226607845582012024 61.000000000000000000
0.056505097896047109 0.226878323523238501 61.000000000000000000
0.056435953921048554 0.227142729389781445 61.000000000000000000
0.056367255969015151 0.227401290571199760 61.000000000000000000
0.056299010728560701 0.227654243960693808 61.000000000000000000
0.056231224482553931 0.227901835822634208 61.000000000000000000
0.056163903110545477 0.228144321659275756 61.000000000000000000
0.056097052091471131 0.228381966077607135 62.000000000000000000
0.056030676506636248 0.228615042657222822 62.000000000000000000
0.055964781042986439 0.228843833820030484 62.000000000000000000
0.055899369996666962 0.229068630702558312 62.000000000000000000
0.055834447276873846 0.229289733031579207 62.000000000000000000
0.055770016409996466 0.229507449003735681 62.000000000000000000
0.055706080544051483 0.229722095169820867 62.000000000000000000
0.055642642453404174 0.229933996324351658 63.000000000000000000
0.055579704543772944 0.230143485401067160 63.000000000000000000
0.055517268857510578 0.230350903374972493 63.000000000000000000
0.055455337079152664 0.230556599171561127 63.000000000000000000
0.055393910541223147 0.230760929583860019 63.000000000000000000
0.055332990230284082 0.230964259197952576 63.000000000000000000
0.055272576793215816 0.231166960327669035 63.000000000000000000
0.055212670543710159 0.231369412959150589 65.000000000000000000
0.055153271468960409 0.231572004706037810 72.000000000000000000
0.055094379236527734 0.231775130776066152 72.000000000000000000
0.055035993201364278 0.231979193949897772 72.000000000000000000
0.054978112412970973 0.232184604573060810 72.000000000000000000
0.054920735622667409 0.232391780561921057 72.000000000000000000
0.054863861290950951 0.232601147424665811 73.000000000000000000
0.054807487594920400 0.232813138298329114 73.000000000000000000
0.054751612435740379 0.233028194002956518 73.000000000000000000
0.054696233446121761 0.233246763114063393 73.000000000000000000
0.054641347997792612 0.233469302054609029 73.000000000000000000
0.054586953208936299 0.233696275207777110 73.000000000000000000
0.054533045951570776 0.233928155051922076 73.000000000000000000
0.054479622858845569 0.234165422319119770 74.000000000000000000
0.054426680332232434 0.234408566178834959 74.000000000000000000
0.054374214548586125 0.234658084448300497 74.000000000000000000
0.054322221467052456 0.234914483831287602 74.000000000000000000
0.054270696835801276 0.235178280187041011 74.000000000000000000
0.054219636198563140 0.235449998831239959 74.000000000000000000
0.054169034900947717 0.235730174870953046 74.000000000000000000
0.054118888096524695 0.236019353575657398 74.000000000000000000
0.054069190752646670 0.236318090786507562 75.000000000000000000
0.054019937655994950 0.236626953366159659 75.000000000000000000
0.053971123417830148 0.236946519691587476 78.000000000000000000
0.053922742478928726 0.237277380192466525 79.000000000000000000
0.053874789114188283 0.237620137937849363 80.000000000000000000
0.053827257436884129 0.237975409274024774 81.000000000000000000
0.053780141402559323 0.238343824516623171 81.000000000000000000
0.053733434812531997 0.238726028700220888 81.000000000000000000
0.053687131317001827 0.239122682388910296 81.000000000000000000
0.053641224417738817 0.239534462551523109 82.000000000000000000
0.053595707470336457 0.239962063505435030 82.000000000000000000
0.053550573686010669 0.240406197933159177 82.000000000000000000
0.053505816132926598 0.240867597976213932 82.000000000000000000
0.053461427737031490 0.241347016411079696 82.000000000000000000
0.053417401282374745 0.241845227912397709 82.000000000000000000
0.053373729410891357 0.242363030408946828 82.000000000000000000
0.053330404621625582 0.242901246538345356 82.000000000000000000
0.053287419269368495 0.243460725206878059 83.000000000000000000
0.053244765562682567 0.244042343261336975 83.000000000000000000
0.053202435561282360 0.244647007280305695 83.000000000000000000
0.053160421172738490 0.245275655492902173 83.000000000000000000
0.053118714148469623 0.245929259833635172 83.000000000000000000
0.053077306078982450 0.246608828142727055 83.000000000000000000
0.053036188388317300 0.247315406522023745 83.000000000000000000
0.052995352327651193 0.248050081857442539 83.000000000000000000
0.052954788968007482 0.248813984519817816 84.000000000000000000
0.052914489192014080 0.249608291257000237 84.000000000000000000
0.052874443684647179 0.250434228291146976 84.000000000000000000
0.052834642922892014 0.251293074636330049 84.000000000000000000
0.052795077164243150 0.252186165652874106 84.000000000000000000
0.052755736433960372 0.253114896856251825 85.000000000000000000
0.052716610510987354 0.254080727999912159 86.000000000000000000
0.052677688912429764 0.255085187453084228 86.000000000000000000
0.052638960876480241 0.256129876896457831 86.000000000000000000
0.052600415343663699 0.257216476360629942 86.000000000000000000
0.052562040936266131 0.258346749634415118 91.000000000000000000
0.052523825935792065 0.259522550072499525 94.000000000000000000
0.052485758258282757 0.260745826834540118 94.000000000000000000
0.052447825427306707 0.262018631590659246 94.000000000000000000
0.052410014544415434 0.263343125731401617 94.000000000000000000
0.052372312256833933 0.264721588123621177 94.000000000000000000
0.052334704722131295 0.266156423457467983 95.000000000000000000
0.052297177569588037 0.267650171233692391 95.000000000000000000
0.052259715857945546 0.269205515444883858 95.000000000000000000
0.052222304029188683 0.270825295009058831 95.000000000000000000
0.052184925857972984 0.272512515019225410 95.000000000000000000
0.052147564396263474 0.274270358878224263 95.000000000000000000
0.052110201912703630 0.276102201394281044 95.000000000000000000
0.052072819826177209 0.278011622919379087 96.000000000000000000
0.052035398632963456 0.280002424619741563 96.000000000000000000
0.051997917826815496 0.282078644975478021 96.000000000000000000
0.051960355811214151 0.284244577614781946 96.000000000000000000
0.051922689802958319 0.286504790596989134 96.000000000000000000
0.051884895726154873 0.288864147268318827 96.000000000000000000
0.051846948095555040 0.291327828824182067 96.000000000000000000
0.051808819888057772 0.293901358722550854 97.000000000000000000
0.051770482401055147 0.296590629103908932 97.000000000000000000
0.051731905096129426 0.299401929384674914 97.000000000000000000
0.051693055426426930 0.302341977202515988 97.000000000000000000
0.051653898645822108 0.305417951903394214 97.000000000000000000
0.051614397597747212 0.308637530771177893 97.000000000000000000
0.051574512481291364 0.312008928210740444 97.000000000000000000
0.051534200591867085 0.315540938104002577 98.000000000000000000
0.051493416033394107 0.319242979564526463 98.000000000000000000
0.051452109398556406 0.323125146318902379 98.000000000000000000
0.051410227413243165 0.327198259940802594 98.000000000000000000
0.051367712540778855 0.331473927154266157 104.000000000000000000
0.051324502540980019 0.335964601403997531 106.000000000000000000
0.051280529978432243 0.340683648858880972 106.000000000000000000
0.051235721673660417 0.345645418966282536 106.000000000000000000
0.051189998090055769 0.350865319603435977 107.000000000000000000
0.051143272648519394 0.356359896771149987 107.000000000000000000
0.051095450960781282 0.362146918634950632 107.000000000000000000
0.051046429971246761 0.368245463527680394 107.000000000000000000
0.050996096996018869 0.374676011270194009 107.000000000000000000
0.050944328646441800 0.381460536823476415 107.000000000000000000
0.050890989623134618 0.388622604831120155 107.000000000000000000
0.050835931365055854 0.396187463013542296 107.000000000000000000
0.050778990536715862 0.404182131593737393 107.000000000000000000
0.050719987335307963 0.412635484916977491 108.000000000000000000
0.050658723598381993 0.421578320108299764 108.000000000000000000
0.050594980691906745 0.431043405909897814 108.000000000000000000
0.050528517158414138 0.441065502653605834 108.000000000000000000
0.050459066105740843 0.451681341525801583 108.000000000000000000
0.050386332319187897 0.462929547720477286 108.000000000000000000
0.050309989084398446 0.474850487568610535 108.000000000000000000
0.050229674715862829 0.487486014066544071 108.000000000000000000
0.050144988797995199 0.500879078166157843 108.000000000000000000
0.050055488163919803 0.515073164486904433 109.000000000000000000
0.049960682663748895 0.530111499532180397 109.000000000000000000
0.049860030812193548 0.546035967875906580 109.000000000000000000
0.049752935458589546 0.562885657123404770 109.000000000000000000
0.049638739695461481 0.580694936043408383 109.000000000000000000
0.049516723320027219 0.599490952955081591 109.000000000000000000
0.049386100292526727 0.619290424970185160 109.000000000000000000
0.049246017801741919 0.640095576182440951 109.000000000000000000
0.049095557755748288 0.661889079632812405 113.000000000000000000
0.048933741764858117 0.684627872161925888 119.000000000000000000
0.048759540965550588 0.708235755453111238 120.000000000000000000
0.048571892325791413 0.732594788004775066 121.000000000000000000
0.048369723326507963 0.757535633978301703 124.000000000000000000
0.048151987048954271 0.782827292066591074 129.000000000000000000
0.047917709584613846 0.808167005657022375 129.000000000000000000
0.047666051141794244 0.833171667437033303 129.000000000000000000
0.047396381026404338 0.857372658665442433 129.000000000000000000
0.047108364596234714 0.880216727150369693 129.000000000000000000
0.046802057190046854 0.901076036551752058 129.000000000000000000
0.046477996019983529 0.919270623513047003 129.000000000000000000
0.046137276636811032 0.934105786940562122 130.000000000000000000
0.045781596993417946 0.944925008975242564 130.000000000000000000
0.045413251098798263 0.951175678255802737 130.000000000000000000
0.045035057720384193 0.952480464695498297 130.000000000000000000
0.044650218805314182 0.948702746442903422 130.000000000000000000
0.044262116630041759 0.939991785267743962 130.000000000000000000
0.043874074872695304 0.926794288932340726 130.000000000000000000
0.043489121356487859 0.909824575005360847 131.000000000000000000
0.043109793564960912 0.889994844832553866 131.000000000000000000
0.042738019476884243 0.868317156261785184 131.000000000000000000
0.042375087959814650 0.845795781155290971 131.000000000000000000
0.042021701330062319 0.823330081148925252 131.000000000000000000
0.041678085408118792 0.801643667238174373 131.000000000000000000
0.041344124731639099 0.781247649341321293 131.000000000000000000
0.041019493300475079 0.762437411889213545 132.000000000000000000
0.040703761048164137 0.745316089126031422 132.000000000000000000
0.040396468122787285 0.729834814481532534 132.000000000000000000
0.040097168736333455 0.715839640894879836 132.000000000000000000
0.039805451745325987 0.703116854417981330 137.000000000000000000
0.039520946426625361 0.691431181601312672 139.000000000000000000
0.039243320562847822 0.680554240943958888 139.000000000000000000
0.038972275594797129 0.670282921506503926 139.000000000000000000
0.038707541393804383 0.660448919085077968 139.000000000000000000
0.038448871672408513 0.650921426707720574 139.000000000000000000
0.038196040223378157 0.641605135397808057 140.000000000000000000
0.037948837857568689 0.632435480385969417 140.000000000000000000
0.037707069864854420 0.623372666429827915 140.000000000000000000
0.037470553874420311 0.614395562339939860 140.000000000000000000
0.037239118048117484 0.605496149917697957 140.000000000000000000
0.037012599572618515 0.596674884609291412 140.000000000000000000
0.036790843424522206 0.587937085331571740 140.000000000000000000
0.036573701379080087 0.579290313722966022 141.000000000000000000
0.036361031227895031 0.570742614104631341 141.000000000000000000
0.036152696168763786 0.562301446899308610 141.000000000000000000
0.035948564332613273 0.553973143120333189 141.000000000000000000
0.035748508416933479 0.545762722068612094 141.000000000000000000
0.035552405400560774 0.537673938873729607 141.000000000000000000
0.035360136319899191 0.529709456809187351 141.000000000000000000
0.035171586091109541 0.521871067615990225 141.000000000000000000
0.034986643366336820 0.514159908976640434 142.000000000000000000
0.034805200414813720 0.506576650188437894 142.000000000000000000
0.034627153021850016 0.499121634028477146 142.000000000000000000
0.034452400400442888 0.491794974495703641 142.000000000000000000
0.034280845111623576 0.484596616946430692 142.000000000000000000
0.034112392990750098 0.477526370030236735 142.000000000000000000
0.033946953077805250 0.470583918974788518 142.000000000000000000
0.033784437550399379 0.463768828336705963 143.000000000000000000
0.033624761658639146 0.457080540279121317 143.000000000000000000
0.033467843661340646 0.450518372382651022 143.000000000000000000
0.033313604763267550 0.444081517270193293 143.000000000000000000
0.033161969053190112 0.437769045031904169 143.000000000000000000
0.033012863442615802 0.431579908554577618 144.000000000000000000
0.032866217605054725 0.425512951319682531 145.000000000000000000
0.032721963915673835 0.419566916959397629 145.000000000000000000
0.032580037391173669 0.413740459781614556 145.000000000000000000
0.032440375629701493 0.408032155533610774 145.000000000000000000
0.032302918750600769 0.402440511817096669 145.000000000000000000
0.032167609333793451 0.396963977747908592 145.000000000000000000
0.032034392358597862 0.391600952633506083 145.000000000000000000
0.031903215141803387 0.386349793593776969 146.000000000000000000
0.031774027274849570 0.381208822161782479 146.000000000000000000
0.031646780559991441 0.376176329968612999 146.000000000000000000
0.031521428945372340 0.371250583646817012 146.000000000000000000
0.031397928458966495 0.366429829090058501 146.000000000000000000
0.031276237141396664 0.361712295193632349 146.000000000000000000
0.031156314977673065 0.357096197179947894 146.000000000000000000
0.031038123827938927 0.352579739591304009 147.000000000000000000
0.030921627357342357 0.348161119012400655 147.000000000000000000
0.030806790965185633 0.343838526568620018 147.000000000000000000
0.030693581713527915 0.339610150233377484 147.000000000000000000
0.030581968255438227 0.335474176968459603 147.000000000000000000
0.030471920763110567 0.331428794714779373 147.000000000000000000
0.030363410856063269 0.327472194246809234 147.000000000000000000
0.030256411529649752 0.323602570901530440 148.000000000000000000
0.030150897084109202 0.319818126191585228 148.000000000000000000
0.030046843054382391 0.316117069311841303 148.000000000000000000
0.029944226140911155 0.312497618548486844 148.000000000000000000
0.029843024141630686 0.308958002599656445 148.000000000000000000
0.029743215885351566 0.305496461816296694 148.000000000000000000
0.029644781166714103 0.302111249371516122 148.000000000000000000
0.029547700682881949 0.298800632365901320 148.000000000000000000
0.029451955972125007 0.295562892875434802 149.000000000000000000
0.029357529354423567 0.292396328947668538 149.000000000000000000
0.029264403874208089 0.289299255550858558 149.000000000000000000
0.029172563245330057 0.286270005479860923 149.000000000000000000
0.029081991798342196 0.283306930221722264 149.000000000000000000
0.028992674430147698 0.280408400783176248 149.000000000000000000
0.028904596556062302 0.277572808481609812 149.000000000000000000
0.028817744064316014 0.274798565700489994 149.000000000000000000
0.028732103273006453 0.272084106609792931 149.000000000000000000
0.028647660889501547 0.269427887851584058 150.000000000000000000
0.028564403972276206 0.266828389190584547 150.000000000000000000
0.028482319895155636 0.264284114129311354 150.000000000000000000
0.028401396313927137 0.261793590487208294 150.000000000000000000
0.028321621135272562 0.259355370943027685 150.000000000000000000
0.028242982487965161 0.256968033539665852 151.000000000000000000
0.028165468696267217 0.254630182150594075 151.000000000000000000
0.028089068255458205 0.252340446907040716 151.000000000000000000
0.028013769809418498 0.250097484585100283 151.000000000000000000
0.027939562130188628 0.247899978952016820 152.000000000000000000
0.027866434099421265 0.245746641070963917 152.000000000000000000
0.027794374691640134 0.243636209563787925 152.000000000000000000
0.027723372959218520 0.241567450831265434 152.000000000000000000
0.027653418018988556 0.239539159230637011 152.000000000000000000
0.027584499040392507 0.237550157210274365 152.000000000000000000
0.027516605235087324 0.235599295401569847 152.000000000000000000
0.027449725847913737 0.233685452668276616 153.000000000000000000
0.027383850149143477 0.231807536113724261 153.000000000000000000
0.027318967427918752 0.229964481046501329 153.000000000000000000
0.027255066986800382 0.228155250905395207 153.000000000000000000
0.027192138137343339 0.226378837144523060 153.000000000000000000
0.027130170196620632 0.224634259079758564 153.000000000000000000
0.027069152484619375 0.222920563697735497 153.000000000000000000
0.027009074322435489 0.221236825428801714 154.000000000000000000
0.026949925031196857 0.219582145885465957 154.000000000000000000
0.026891693931647420 0.217955653567977276 154.000000000000000000
0.026834370344328062 0.216356503538776807 154.000000000000000000
0.026777943590293563 0.214783877067646178 154.000000000000000000
0.026722402992307701 0.213236981249444402 154.000000000000000000
0.026667737876462115 0.211715048596377881 154.000000000000000000
0.026613937574167607 0.210217336606807664 154.000000000000000000
0.026560991424469826 0.208743127312568527 155.000000000000000000
0.026508888776644368 0.207291726806855037 155.000000000000000000
0.026457618993029133 0.205862464754678343 155.000000000000000000
0.026407171452055206 0.204454693887887395 155.000000000000000000
0.026357535551439756 0.203067789486742756 155.000000000000000000
0.026308700711508003 0.201701148849971618 155.000000000000000000
0.026260656378613086 0.200354190755197448 155.000000000000000000
0.026213392028625986 0.199026354911580439 156.000000000000000000
0.026166897170469543 0.197717101406426538 156.000000000000000000
0.026121161349673384 0.196425910147489530 156.000000000000000000
0.026076174151928252 0.195152280302565762 156.000000000000000000
0.026031925206620985 0.193895729737946693 156.000000000000000000
0.025988404190332576 0.192655794457178703 156.000000000000000000
0.025945600830284410 0.191432028041518154 156.000000000000000000
0.025903504907718852 0.190224001093356576 157.000000000000000000
0.025862106261202472 0.189031300683826786 157.000000000000000000
0.025821394789841245 0.187853529805698805 157.000000000000000000
0.025781360456399050 0.186690306832577702 157.000000000000000000
0.025741993290311550 0.185541264985356419 157.000000000000000000
0.025703283390589089 0.184406051806745186 157.000000000000000000
0.025665220928603325 0.183284328644674505 157.000000000000000000
0.025627796150753147 0.182175770145222599 158.000000000000000000
0.025590999381006681 0.181080063755679782 158.000000000000000000
0.025554821023316739 0.179996909238292674 158.000000000000000000
0.025519251563908076 0.178926018195122188 158.000000000000000000
0.025484281573435484 0.177867113604395888 158.000000000000000000
0.025449901709012228 0.176819929368710160 158.000000000000000000
0.025416102716109199 0.175784209875280040 158.000000000000000000
0.025382875430325396 0.174759709568494292 158.000000000000000000
0.025350210779031025 0.173746192534874555 159.000000000000000000
0.025318099782884764 0.172743432100558064 159.000000000000000000
0.025286533557227181 0.171751210441339758 159.000000000000000000
0.025255503313352544 0.170769318205263948 159.000000000000000000
0.025225000359661697 0.169797554147759405 159.000000000000000000
0.025195016102698562 0.168835724779204416 159.000000000000000000
0.025165542048073485 0.167883644024841377 159.000000000000000000
0.025136569801276411 0.166941132896895800 160.000000000000000000
0.025108091068383267 0.166008019178731758 160.000000000000000000
0.025080097656658841 0.165084137120857261 160.000000000000000000
0.025052581475059697 0.164169327148572353 160.000000000000000000
0.025025534534640674 0.163263435581027405 160.000000000000000000
0.024998948948868487 0.162366314361452879 160.000000000000000000
0.024972816933846027 0.161477820798301752 160.000000000000000000
0.024947130808450992 0.160597817317029823 161.000000000000000000
0.024921882994392425 0.159726171222248303 161.000000000000000000
0.024897066016188751 0.158862754469945688 161.000000000000000000
0.024872672501070774 0.158007443449507651 161.000000000000000000
0.024848695178813177 0.157160118775217822 161.000000000000000000
0.024825126881498068 0.156320665086956218 161.000000000000000000
0.024801960543213729 0.155488970859793185 161.000000000000000000
0.024779189199692003 0.154664928222173675 162.000000000000000000
0.024756805987887775 0.153848432782398348 162.000000000000000000
0.024734804145503206 0.153039383463101419 162.000000000000000000
0.024713177010460302 0.152237682343431074 162.000000000000000000
0.024691918020324673 0.151443234508648161 162.000000000000000000
0.024671020711683124 0.150655947906843696 162.000000000000000000
0.024650478719478470 0.149875733212515266 162.000000000000000000
0.024630285776303745 0.149102503696705108 162.000000000000000000
0.024610435711658815 0.148336175103441742 163.000000000000000000
0.024590922451171858 0.147576665532218487 163.000000000000000000
0.024571740015788247 0.146823895326264414 163.000000000000000000
0.024552882520929013 0.146077786966327811 163.000000000000000000
0.024534344175621527 0.145338264969769038 163.000000000000000000
0.024516119281604250 0.144605255794691523 163.000000000000000000
0.024498202232408006 0.143878687748912576 163.000000000000000000
0.024480587512415566 0.143158490903524421 164.000000000000000000
0.024463269695901634 0.142444597010867618 164.000000000000000000
0.024446243446054998 0.141736939426671510 164.000000000000000000
0.024429503513984846 0.141035453036198938 164.000000000000000000
0.024413044737712677 0.140340074184183761 164.000000000000000000
0.024396862041151657 0.139650740608379759 164.000000000000000000
0.024380950433074949 0.138967391376554533 164.000000000000000000
0.024365305006074311 0.138289966826754207 164.000000000000000000
0.024349920935510784 0.137618408510669282 165.000000000000000000
0.024334793478458343 0.136952659139964766 165.000000000000000000
0.024319917972642161 0.136292662535400094 165.000000000000000000
0.024305289835372494 0.135638363578622606 165.000000000000000000
0.024290904562475457 0.134989708166483868 165.000000000000000000
0.024276757727221737 0.134346643167755270 165.000000000000000000
0.024262844979254256 0.133709116382112497 165.000000000000000000
0.024249162043515845 0.133077076501276814 165.000000000000000000
0.024235704719177742 0.132450473072204838 165.000000000000000000
0.024222468878569915 0.131829256462206279 165.000000000000000000
0.024209450466113912 0.131213377825906086 166.000000000000000000
0.024196645497259105 0.130602789073930692 166.000000000000000000
0.024184050057423027 0.129997442843251015 166.000000000000000000
0.024171660300936426 0.129397292469084796 166.000000000000000000
0.024159472449993807 0.128802291958263121 166.000000000000000000
0.024147482793609860 0.128212395964001968 166.000000000000000000
0.024135687686582669 0.127627559761996356 166.000000000000000000
0.024124083548463723 0.127047739227761775 166.000000000000000000
0.024112666862535770 0.126472890815159167 166.000000000000000000
0.024101434174798524 0.125902971536041242 167.000000000000000000
0.024090382092962881 0.125337938940962623 167.000000000000000000
0.024079507285453945 0.124777751100885570 167.000000000000000000
0.024068806480423210 0.124222366589840177 167.000000000000000000
0.024058276464770358 0.123671744468479741 167.000000000000000000
0.024047914083174651 0.123125844268487966 167.000000000000000000
0.024037716237136596 0.122584625977786063 167.000000000000000000
0.024027679884029835 0.122048050026504831 167.000000000000000000
0.024017802036163556 0.121516077273673292 167.000000000000000000
0.024008079759855756 0.120988668994593804 168.000000000000000000
0.023998510174517238 0.120465786868849026 168.000000000000000000
0.023989090451746846 0.119947392968934891 168.000000000000000000
0.023979817814437834 0.119433449749459769 168.000000000000000000
0.023970689535895560 0.118923920036894282 168.000000000000000000
0.023961702938966600 0.118418767019837168 168.000000000000000000
0.023952855395179440 0.117917954239775358 168.000000000000000000
0.023944144323896625 0.117421445582300596 168.000000000000000000
0.023935567191478640 0.116929205268773789 168.000000000000000000
0.023927121510459459 0.116441197848394004 168.000000000000000000
0.023918804838733640 0.115957388190675054 169.000000000000000000
0.023910614778755352 0.115477741478288473 169.000000000000000000
0.023902548976748934 0.115002223200255438 169.000000000000000000
0.023894605121931197 0.114530799145485959 169.000000000000000000
0.023886780945745423 0.114063435396623808 169.000000000000000000
0.023879074221106966 0.113600098324201482 169.000000000000000000
0.023871482761660522 0.113140754581072464 169.000000000000000000
0.023864004421048805 0.112685371097121692 169.000000000000000000
0.023856637092192899 0.112233915074224699 169.000000000000000000
0.023849378706583955 0.111786353981460432 170.000000000000000000
0.023842227233586179 0.111342655550537642 170.000000000000000000
0.023835180679751197 0.110902787771457234 170.000000000000000000
0.023828237088143620 0.110466718888369203 170.000000000000000000
0.023821394537677607 0.110034417395638656 170.000000000000000000
0.023814651142464525 0.109605852034079340 170.000000000000000000
0.023808005051171532 0.109180991787380582 170.000000000000000000
0.023801454446390879 0.108759805878693452 170.000000000000000000
0.023794997544019994 0.108342263767374936 170.000000000000000000
0.023788632592652105 0.107928335145887622 171.000000000000000000
0.023782357872977312 0.107517989936835159 171.000000000000000000
0.023776171697194089 0.107111198290136586 171.000000000000000000
0.023770072408430952 0.106707930580326252 171.000000000000000000
0.023764058380178244 0.106308157403976963 171.000000000000000000
0.023758128015729865 0.105911849577237496 171.000000000000000000
0.023752279747635007 0.105518978133473176 171.000000000000000000
0.023746512037159367 0.105129514321017414 171.000000000000000000
0.023740823373756246 0.104743429601013224 171.000000000000000000
0.023735212274546821 0.104360695645352261 171.000000000000000000
0.023729677283809963 0.103981284334693405 172.000000000000000000
0.023724216972481255 0.103605167756572358 172.000000000000000000
0.023718829937660817 0.103232318203579976 172.000000000000000000
0.023713514802130436 0.102862708171619133 172.000000000000000000
0.023708270213879255 0.102496310358230022 172.000000000000000000
0.023703094845638113 0.102133097660976169 172.000000000000000000
0.023697987394422582 0.101773043175898567 172.000000000000000000
0.023692946581084281 0.101416120196019768 172.000000000000000000
0.023687971149870486 0.101062302209910859 173.000000000000000000
0.023683059867991837 0.100711562900298437 173.000000000000000000
0.023678211525198153 0.100363876142733802 173.000000000000000000
0.023673424933361938 0.100019216004294254 173.000000000000000000
0.023668698926069869 0.099677556742330808 173.000000000000000000
0.023664032358221621 0.099338872803261952 173.000000000000000000
0.023659424105636363 0.099003138821389100 173.000000000000000000
0.023654873064666605 0.098670329617764979 174.000000000000000000
0.023650378151819137 0.098340420199084427 174.000000000000000000
0.023645938303383171 0.098013385756601443 174.000000000000000000
0.023641552475065473 0.097689201665081646 174.000000000000000000
0.023637219641632269 0.097367843481780320 174.000000000000000000
0.023632938796557985 0.097049286945441751 174.000000000000000000
0.023628708951680479 0.096733507975320571 174.000000000000000000
0.023624529136862901 0.096420482670224975 174.000000000000000000
0.023620398399661836 0.096110187307581973 174.000000000000000000
0.023616315805001689 0.095802598342513090 175.000000000000000000
0.023612280434855352 0.095497692406934745 175.000000000000000000
0.023608291387930740 0.095195446308666623 175.000000000000000000
0.023604347779363363 0.094895837030556263 175.000000000000000000
0.023600448740414681 0.094598841729617841 175.000000000000000000
0.023596593418176097 0.094304437736177263 175.000000000000000000
0.023592780975278692 0.094012602553031427 175.000000000000000000
0.023589010589608314 0.093723313854614354 175.000000000000000000
0.023585281454026139 0.093436549486174442 175.000000000000000000
0.023581592776094489 0.093152287462952982 176.000000000000000000
0.023577943777807857 0.092870505969377098 176.000000000000000000
0.023574333695328922 0.092591183358247522 176.000000000000000000
0.023570761778729857 0.092314298149944393 176.000000000000000000
0.023567227291738085 0.092039829031622777 176.000000000000000000
0.023563729511487237 0.091767754856423980 176.000000000000000000
0.023560267728272591 0.091498054642682611 176.000000000000000000
0.023556841245311246 0.091230707573138656 176.000000000000000000
0.023553449378506775 0.090965692994146974 176.000000000000000000
0.023550091456218343 0.090702990414895268 176.000000000000000000
0.023546766819034146 0.090442579506618007 177.000000000000000000
0.023543474819549243 0.090184440101809718 177.000000000000000000
0.023540214822147406 0.089928552193441161 177.000000000000000000
0.023536986202787231 0.089674895934173604 177.000000000000000000
0.023533788348792196 0.089423451635574469 177.000000000000000000
0.023530620658644703 0.089174199767326393 177.000000000000000000
0.023527482541784026 0.088927120956443381 177.000000000000000000
0.023524373418407955 0.088682195986476475 177.000000000000000000
0.023521292719278303 0.088439405796726239 177.000000000000000000
0.023518239885529962 0.088198731481446829 178.000000000000000000
0.023515214368483625 0.087960154289049838 178.000000000000000000
0.023512215629461923 0.087723655621308211 178.000000000000000000
0.023509243139609105 0.087489217032555328 178.000000000000000000
0.023506296379714006 0.087256820228881149 178.000000000000000000
0.023503374840036430 0.087026447067328649 178.000000000000000000
0.023500478020136679 0.086798079555085186 178.000000000000000000
0.023497605428708296 0.086571699848671677 178.000000000000000000
0.023494756583413982 0.086347290253129858 178.000000000000000000
0.023491931010724498 0.086124833221205510 179.000000000000000000
0.023489128245760580 0.085904311352530266 179.000000000000000000
0.023486347832137894 0.085685707392800486 179.000000000000000000
0.023483589321814716 0.085469004232950438 179.000000000000000000
0.023480852274942517 0.085254184908328215 179.000000000000000000
0.023478136259719392 0.085041232597864225 179.000000000000000000
0.023475440852246083 0.084830130623241601 179.000000000000000000
0.023472765636384736 0.084620862448055986 179.000000000000000000
0.023470110203620251 0.084413411676983630 179.000000000000000000
0.023467474152924234 0.084207762054936422 179.000000000000000000
0.023464857090621363 0.084003897466223026 180.000000000000000000
0.023462258630258394 0.083801801933702777 180.000000000000000000
0.023459678392475345 0.083601459617939369 180.000000000000000000
0.023457116004879295 0.083402854816350666 180.000000000000000000
0.023454571101920271 0.083205971962359140 180.000000000000000000
0.023452043324769672 0.083010795624535047 180.000000000000000000
0.023449532321200669 0.082817310505748448 180.000000000000000000
0.023447037745470967 0.082625501442306806 180.000000000000000000
0.023444559258207657 0.082435353403096531 180.000000000000000000
0.023442096526294150 0.082246851488728123 181.000000000000000000
0.023439649222759273 0.082059980930671697 181.000000000000000000
0.023437217026668268 0.081874727090393618 181.000000000000000000
0.023434799623015853 0.081691075458496840 181.000000000000000000
0.023432396702621212 0.081509011653854116 181.000000000000000000
0.023430007962024921 0.081328521422741759 181.000000000000000000
0.023427633103387711 0.081149590637975583 181.000000000000000000
0.023425271834391071 0.080972205298044081 181.000000000000000000
0.023422923868139715 0.080796351526239721 181.000000000000000000
0.023420588923065741 0.080622015569794050 182.000000000000000000
0.023418266722834556 0.080449183799008908 182.000000000000000000
0.023415956996252530 0.080277842706386687 182.000000000000000000
0.023413659477176295 0.080107978905765459 182.000000000000000000
0.023411373904423660 0.079939579131449737 182.000000000000000000
0.023409100021686162 0.079772630237343892 182.000000000000000000
0.023406837577443204 0.079607119196086165 182.000000000000000000
0.023404586324877706 0.079443033098179267 182.000000000000000000
0.023402346021793311 0.079280359151131227 182.000000000000000000
0.023400116430533052 0.079119084678580906 182.000000000000000000
0.023397897317899419 0.078959197119444338 183.000000000000000000
0.023395688455076072 0.078800684027046111 183.000000000000000000
0.023393489617550639 0.078643533068256929 183.000000000000000000
0.023391300585039226 0.078487732022638840 183.000000000000000000
0.023389121141411996 0.078333268781578730 183.000000000000000000
0.023386951074620254 0.078180131347438064 183.000000000000000000
0.023384790176624808 0.078028307832692850 183.000000000000000000
0.023382638243325520 0.077877786459081069 183.000000000000000000
0.023380495074492205 0.077728555556750636 183.000000000000000000
0.023378360473696756 0.077580603563408651 184.000000000000000000
0.023376234248246381 0.077433919023474088 184.000000000000000000
0.023374116209118164 0.077288490587231223 184.000000000000000000
0.023372006170894660 0.077144307009987173 184.000000000000000000
0.023369903951700730 0.077001357151228730 184.000000000000000000
0.023367809373141441 0.076859629973785967 184.000000000000000000
0.023365722260241077 0.076719114542993030 184.000000000000000000
0.023363642441383260 0.076579800025858819 184.000000000000000000
0.023361569748252035 0.076441675690233177 184.000000000000000000
0.023359504015774156 0.076304730903978754 184.000000000000000000
0.023357445082062230 0.076168955134150076 185.000000000000000000
0.023355392788358957 0.076034337946165778 185.000000000000000000
0.023353346978982309 0.075900869002995058 185.000000000000000000
0.023351307501271741 0.075768538064340821 185.000000000000000000
0.023349274205535224 0.075637334985824117 185.000000000000000000
0.023347246944997339 0.075507249718179265 185.000000000000000000
0.023345225575748210 0.075378272306447766 185.000000000000000000
0.023343209956693374 0.075250392889173207 185.000000000000000000
0.023341199949504447 0.075123601697605930 185.000000000000000000
0.023339195418570793 0.074997889054908409 186.000000000000000000
0.023337196230951891 0.074873245375360872 186.000000000000000000
0.023335202256330657 0.074749661163577383 186.000000000000000000
0.023333213366967521 0.074627127013720540 186.000000000000000000
0.023331229437655240 0.074505633608721950 186.000000000000000000
0.023329250345674721 0.074385171719507870 186.000000000000000000
0.023327275970751314 0.074265732204223556 186.000000000000000000
0.023325306195012135 0.074147306007470784 186.000000000000000000
0.023323340902943985 0.074029884159540094 186.000000000000000000
0.023321379981351965 0.073913457775654084 186.000000000000000000
0.023319423319319004 0.073798018055209649 187.000000000000000000
0.023317470808165888 0.073683556281028809 187.000000000000000000
0.023315522341412064 0.073570063818610823 187.000000000000000000
0.023313577814737148 0.073457532115391230 187.000000000000000000
0.023311637125943085 0.073345952700000328 187.000000000000000000
0.023309700174916896 0.073235317181533213 187.000000000000000000
0.023307766863594214 0.073125617248817748 187.000000000000000000
0.023305837095923307 0.073016844669691328 187.000000000000000000
0.023303910777829773 0.072908991290279918 187.000000000000000000
0.023301987817181936 0.072802049034280267 188.000000000000000000
0.023300068123756668 0.072696009902252806 188.000000000000000000
0.023298151609205942 0.072590865970910912 188.000000000000000000
0.023296238187023911 0.072486609392420506 188.000000000000000000
0.023294327772514535 0.072383232393700717 188.000000000000000000
0.023292420282759817 0.072280727275734216 188.000000000000000000
0.023290515636588523 0.072179086412876237 188.000000000000000000
0.023288613754545523 0.072078302252170920 188.000000000000000000
0.023286714558861544 0.071978367312674402 188.000000000000000000
0.023284817973423588 0.071879274184777811 188.000000000000000000
0.023282923923745695 0.071781015529541609 189.000000000000000000
0.023281032336940396 0.071683584078024928 189.000000000000000000
0.023279143141690436 0.071586972630631990 189.000000000000000000
0.023277256268221198 0.071491174056452750 189.000000000000000000

