0.145987292802475160 2.587648026789793221 50.000000000000000000
0.144928956305484691 2.506217158960009073 113.000000000000000000
0.143010952746582098 2.355843499298888144 157.000000000000000000
0.140465537021425335 2.152984488771383820 198.000000000000000000
0.137530762620438646 1.920982867100902380 237.000000000000000000
0.134423529164060973 1.692476026024726243 279.000000000000000000
0.131303105124552982 1.509195177282605771 331.000000000000000000
0.128257451547917511 1.411813179965518472 363.000000000000000000
0.125318078695986324 1.415880223533168003 365.000000000000000000
0.122472717747863238 1.495888585574246754 375.000000000000000000
0.119691863141474758 1.602917463927635566 375.000000000000000000
0.116955022251447480 1.692328830310923404 376.000000000000000000
0.114269838597346879 1.736336797052114633 377.000000000000000000
0.111684870995350460 1.725894793943385075 377.000000000000000000
0.109210261651418908 1.666869005715750918 377.000000000000000000
0.106857553297813657 1.577185166734243804 377.000000000000000000
0.104614683962591548 1.480672049459006656 377.000000000000000000
0.102393205147267005 1.399858508359576925 377.000000000000000000
0.100072360554340267 1.352346079040646742 377.000000000000000000
0.097534249005412077 1.344274110120552423 393.000000000000000000
0.094721628350477108 1.370678593441253090 407.000000000000000000
0.091638530894200293 1.417671617224508074 407.000000000000000000
0.088456196022469374 1.462699781449505521 408.000000000000000000
0.085461842860796666 1.479082540512811406 422.000000000000000000
0.082926273065549255 1.450911191361786923 455.000000000000000000
0.080945574603894441 1.383116666702631337 455.000000000000000000
0.079368107958261824 1.292859490803143885 455.000000000000000000
0.077917092641343624 1.192715351289076686 455.000000000000000000
0.076376623771889307 1.087011543278882275 455.000000000000000000
0.074693500699654969 0.979088365291641116 455.000000000000000000
0.072954443191094051 0.876759700027938904 455.000000000000000000
0.071344715919489488 0.789777886839317378 456.000000000000000000
0.070025556014894630 0.725248360109067902 456.000000000000000000
0.069047031092936806 0.685147606200096737 456.000000000000000000
0.068329810677294545 0.665728928818687726 456.000000000000000000
0.067692149613848798 0.658154366413116643 456.000000000000000000
0.066969810564399490 0.652725111218143916 456.000000000000000000
0.066086641414775937 0.643300562394249376 456.000000000000000000
0.065071998482689519 0.628884049266120404 456.000000000000000000
0.064017659915262620 0.612251933260638315 456.000000000000000000
0.063010939783082837 0.597457908350150335 456.000000000000000000
0.062087103876316621 0.587054355347974344 457.000000000000000000
0.061228601484001541 0.579806049300173987 457.000000000000000000
0.060376868841021177 0.571067855066136221 457.000000000000000000
0.059475024968232690 0.556107687557388375 458.000000000000000000
0.058506625200016135 0.534389490450505433 459.000000000000000000
0.057496758450102985 0.510316868133227741 459.000000000000000000
0.056494636989188877 0.490276523873013792 460.000000000000000000
0.055544213248724508 0.478264372575160357 461.000000000000000000
0.054660175587453834 0.473667598087618547 478.000000000000000000
0.053822678511884263 0.472566670076477902 478.000000000000000000
0.052992885898126479 0.470547596410704871 479.000000000000000000
0.052138561401471467 0.464674904925736210 479.000000000000000000
0.051255944488958934 0.454098194281398249 479.000000000000000000
0.050369727216976620 0.440026359387478638 479.000000000000000000
0.049498572934312750 0.424269318271586149 479.000000000000000000
0.048660359485670775 0.409303278892896083 479.000000000000000000
0.047853238709439527 0.397429646521300917 479.000000000000000000
0.047060736454808350 0.390300201066658470 479.000000000000000000
0.046265214305356302 0.388542278644604444 479.000000000000000000
0.045459635659702867 0.391514199250366568 479.000000000000000000
0.044651355382969653 0.397371952597436684 494.000000000000000000
0.043857756931826822 0.403691132766026528 494.000000000000000000
0.043098504745546176 0.408546446185547751 495.000000000000000000
0.042395412673523467 0.411521676136174130 495.000000000000000000
0.041744789271160036 0.412783041016746843 496.000000000000000000
0.041143623298897009 0.412565604009429487 496.000000000000000000
0.040595831022956989 0.410323396299123011 503.000000000000000000
0.040090804175771870 0.405126348412073289 503.000000000000000000
0.039629353685787613 0.396264101464886331 504.000000000000000000
0.039214469026022290 0.383825413594224119 504.000000000000000000
0.038849150017200643 0.368833099253477403 504.000000000000000000
0.038521432111584632 0.352373811184993169 504.000000000000000000
0.038224420300022592 0.335695565874047364 504.000000000000000000
0.037951267061703750 0.319725479313682670 504.000000000000000000
0.037696789099628092 0.304934318028015738 504.000000000000000000
0.037457942485909723 0.291363851713317190 504.000000000000000000
0.037233249114050092 0.278756520011016307 504.000000000000000000
0.037021766133636259 0.266719207558758553 504.000000000000000000
0.036822244676253307 0.254867643278075207 506.000000000000000000
0.036632842750584677 0.242922735478971363 506.000000000000000000
0.036451373869809879 0.230753841359044920 506.000000000000000000
0.036275807696054985 0.218379171332671845 506.000000000000000000
0.036104691096135913 0.205938828242037936 506.000000000000000000
0.035937287179869361 0.193654577014727991 512.000000000000000000
0.035773419769989809 0.181786561724399720 538.000000000000000000
0.035613153129338791 0.170593563285464156 547.000000000000000000
0.035456480908339721 0.160300892723283545 562.000000000000000000
0.035303153486452618 0.151078397666069814 594.000000000000000000
0.035152683411574973 0.143029680831862349 623.000000000000000000
0.035004483967052968 0.136191949027458459 629.000000000000000000
0.034858049825331805 0.130543954308040805 629.000000000000000000
0.034713091000242093 0.126018021779009726 630.000000000000000000
0.034569570040640180 0.122512141726826451 630.000000000000000000
0.034427643813194159 0.119899713228153987 630.000000000000000000
0.034287551349689305 0.118036781876556751 630.000000000000000000
0.034149503472581638 0.116768135099915474 630.000000000000000000
0.034013617255017593 0.115933738898851807 630.000000000000000000
0.033879909618252789 0.115376115767779480 630.000000000000000000
0.033748335534223781 0.114948239350154233 630.000000000000000000
0.033618840456185795 0.114520939185564399 630.000000000000000000
0.033491398213331205 0.113988743720959892 631.000000000000000000
0.033366019998445635 0.113273354236981399 631.000000000000000000
0.033242737554662838 0.112324361546436477 631.000000000000000000
0.033121575307028549 0.111117295502102170 631.000000000000000000
0.033002527963993604 0.109649554151620351 633.000000000000000000
0.032885553654151814 0.107935089910133633 633.000000000000000000
0.032770583043643289 0.105998839455346550 633.000000000000000000
0.032662725077089803 0.103871747109683374 633.000000000000000000
0.032558213059984076 0.101676746105903479 633.000000000000000000
0.032455344780528347 0.099348657482326422 633.000000000000000000
0.032354081813527447 0.096915005081762665 633.000000000000000000
0.032254391532177726 0.094402154556400081 633.000000000000000000
0.032156232619921982 0.091835170748456263 633.000000000000000000
0.032059541282123780 0.089237847748047036 634.000000000000000000
0.031964221169676330 0.086632765177094062 634.000000000000000000
0.031870137744038449 0.084041312248689201 634.000000000000000000
0.031777115985064365 0.081483679669408268 634.000000000000000000
0.031684939447925893 0.078978849945824992 634.000000000000000000
0.031595024465543527 0.076544630584508930 634.000000000000000000
0.031506338778604301 0.074189891700285587 634.000000000000000000
0.031417723165770718 0.071939271189392376 634.000000000000000000
0.031328777295870969 0.069809120221566198 634.000000000000000000
0.031239026849733086 0.067815670280388485 635.000000000000000000
0.031147906479760071 0.065976351436281486 635.000000000000000000
0.031054738115865024 0.064311741869703482 635.000000000000000000
0.030958703314268421 0.062848364931469558 635.000000000000000000
0.030858808128980154 0.061622678832679828 635.000000000000000000
0.030753839185625464 0.060686804458598108 635.000000000000000000
0.030642310772992221 0.060116814924927695 635.000000000000000000
0.030522405962168972 0.060024714590210360 635.000000000000000000
0.030392738009318437 0.060575325646760089 665.000000000000000000
0.030249692435020618 0.062027294696239729 712.000000000000000000
0.030090457330812719 0.064704114578608668 718.000000000000000000
0.029912019021880704 0.069058252097391609 718.000000000000000000
0.029711982832699827 0.075624435838970994 718.000000000000000000
0.029489907209790174 0.084890464231299978 718.000000000000000000
0.029249355801338299 0.097011722739911835 718.000000000000000000
0.028999966663637768 0.111402301990841987 718.000000000000000000
0.028757463922523943 0.126466210529087991 718.000000000000000000
0.028539204287962996 0.139906540628854770 718.000000000000000000
0.028356336777238169 0.149668541811117911 718.000000000000000000
0.028208757085198571 0.154777444881205983 719.000000000000000000
0.028087511066346861 0.155377543785217537 719.000000000000000000
0.027981642080602488 0.152238880588313752 719.000000000000000000
0.027883496193613626 0.146344458302622327 719.000000000000000000
0.027794610727644737 0.138726085917867198 719.000000000000000000
0.027711619930418537 0.130441825033982328 719.000000000000000000
0.027635646450701365 0.122388877717411956 719.000000000000000000
0.027568320806434635 0.115353392717462824 719.000000000000000000
0.027510129382265668 0.109853685189243530 719.000000000000000000
0.027460168393357041 0.106054855885612864 719.000000000000000000
0.027416353811092534 0.103750370315769974 720.000000000000000000
0.027375874624972506 0.102440178737546433 720.000000000000000000
0.027335724081218885 0.101484676790331477 720.000000000000000000
0.027293182620490703 0.100272686930896943 720.000000000000000000
0.027246156862614689 0.098346413479372716 720.000000000000000000
0.027193317394169764 0.095459603225830678 720.000000000000000000
0.027134029539058514 0.091574222691936699 720.000000000000000000
0.027068122662635474 0.086815387440715194 720.000000000000000000
0.026995574846144822 0.081407967023770109 720.000000000000000000
0.026916440906497006 0.075615513166315082 720.000000000000000000
0.026830513969604460 0.069726106716143488 721.000000000000000000
0.026735728253602750 0.063923703366862344 721.000000000000000000
0.026629929758435488 0.058409771359228722 721.000000000000000000
0.026510003783245882 0.053381913789890281 731.000000000000000000
0.026371757640907878 0.049061520902637344 732.000000000000000000
0.026209848718295601 0.045696887148012760 752.000000000000000000
0.026017871697959653 0.043482875185190659 778.000000000000000000
0.025788874383423081 0.042347099744546202 846.000000000000000000
0.025516777114344497 0.041697197845775365 906.000000000000000000
0.025199200704233794 0.040503609346593632 958.000000000000000000
0.024841379409714742 0.038335937806322259 995.000000000000000000
0.024458423884768779 0.037620698552079099 1009.000000000000000000
0.024071070265294179 0.043362876022001694 1027.000000000000000000
0.023705581599409147 0.055540162455993393 1028.000000000000000000
0.023353053046493492 0.068835100650773251 1030.000000000000000000
0.022996888649255302 0.080025608574043117 1032.000000000000000000
0.022620949444584489 0.089487645864067114 1032.000000000000000000
0.022219532217671107 0.099959265250808879 1033.000000000000000000
0.021804645386287541 0.114375948993988022 1091.000000000000000000
0.021403271125250825 0.133353027620308429 1098.000000000000000000
0.021041448871826303 0.153740089381946304 1099.000000000000000000
0.020727075706303791 0.170408485266906551 1126.000000000000000000
0.020448731041832927 0.179718730409825111 1135.000000000000000000
0.020187886977796832 0.180929140884248801 1137.000000000000000000
0.019929784994728698 0.175345262563698367 1138.000000000000000000
0.019669349511559464 0.165094420845759593 1138.000000000000000000
0.019410027659727380 0.152314971076096622 1138.000000000000000000
0.019138113523381073 0.139222124710959183 1139.000000000000000000
0.018855341934200819 0.127696529651328911 1140.000000000000000000
0.018563730386118794 0.119443833808802441 1140.000000000000000000
0.018267211080075941 0.115777503339574178 1141.000000000000000000
0.017976003853089596 0.117420309566283507 1141.000000000000000000
0.017703367706120451 0.124010537465837109 1142.000000000000000000
0.017461546605779168 0.133936933620227072 1143.000000000000000000
0.017257367892518229 0.144853595911424687 1143.000000000000000000
0.017090616181058834 0.154585482367909810 1144.000000000000000000
0.016956991283332425 0.161740328109633430 1144.000000000000000000
0.016849323716257560 0.165524712433708060 1145.000000000000000000
0.016758414832569658 0.166264349826305557 1146.000000000000000000
0.016678929432362530 0.164322455333043682 1146.000000000000000000
0.016607321042656092 0.160189978025145230 1147.000000000000000000
0.016541530689947074 0.154386940087999164 1154.000000000000000000
0.016480553482730011 0.147410333122141995 1156.000000000000000000
0.016424154809634234 0.139705103439596384 1157.000000000000000000
0.016372341931278005 0.131690800300286848 1157.000000000000000000
0.016325038447420687 0.123630996357181180 1157.000000000000000000
0.016282254139393069 0.115753066174523439 1157.000000000000000000
0.016243894819063989 0.108217010608155959 1157.000000000000000000
0.016209750141642301 0.101125893929002716 1157.000000000000000000
0.016179510557078138 0.094537675090517179 1158.000000000000000000
0.016152797475353399 0.088476704155693919 1158.000000000000000000
0.016129196003433089 0.082943789378857838 1158.000000000000000000
0.016108925857766330 0.077924334035624737 1158.000000000000000000
0.016091338633296159 0.073475192876883255 1159.000000000000000000
0.016075550111145014 0.069477014626473516 1159.000000000000000000
0.016061231353312423 0.065899388728283048 1159.000000000000000000
0.016048103812293046 0.062711955829401950 1160.000000000000000000
0.016035938684852601 0.059885320050265894 1160.000000000000000000
0.016024553638352434 0.057391462581308637 1161.000000000000000000
0.016013807817097218 0.055203838795454555 1162.000000000000000000
0.016003595889062260 0.053297293477343875 1163.000000000000000000
0.015993841745870065 0.051647891070131888 1164.000000000000000000
0.015984492328130571 0.050232728674838772 1164.000000000000000000
0.015975511917469088 0.049029776506961213 1164.000000000000000000
0.015966877118472382 0.048017771631636771 1165.000000000000000000
0.015958572651240708 0.047176175088206602 1165.000000000000000000
0.015950587990692804 0.046485189936195104 1165.000000000000000000
0.015942914823585452 0.045925828717278683 1165.000000000000000000
0.015935545248262930 0.045480013640359737 1166.000000000000000000
0.015928470613898363 0.045130691303151040 1166.000000000000000000
0.015921680882800576 0.044861945274848165 1167.000000000000000000
0.015915164398023707 0.044659093338134732 1167.000000000000000000
0.015908907945710100 0.044508760514986978 1167.000000000000000000
0.015902897014262920 0.044398923253728864 1168.000000000000000000
0.015897116168018088 0.044318923729559215 1168.000000000000000000
0.015891549469582648 0.044259455836361178 1169.000000000000000000
0.015886180901016258 0.044212526115704073 1169.000000000000000000
0.015880994748640249 0.044171393730170427 1170.000000000000000000
0.015875975928943690 0.044130493856189966 1171.000000000000000000
0.015871110243592723 0.044085348755646202 1171.000000000000000000
0.015866384559912718 0.044032470454521855 1172.000000000000000000
0.015861786919513222 0.043969258528324270 1173.000000000000000000
0.015857306582152772 0.043893896038879533 1173.000000000000000000
0.015852934014732721 0.043805246221211201 1173.000000000000000000
0.015848660836725720 0.043702752096238258 1174.000000000000000000
0.015844479733652123 0.043586340787074976 1174.000000000000000000
0.015840384349675538 0.043456333941904277 1175.000000000000000000
0.015836369169242925 0.043313365313196003 1176.000000000000000000
0.015832429396164652 0.043158306212046547 1176.000000000000000000
0.015828560836809585 0.042992199250536718 1177.000000000000000000
0.015824759792336759 0.042816200508563496 1177.000000000000000000
0.015821022963222943 0.042631530019338705 1178.000000000000000000
0.015817347367862403 0.042439430263608031 1179.000000000000000000
0.015813730275766776 0.042241132199146922 1179.000000000000000000
0.015810169154906156 0.042037828229826490 1180.000000000000000000
0.015806661632009455 0.041830651436160833 1180.000000000000000000
0.015803205464167074 0.041620660343654706 1181.000000000000000000
0.015799798519823077 0.041408828492034089 1181.000000000000000000
0.015796438767171010 0.041196038082240510 1182.000000000000000000
0.015793124268037126 0.040983077013193696 1182.000000000000000000
0.015789853175507903 0.040770638671094039 1182.000000000000000000
0.015786623733798542 0.040559323895138673 1183.000000000000000000
0.015783434279133972 0.040349644610241923 1184.000000000000000000
0.015780283240697430 0.040142028685770693 1184.000000000000000000
0.015777169140973671 0.039936825646259305 1185.000000000000000000
0.015774090595060179 0.039734312923261274 1185.000000000000000000
0.015771046308730687 0.039534702395312336 1185.000000000000000000
0.015768035075206913 0.039338147014506039 1186.000000000000000000
0.015765055770725202 0.039144747362997376 1186.000000000000000000
0.015762107349076532 0.038954558020878848 1187.000000000000000000
0.015759188835355591 0.038767593658642172 1187.000000000000000000
0.015756299319181252 0.038583834793380373 1190.000000000000000000
0.015753437947653524 0.038403233168665084 1190.000000000000000000
0.015750603918295934 0.038225716734361086 1190.000000000000000000
0.015747796472203132 0.038051194215236721 1190.000000000000000000
0.015745014887576004 0.037879559266759621 1190.000000000000000000
0.015742258473785357 0.037710694223564635 1191.000000000000000000
0.015739526566063037 0.037544473451259677 1191.000000000000000000
0.015736818520879700 0.037380766315960025 1193.000000000000000000
0.015734133712032437 0.037219439788574830 1195.000000000000000000
0.015731471527434870 0.037060360702700294 1195.000000000000000000
0.015728831366577361 0.036903397686223256 1195.000000000000000000
0.015726212638606143 0.036748422787566806 1195.000000000000000000
0.015723614760956888 0.036595312818028233 1195.000000000000000000
0.015721037158470317 0.036443950431946599 1196.000000000000000000
0.015718479262913986 0.036294224966526518 1196.000000000000000000
0.015715940512834842 0.036146033063083824 1196.000000000000000000
0.015713420353670255 0.035999279091253049 1197.000000000000000000
0.015710918238051218 0.035853875397337254 1197.000000000000000000
0.015708433626238121 0.035709742397472766 1197.000000000000000000
0.015705965986637645 0.035566808535634438 1197.000000000000000000
0.015703514796357631 0.035425010125726984 1198.000000000000000000
0.015701079541764907 0.035284291096102163 1198.000000000000000000
0.015698888686878232 0.035144602653813632 1198.000000000000000000
0.015696607959503558 0.035021615100038268 1198.000000000000000000
0.015694341952089425 0.034899283135310363 1199.000000000000000000
0.015692090398011751 0.034777481192207936 1200.000000000000000000
0.015689895660822843 0.034656104864951964 1200.000000000000000000
0.015687796195454861 0.034519708926352775 1200.000000000000000000
0.015685585786199326 0.034399142632055749 1201.000000000000000000
0.015683388425116268 0.034278893669416749 1201.000000000000000000
0.015681203812557349 0.034158911812952691 1202.000000000000000000
0.015679041541738662 0.034039160606506816 1202.000000000000000000
0.015677037489023778 0.033904676011753697 1203.000000000000000000
0.015674888855100395 0.033785508586733459 1203.000000000000000000
0.015672751537672218 0.033666619126064917 1204.000000000000000000
0.015670625247244944 0.033547998897405153 1205.000000000000000000
0.015668509693971100 0.033429646858470906 1205.000000000000000000
0.015666416731649150 0.033311568529065284 1207.000000000000000000
0.015664474707793762 0.033179309665218884 1219.000000000000000000
0.015662389263927112 0.033061988034997575 1219.000000000000000000
0.015660313226643043 0.032945068560221863 1239.000000000000000000
0.015658246340374455 0.032828561528398255 1240.000000000000000000
0.015656188352117066 0.032712480133463888 1241.000000000000000000
0.015654139012038316 0.032596839837223890 1241.000000000000000000
0.015652124031341030 0.032481657795973243 1242.000000000000000000
0.015650229603103499 0.032353001434007760 1242.000000000000000000
0.015648204408646380 0.032238949662562570 1267.000000000000000000
0.015646186716862485 0.032125488968640856 1271.000000000000000000
0.015644176320524329 0.032012628030779325 1271.000000000000000000
0.015642173015711351 0.031900375961977541 1272.000000000000000000
0.015640176602100753 0.031788742069536705 1272.000000000000000000
0.015638186883201590 0.031677735649389402 1284.000000000000000000
0.015636235181638116 0.031567365812178741 1347.000000000000000000
0.015634390401884773 0.031444228512253286 1351.000000000000000000
0.015632419319358253 0.031335301552961457 1355.000000000000000000
0.015630454002057658 0.031227105473035737 1361.000000000000000000
0.015628494294688985 0.031119637771826400 1372.000000000000000000
0.015626540044557297 0.031012895938752484 1377.000000000000000000
0.015624591101691111 0.030906877414275249 1381.000000000000000000
0.015622647318933723 0.030801579559324745 1385.000000000000000000
0.015620708552005981 0.030696999632063200 1387.000000000000000000
0.015618790263867977 0.030593134770971756 1389.000000000000000000
0.015617008545766694 0.030477115116278538 1393.000000000000000000
0.015615083702021472 0.030374800951925567 1398.000000000000000000
0.015613163144023424 0.030273255485888762 1400.000000000000000000
0.015611246761796579 0.030172466655199945 1402.000000000000000000
0.015609334446508224 0.030072422854836297 1403.000000000000000000
0.015607426090557023 0.029973112937625654 1406.000000000000000000
0.015605521587644210 0.029874526211090553 1416.000000000000000000
0.015603620832830617 0.029776652431498799 1419.000000000000000000
0.015601741116852060 0.029679481795393640 1421.000000000000000000
0.015600005919232506 0.029594491432012742 1424.000000000000000000
0.015598115709579080 0.029498618133310558 1426.000000000000000000
0.015596343262317038 0.029403394453562593 1431.000000000000000000
0.015594683473785353 0.029308006533524306 1435.000000000000000000
0.015592818146705292 0.029214098386467241 1438.000000000000000000
0.015591100537487449 0.029132206927635500 1440.000000000000000000
0.015589225042038508 0.029039532481600943 1441.000000000000000000
0.015587439708432300 0.028947473939831880 1441.000000000000000000
0.015585658138226727 0.028867278640923047 1442.000000000000000000
0.015583806799280795 0.028776351052859053 1442.000000000000000000
0.015582101158398138 0.028697197136745307 1443.000000000000000000
0.015580237884889598 0.028607324281373026 1443.000000000000000000
0.015578469298257073 0.028517988094310363 1444.000000000000000000
0.015576694489127458 0.028440288157435257 1444.000000000000000000
0.015574862229200907 0.028351941367398232 1445.000000000000000000
0.015573159440590083 0.028275150220091031 1445.000000000000000000
0.015571311544483320 0.028187738633816781 1445.000000000000000000
0.015569722793650920 0.028089320915160192 1446.000000000000000000
0.015567944489241417 0.028013935062315205 1446.000000000000000000
0.015566137529677880 0.027928051225316521 1448.000000000000000000
0.015564426677242713 0.027853580131521248 1449.000000000000000000
0.015562581463624318 0.027768635454274777 1449.000000000000000000
0.015560865047035008 0.027684175269174736 1450.000000000000000000
0.015559072103319450 0.027610993172199887 1450.000000000000000000
0.015557297343878193 0.027527424951467438 1450.000000000000000000
0.015555567913637129 0.027455056270132332 1450.000000000000000000
0.015553735839774227 0.027372337665566109 1458.000000000000000000
0.015552068439726795 0.027300744383387959 1459.000000000000000000
0.015550231749473863 0.027218842186606414 1459.000000000000000000
0.015548495798598900 0.027137373305181536 1459.000000000000000000
0.015546738529697091 0.027066912438731043 1460.000000000000000000
0.015544947671010308 0.026986250119673739 1460.000000000000000000
0.015543249020972580 0.026916527372804734 1460.000000000000000000
0.015541416910575635 0.026836650150539331 1461.000000000000000000
0.015539725203041308 0.026757194169023866 1461.000000000000000000
0.015537932172424615 0.026688568025634730 1461.000000000000000000
0.015536198277664212 0.026609900915142072 1461.000000000000000000
0.015534611535201191 0.026531347367633011 1462.000000000000000000
0.015532813685549051 0.026453531655634008 1462.000000000000000000
0.015531131238110240 0.026386476577631841 1462.000000000000000000
0.015529302914213434 0.026309501529272795 1463.000000000000000000
0.015527607098318593 0.026232971021114257 1463.000000000000000000
0.015525824511601708 0.026167084680402460 1463.000000000000000000
0.015524077401590956 0.026091382234371966 1463.000000000000000000
0.015522347126470361 0.026026256103936458 1464.000000000000000000
0.015520549242027544 0.025951357715398925 1464.000000000000000000
0.015518870482328062 0.025886970821023404 1464.000000000000000000
0.015517043634792506 0.025812857387277774 1465.000000000000000000
0.015515350735926602 0.025739164370144306 1465.000000000000000000
0.015513567618117036 0.025675876938828581 1466.000000000000000000
0.015511825117348225 0.025602971667278967 1466.000000000000000000
0.015510091760058487 0.025540410394471930 1467.000000000000000000
0.015508299989260520 0.025468277052831289 1468.000000000000000000
0.015506615786141325 0.025406428422093754 1468.000000000000000000
0.015504788927542862 0.025335054280025533 1468.000000000000000000
0.015503104101319675 0.025264088792593550 1469.000000000000000000
0.015501312317410598 0.025203308952480828 1469.000000000000000000
0.015499579034212995 0.025133111554144241 1470.000000000000000000
0.015497835044342757 0.025073042266891218 1470.000000000000000000
0.015496053531210864 0.025003600035944984 1470.000000000000000000
0.015494356856733782 0.024944230174383207 1472.000000000000000000
0.015492528575280240 0.024875532183129739 1472.000000000000000000
0.015490855407043468 0.024807234943657358 1473.000000000000000000
0.015489048604161657 0.024748915317248588 1473.000000000000000000
0.015487327831492528 0.024681371782339968 1474.000000000000000000
0.015485567241494471 0.024623750957995287 1474.000000000000000000
0.015483799040669582 0.024556948183045092 1475.000000000000000000
0.015482084266756428 0.024500014720702162 1475.000000000000000000
0.015480273954306848 0.024433941237682208 1476.000000000000000000
0.015478760116872912 0.024368048429275101 1477.000000000000000000
0.015476927939946383 0.024302750084842426 1477.000000000000000000
0.015475222409532287 0.024237870595268687 1478.000000000000000000
0.015473439219397032 0.024182760824685349 1478.000000000000000000
0.015471687245155947 0.024118660498058848 1479.000000000000000000
0.015469947792678646 0.024064269890946250 1479.000000000000000000
0.015468149726139876 0.024000921400840352 1479.000000000000000000
0.015466453592907211 0.023947224774940119 1480.000000000000000000
0.015464616578285250 0.023884604096546844 1480.000000000000000000
0.015462930217149085 0.023822370062846359 1481.000000000000000000
0.015461118116798751 0.023769690397025756 1482.000000000000000000
0.015459386456554453 0.023708175599339784 1482.000000000000000000
0.015457616789655036 0.023656159433797282 1544.000000000000000000
0.015455840027262630 0.023595341441190354 1579.000000000000000000
0.015454112503458725 0.023543968362670618 1590.000000000000000000
0.015452290929277985 0.023483827518932458 1591.000000000000000000
0.015450605167894033 0.023433079548824072 1591.000000000000000000
0.015448761445925444 0.023373598500683764 1591.000000000000000000
0.015447053389956779 0.023314471518741584 1591.000000000000000000
0.015445249408689611 0.023264647569995158 1591.000000000000000000
0.015443497200347125 0.023206179575132910 1591.000000000000000000
0.015441734202832362 0.023156963749173136 1591.000000000000000000
0.015439937994544191 0.023099137021321617 1591.000000000000000000
0.015438215733438057 0.023050513263393111 1591.000000000000000000
0.015436375774501838 0.022993312160368855 1592.000000000000000000
0.015434693912445072 0.022945266191641153 1592.000000000000000000
0.015432842808853892 0.022888676766204825 1592.000000000000000000
0.015431117890666821 0.022832417677328378 1592.000000000000000000
0.015429315844313191 0.022785229399512344 1592.000000000000000000
0.015427547752478916 0.022729584764545542 1592.000000000000000000
0.015425821532091863 0.022682963685601455 1592.000000000000000000
0.015424154101074335 0.022638297325523637 1592.000000000000000000
0.015422470307581291 0.022592183063168448 1593.000000000000000000
0.015420757230941492 0.022547985127016733 1593.000000000000000000
0.015419114500595275 0.022502293698325675 1593.000000000000000000
0.015417393538585429 0.022458488740642334 1593.000000000000000000
0.015415700401465586 0.022404435152897837 1593.000000000000000000
0.015414029107954389 0.022369704370493723 1593.000000000000000000
0.015412297596281561 0.022315968170267347 1593.000000000000000000
0.015410660221515615 0.022281548300832545 1593.000000000000000000
0.015408891994686804 0.022228085238189598 1593.000000000000000000
0.015407286675657142 0.022193934438697591 1594.000000000000000000
0.015405483916126356 0.022140711175293329 1594.000000000000000000
0.015403908303200462 0.022106797035587364 1594.000000000000000000
0.015402096511598356 0.022053789348073179 1594.000000000000000000
0.015400486640194694 0.022011356723982894 1594.000000000000000000
0.015398769474400066 0.021967302729317375 1594.000000000000000000
0.015397244099815386 0.021923540354527867 1594.000000000000000000
0.015395546594785866 0.021879709953935657 1594.000000000000000000
0.015393997829454432 0.021836196799702456 1594.000000000000000000
0.015392319824756249 0.021792595479002651 1594.000000000000000000
0.015390747868113950 0.021749335759355733 1595.000000000000000000
0.015389094416816835 0.021705968810569028 1595.000000000000000000
0.015387480798061900 0.021664451644366305 1595.000000000000000000
0.015385879503387139 0.021619828885567852 1595.000000000000000000
0.015384213975177335 0.021578544800027452 1595.000000000000000000
0.015382639772820183 0.021525474403793588 1595.000000000000000000
0.015380959396778441 0.021493157639505895 1595.000000000000000000
0.015379392780028197 0.021440372979186609 1595.000000000000000000
0.015377699898063427 0.021408319346446058 1595.000000000000000000
0.015376143358141418 0.021355823581115558 1595.000000000000000000
0.015374435559430655 0.021324032731052142 1596.000000000000000000
0.015372891485632442 0.021271829224370136 1597.000000000000000000
0.015371199242938428 0.021240301023403695 1598.000000000000000000
0.015369787039788507 0.021188502102631530 1599.000000000000000000
0.015368088056490613 0.021146840315779895 1599.000000000000000000
0.015366507076581938 0.021105658108624220 1599.000000000000000000
0.015364832153090003 0.021064299326654160 1600.000000000000000000
0.015363222635240915 0.021023430510701685 1600.000000000000000000
0.015361598712370359 0.020982371641874026 1600.000000000000000000
0.015360100098096465 0.020931602787016085 1601.000000000000000000
0.015358475320009234 0.020890901014089823 1601.000000000000000000
0.015356806387499941 0.020850709592748682 1601.000000000000000000
0.015355207164870774 0.020810362261971235 1601.000000000000000000
0.015353515789966500 0.020770528241703248 1602.000000000000000000
0.015351944721868144 0.020721984885124313 1602.000000000000000000
0.015350382104206332 0.020682301003615625 1602.000000000000000000
0.015348813334074181 0.020632859049838727 1602.000000000000000000
0.015347095861004315 0.020603627433736862 1603.000000000000000000
0.015345658060055136 0.020557034265924555 1603.000000000000000000
0.015343970519691877 0.020518016885812448 1603.000000000000000000
0.015342352731649120 0.020479541907646188 1603.000000000000000000
0.015340847118226560 0.020430886975177007 1604.000000000000000000
0.015339185075596645 0.020392804614289418 1604.000000000000000000
0.015337551811863684 0.020354587475437870 1604.000000000000000000
0.015335856888485717 0.020316908499673443 1604.000000000000000000
0.015334251212838062 0.020279074481684579 1604.000000000000000000
0.015332524901456857 0.020241774353236975 1604.000000000000000000
0.015331112139103391 0.020194408579796583 1604.000000000000000000
0.015329360640693453 0.020157495862036846 1604.000000000000000000
0.015327776893270580 0.020130453934214362 1605.000000000000000000
0.015326048489447273 0.020083900103075227 1605.000000000000000000
0.015324427995620985 0.020057180092297445 1605.000000000000000000
0.015322731625976926 0.020010989834749190 1605.000000000000000000
0.015321124060938185 0.019984575750581279 1605.000000000000000000
0.015319576716153235 0.019928948790344431 1605.000000000000000000
0.015317880312589219 0.019902834807003420 1606.000000000000000000
0.015316250203396107 0.019857439565694846 1606.000000000000000000
0.015314514961464732 0.019831661412834631 1606.000000000000000000
0.015312918668022764 0.019786641969013537 1606.000000000000000000
0.015311199576260379 0.019761179976601081 1606.000000000000000000
0.015309719435464724 0.019716634961826934 1606.000000000000000000
0.015307983564210934 0.019681650880579382 1606.000000000000000000
0.015306343396823357 0.019647176721843962 1606.000000000000000000
0.015304636913380791 0.019612525406442847 1606.000000000000000000
0.015302962158973246 0.019578380831008466 1607.000000000000000000
0.015301318283886565 0.019544046506412310 1608.000000000000000000
0.015299742416515525 0.019500599859830214 1609.000000000000000000
0.015298095251982502 0.019466626141286632 1609.000000000000000000
0.015296350879817268 0.019433153962258497 1610.000000000000000000
0.015294733201677397 0.019399524715934053 1628.000000000000000000
0.015292981781664263 0.019366391457374652 1635.000000000000000000
0.015291349321665905 0.019342758756356385 1635.000000000000000000
0.015289782512597352 0.019290731090267313 1635.000000000000000000
0.015288081474259477 0.019267359000412002 1636.000000000000000000
0.015286411632635374 0.019225244225210616 1636.000000000000000000
0.015284668240438261 0.019202171120598618 1636.000000000000000000
0.015283096765309964 0.019160394953608655 1637.000000000000000000
0.015281460172242883 0.019133896568286131 1637.000000000000000000
0.015280372605252460 0.019075947964715814 1638.000000000000000000
0.015278630298895639 0.019049825414649033 1640.000000000000000000
0.015277132264347125 0.019014708412316471 1641.000000000000000000
0.015275562286400481 0.018983137489181692 1641.000000000000000000
0.015274009644956460 0.018948425986389326 1642.000000000000000000
0.015272332103444072 0.018913574346021731 1643.000000000000000000
0.015270996803144950 0.018869897779798507 1643.000000000000000000
0.015269398223913469 0.018839159425526848 1643.000000000000000000
0.015267772460179607 0.018805319397493019 1644.000000000000000000
0.015266219044580870 0.018771378011119937 1644.000000000000000000
0.015264645996030678 0.018741614801046181 1644.000000000000000000
0.015263060726209291 0.018708103010008630 1644.000000000000000000
0.015261593253927170 0.018673817273822359 1694.000000000000000000
0.015260069903943584 0.018645782279812593 1721.000000000000000000
0.015258412998484029 0.018611788530653033 1726.000000000000000000
0.015256809573081278 0.018580546565818687 1761.000000000000000000
0.015255289481287704 0.018550535517087019 1773.000000000000000000
0.015253633608360921 0.018519670055316521 1773.000000000000000000
0.015252183498329195 0.018477249848806002 1774.000000000000000000
0.015250643530850256 0.018450338399850472 1774.000000000000000000
0.015249013774097962 0.018417576337560106 1774.000000000000000000
0.015247367011131248 0.018387505547576802 1774.000000000000000000
0.015245823647179821 0.018367996823052644 1774.000000000000000000
0.015244229923299801 0.018327887054633823 1774.000000000000000000
0.015242641833224381 0.018297079776543788 1774.000000000000000000
0.015241251771041912 0.018260916208613458 1774.000000000000000000
0.015239451670492310 0.018239615793405869 1774.000000000000000000
0.015237935143605779 0.018200338542009611 1775.000000000000000000
0.015236195027259815 0.018179390955096610 1775.000000000000000000
0.015234790361935705 0.018143976284891988 1775.000000000000000000
0.015233087756352119 0.018114278804446864 1775.000000000000000000
0.015231834359736568 0.018078280651358764 1775.000000000000000000
0.015230102134787649 0.018052294386457019 1775.000000000000000000
0.015228500545226642 0.018031202440995434 1775.000000000000000000
0.015226870882846385 0.017994240313550701 1775.000000000000000000
0.015225269582460760 0.017976889494789657 1775.000000000000000000
0.015223793997380402 0.017931268400533128 1776.000000000000000000
0.015222100760833652 0.017910762753111285 1776.000000000000000000
0.015220634746110505 0.017877954617209316 1776.000000000000000000
0.015218803349165123 0.017857758783041126 1776.000000000000000000
0.015217319991972518 0.017830940683326628 1776.000000000000000000
0.015215590304831807 0.017805330283227536 1776.000000000000000000
0.015214199058334049 0.017769843157535478 1776.000000000000000000
0.015212440238232970 0.017741149586285036 1776.000000000000000000
0.015210962043346807 0.017717288724555490 1776.000000000000000000
0.015209171712664478 0.017689884731518977 1777.000000000000000000
0.015207588278850721 0.017670673066923718 1777.000000000000000000
0.015206055906493342 0.017639150816105061 1777.000000000000000000
0.015204619140932697 0.017602431027845582 1777.000000000000000000
0.015202967575416660 0.017576875324537732 1800.000000000000000000
0.015201381420444462 0.017552570991580734 1801.000000000000000000
0.015199838680864011 0.017518492482086409 1809.000000000000000000
0.015198181187931306 0.017491188941172658 1809.000000000000000000
0.015196600077636156 0.017469564128960204 1809.000000000000000000
0.015195081451147230 0.017433777569609780 1809.000000000000000000
0.015193582392620331 0.017400403813356228 1809.000000000000000000
0.015191912613651819 0.017386022691287872 1809.000000000000000000
0.015190476042761336 0.017346431355945189 1809.000000000000000000
0.015188856496500334 0.017320433557117536 1809.000000000000000000
0.015187367653487721 0.017297623934393446 1810.000000000000000000
0.015185701904479976 0.017265061153928434 1810.000000000000000000
0.015184198535656595 0.017239330103980054 1810.000000000000000000
0.015182609227448652 0.017210549794304815 1810.000000000000000000
0.015180957686155164 0.017185178244351385 1810.000000000000000000
0.015179267643271063 0.017162078585882652 1810.000000000000000000
0.015177806346464557 0.017140640919914844 1810.000000000000000000
0.015176289943255566 0.017100252277426564 1810.000000000000000000
0.015174523831133028 0.017084390956544317 1810.000000000000000000
0.015173119868619434 0.017063953516012167 1811.000000000000000000
0.015171320116427574 0.017032255235191581 1811.000000000000000000
0.015169808264105231 0.017008887537027218 1811.000000000000000000
0.015168095019808894 0.016989173840388443 1811.000000000000000000
0.015166764593762384 0.016948153467528235 1811.000000000000000000
0.015164993988237821 0.016926413349444298 1811.000000000000000000
0.015163430048992005 0.016914782004138710 1811.000000000000000000
0.015161843570477103 0.016876162355520620 1811.000000000000000000
0.015160104043084920 0.016861621302382269 1811.000000000000000000
0.015158583494412773 0.016842453457781119 1812.000000000000000000
0.015157035043812279 0.016803611819209047 1812.000000000000000000
0.015155496084966297 0.016781568804840150 1812.000000000000000000
0.015153862439082514 0.016757018012795419 1812.000000000000000000
0.015152407303167064 0.016735746816750562 1812.000000000000000000
0.015150646200563304 0.016705652338012498 1812.000000000000000000
0.015149042230317010 0.016695211315077514 1812.000000000000000000
0.015147560833969653 0.016657712551034331 1812.000000000000000000
0.015145912041234064 0.016636115954137502 1812.000000000000000000
0.015144289663536859 0.016618157221630285 1813.000000000000000000
0.015142561589031062 0.016597466682412930 1813.000000000000000000
0.015141049865393356 0.016568452499705965 1813.000000000000000000
0.015139320102833311 0.016551126668452924 1813.000000000000000000
0.015137833958505112 0.016530677760369525 1813.000000000000000000
0.015136235129246120 0.016493705145273176 1813.000000000000000000
0.015134547377925550 0.016485072334677085 1814.000000000000000000
0.015132856391497456 0.016463997181909596 1814.000000000000000000
0.015131288681607806 0.016436048179876452 1814.000000000000000000
0.015129617321069785 0.016419084786547272 1814.000000000000000000
0.015128056719356535 0.016391001689886719 1814.000000000000000000
0.015126509978992186 0.016363157634063215 1814.000000000000000000
0.015124787101983986 0.016346810877099917 1814.000000000000000000
0.015123089185146630 0.016335783741263977 1814.000000000000000000
0.015121584481669451 0.016310566889617992 1814.000000000000000000
0.015119998621957963 0.016286358275561547 1815.000000000000000000
0.015118444294657994 0.016257889469336824 1815.000000000000000000
0.015116926099161387 0.016234863398550108 1815.000000000000000000
0.015115091254525930 0.016215008525814992 1815.000000000000000000
0.015113516542789852 0.016196309556116662 1815.000000000000000000
0.015111863782709022 0.016181107802841738 1815.000000000000000000
0.015110194555262760 0.016161546493882319 1815.000000000000000000
0.015108692568228142 0.016127701374064499 1815.000000000000000000
0.015107039059166551 0.016111381704640070 1815.000000000000000000
0.015105291511744421 0.016093938198291545 1816.000000000000000000
0.015103663040065092 0.016066976222900153 1816.000000000000000000
0.015102053649501897 0.016052739889749212 1816.000000000000000000
0.015100410198720779 0.016025570062996434 1816.000000000000000000
0.015098871775750394 0.016008134868523271 1816.000000000000000000
0.015097116826840595 0.015993410546508231 1816.000000000000000000
0.015095415535297352 0.015974771458302145 1817.000000000000000000
0.015093803183862059 0.015950230772048411 1817.000000000000000000
0.015092088506418577 0.015934747382650466 1817.000000000000000000
0.015090569030067830 0.015909929772049983 1817.000000000000000000
0.015088938616087262 0.015883939043393334 1817.000000000000000000
0.015087334426095009 0.015872171308792652 1817.000000000000000000
0.015085668690679547 0.015855072814558571 1817.000000000000000000
0.015084077206266103 0.015833096237711699 1817.000000000000000000
0.015082333212831431 0.015816149849639145 1817.000000000000000000
0.015080812625394726 0.015782511652435750 1818.000000000000000000
0.015079150872562038 0.015776790377248360 1829.000000000000000000
0.015077429804130064 0.015751782657511353 1843.000000000000000000
0.015075703731299397 0.015735675079950211 1844.000000000000000000
0.015074121710716593 0.015713779933323822 1844.000000000000000000
0.015072346316287418 0.015705403764470910 1844.000000000000000000
0.015070878794194772 0.015673367610410910 1845.000000000000000000
0.015069110641267446 0.015659788643192955 1845.000000000000000000
0.015067409682506279 0.015650899844995961 1845.000000000000000000
0.015065796909335797 0.015619694462614055 1845.000000000000000000
0.015063988554538858 0.015613846389557694 1846.000000000000000000
0.015062607213397673 0.015574073997697153 1846.000000000000000000
0.015060703290529883 0.015566178819450802 1846.000000000000000000
0.015059210040317338 0.015552335800393011 1846.000000000000000000
0.015057359349263225 0.015529845693069600 1846.000000000000000000
0.015055751923377700 0.015524353724584293 1847.000000000000000000
0.015054255900409753 0.015495738505551287 1847.000000000000000000
0.015052541709697593 0.015472045686983401 1848.000000000000000000
0.015051046683015133 0.015452011218487105 1848.000000000000000000
0.015049157941378266 0.015436497991934393 1849.000000000000000000
0.015047567568880088 0.015420313825915095 1849.000000000000000000
0.015045773743302003 0.015408658726974209 1850.000000000000000000
0.015044183784175529 0.015393448849325512 1850.000000000000000000
0.015042523374702981 0.015362916698332230 1850.000000000000000000
0.015040847571081666 0.015357980711750960 1851.000000000000000000
0.015039129214291201 0.015335509892425967 1851.000000000000000000
0.015037365607081708 0.015320637821728569 1851.000000000000000000
0.015035823174088846 0.015301154192064159 1851.000000000000000000
0.015034044001632550 0.015278503407651562 1852.000000000000000000
0.015032550275698853 0.015266494395437211 1853.000000000000000000
0.015030720080029586 0.015244621588915590 1854.000000000000000000
0.015028974851523477 0.015237308308889023 1854.000000000000000000
0.015027359046191659 0.015218222668742102 1855.000000000000000000
0.015025599039361437 0.015203830746095753 1855.000000000000000000
0.015023986342901729 0.015181435616293515 1856.000000000000000000
0.015022364620951471 0.015162747709056668 1858.000000000000000000
0.015020677088640607 0.015143028184290589 1859.000000000000000000
0.015018981199698250 0.015136088586724415 1859.000000000000000000
0.015017399733997506 0.015110284367297616 1859.000000000000000000
0.015015584794568347 0.015095622732394254 1860.000000000000000000
0.015014174095207602 0.015077339031319692 1860.000000000000000000
0.015012169100751618 0.015063314402723764 1860.000000000000000000
0.015010567034575345 0.015056690445015971 1860.000000000000000000
0.015008868294976234 0.015031271705024329 1860.000000000000000000
0.015007014531238698 0.015024744104952610 1860.000000000000000000
0.015005661638302581 0.014988945984210423 1861.000000000000000000
0.015003667590092293 0.014985271867896156 1861.000000000000000000
0.015002136790219757 0.014971630673910840 1861.000000000000000000
0.015000324732222615 0.014953890775211547 1861.000000000000000000
0.014998592119251163 0.014947652383828537 1862.000000000000000000
0.014997055148203976 0.014912268304870861 1863.000000000000000000
0.014995272364576796 0.014908846640993432 1863.000000000000000000
0.014993591403427370 0.014888448965625455 1864.000000000000000000
0.014991790934721706 0.014875363239116191 1864.000000000000000000
0.014990096863705319 0.014864863808434154 1864.000000000000000000
0.014988340335701561 0.014844858860004740 1865.000000000000000000
0.014986850970972998 0.014834627298167849 1865.000000000000000000
0.014985165343672920 0.014808675968870633 1865.000000000000000000
0.014983488354395662 0.014796570963388517 1865.000000000000000000
0.014981665686312286 0.014785690890325437 1866.000000000000000000
0.014980018574812431 0.014766038429390931 1866.000000000000000000
0.014978338489806866 0.014745540273062739 1866.000000000000000000
0.014976668921899763 0.014735641244590873 1867.000000000000000000
0.014974893580395365 0.014716040066924820 1867.000000000000000000
0.014973102770486486 0.014713279401434650 1868.000000000000000000
0.014971514736609595 0.014694595990702516 1868.000000000000000000
0.014969553190567388 0.014681426200359270 1868.000000000000000000
0.014968204023013087 0.014664779515235791 1869.000000000000000000
0.014966246608862246 0.014644848699904369 1869.000000000000000000
0.014964546870800437 0.014639632165174778 1869.000000000000000000
0.014962893459698413 0.014616130771270048 1869.000000000000000000
0.014960942217423480 0.014611005023574567 1869.000000000000000000
0.014959624866638040 0.014586945877492055 1870.000000000000000000
0.014957672627597524 0.014575025051822335 1871.000000000000000000
0.014956155874354208 0.014577774131724449 1871.000000000000000000
0.014954451519322591 0.014553932684604727 1878.000000000000000000
0.014952760701893910 0.014556761216061640 1878.000000000000000000
0.014951172339270909 0.014537082929659495 1879.000000000000000000
0.014949809755919195 0.014522655947446216 1879.000000000000000000
0.014948032086826395 0.014510623615302273 1880.000000000000000000
0.014946541687299194 0.014501887420636187 1880.000000000000000000
0.014944683649658454 0.014489874896436224 1881.000000000000000000
0.014943166088638099 0.014485245495962662 1881.000000000000000000
0.014941613333453969 0.014469361681061726 1881.000000000000000000
0.014939851858135603 0.014464022988559089 1882.000000000000000000
0.014938381988157393 0.014448688315289804 1883.000000000000000000
0.014936485832073588 0.014443353576190927 1884.000000000000000000
0.014935003713122235 0.014424959999512014 1893.000000000000000000
0.014933316399521475 0.014422678023558363 1898.000000000000000000
0.014931644409076806 0.014410276097241980 1902.000000000000000000
0.014930192437125896 0.014391796602676988 1902.000000000000000000
0.014928273585560497 0.014389563352077823 1902.000000000000000000
0.014926812788590867 0.014386143223698385 1904.000000000000000000
0.014924992435954106 0.014368798488331998 1904.000000000000000000
0.014923584836721529 0.014364061408537273 1904.000000000000000000
0.014921915997100885 0.014337800155658918 1905.000000000000000000
0.014920369971891653 0.014337349506260325 1905.000000000000000000
0.014918674464060293 0.014318726155366699 1905.000000000000000000
0.014917036568079554 0.014316463686253222 1905.000000000000000000
0.014915577133424620 0.014293079421309149 1906.000000000000000000
0.014913898242653951 0.014287871431262129 1906.000000000000000000
0.014912473274618990 0.014278729954045024 1906.000000000000000000
0.014910659800196990 0.014261609117730480 1907.000000000000000000
0.014909245920051413 0.014249577912447060 1907.000000000000000000
0.014907405317508103 0.014240731962191708 1907.000000000000000000
0.014905800641273032 0.014235870316743801 1907.000000000000000000
0.014904357184404918 0.014212254280562647 1908.000000000000000000
0.014902449524326653 0.014207362568046254 1908.000000000000000000
0.014901197614346485 0.014190790611163198 1910.000000000000000000
0.014899345743839934 0.014181213159820480 1910.000000000000000000
0.014897696118390077 0.014183620708948654 1911.000000000000000000
0.014896287988840146 0.014160097695954655 1911.000000000000000000
0.014894429416036640 0.014155204228089914 1912.000000000000000000
0.014892888619609281 0.014144032278379702 1912.000000000000000000
0.014891253719777845 0.014129110691351520 1912.000000000000000000
0.014889667668000433 0.014117942082746891 1912.000000000000000000
0.014887926537422094 0.014115455738106557 1912.000000000000000000
0.014886521212460601 0.014095495181985319 1913.000000000000000000
0.014884802097770988 0.014080138382604083 1914.000000000000000000
0.014883292657176264 0.014077798536461525 1914.000000000000000000
0.014881543892930563 0.014059463960326212 1914.000000000000000000
0.014879987874130989 0.014058940154201132 1914.000000000000000000
0.014878600519931787 0.014026059773506162 1915.000000000000000000
0.014876608786034298 0.014028420427241818 1915.000000000000000000
0.014875264291276946 0.014012189539778810 1915.000000000000000000
0.014873248913333241 0.014007894919851330 1916.000000000000000000
0.014871835117592054 0.014002703325367053 1916.000000000000000000
0.014870192726242997 0.013989228367658034 1917.000000000000000000
0.014868652661141580 0.013977077648187173 1917.000000000000000000
0.014866981130352602 0.013961280247357530 1917.000000000000000000
0.014865221009192305 0.013956626493654143 1918.000000000000000000
0.014863628873407610 0.013938174968930401 1918.000000000000000000
0.014861854026722030 0.013943306035636606 1922.000000000000000000
0.014860601520889128 0.013905201389741582 1922.000000000000000000
0.014858738512743278 0.013910277788450073 1923.000000000000000000
0.014857119673231748 0.013898012606021005 1923.000000000000000000
0.014855415940621265 0.013887719874779136 1925.000000000000000000
0.014853867240679825 0.013880799677253378 1926.000000000000000000
0.014852396306935379 0.013855274500679823 1926.000000000000000000
0.014850848578516387 0.013855220435771339 1927.000000000000000000
0.014849003496759638 0.013837041146406489 1927.000000000000000000
0.014847458348227897 0.013832884051166016 1928.000000000000000000
0.014845672170262766 0.013817064958129045 1928.000000000000000000
0.014843974568868627 0.013819660490937776 1928.000000000000000000
0.014842709176589357 0.013790697685909341 1929.000000000000000000
0.014840747676205331 0.013787193360322744 1929.000000000000000000
0.014839460185574936 0.013775510964608877 1929.000000000000000000
0.014837575907248220 0.013769674043627347 1929.000000000000000000
0.014836204140285032 0.013767718214106410 1929.000000000000000000
0.014834665956659387 0.013751855754573527 1930.000000000000000000
0.014833204891768781 0.013744629386438431 1930.000000000000000000
0.014831701807715725 0.013729328272584424 1930.000000000000000000
0.014829982408202616 0.013727215685511400 1930.000000000000000000
0.014828537317470124 0.013715605749359682 1930.000000000000000000
0.014826896978181943 0.013709460586349706 1930.000000000000000000
0.014825510606199178 0.013693052106930023 1931.000000000000000000
0.014824089216632648 0.013682501211705370 1931.000000000000000000
0.014822495626037581 0.013672980602105698 1931.000000000000000000
0.014820951408394251 0.013662815724844171 1931.000000000000000000
0.014819421761610021 0.013655638151631882 1931.000000000000000000
0.014817879276960894 0.013647545243097151 1932.000000000000000000
0.014816481481830294 0.013640211300512337 1932.000000000000000000
0.014814708610510726 0.013630727047665768 1932.000000000000000000
0.014813316922639062 0.013622960244744794 1932.000000000000000000
0.014811745864966076 0.013606133895091369 1932.000000000000000000
0.014810139032973551 0.013605133696212596 1932.000000000000000000
0.014808697760097236 0.013588596524752991 1933.000000000000000000
0.014807042688422301 0.013582286607709356 1933.000000000000000000
0.014805570620131077 0.013573186202566373 1933.000000000000000000
0.014804085134318789 0.013557635593481231 1934.000000000000000000
0.014802476694780659 0.013548579111516022 1934.000000000000000000
0.014800848723669874 0.013555352267896597 1935.000000000000000000
0.014799534314140992 0.013539982116677450 1935.000000000000000000
0.014797759010068806 0.013532802795707562 1936.000000000000000000
0.014796538273917883 0.013514886891528596 1936.000000000000000000
0.014794796700440167 0.013505799177181870 1936.000000000000000000
0.014793308567733485 0.013502078997790604 1937.000000000000000000
0.014792013724339087 0.013478701896786786 1937.000000000000000000
0.014790359895741206 0.013479450686527597 1937.000000000000000000
0.014788814822244612 0.013463052356166723 1945.000000000000000000
0.014787383727188314 0.013460603913809474 1946.000000000000000000
0.014785645253819547 0.013445312453312531 1946.000000000000000000
0.014784089000839199 0.013450034493837689 1946.000000000000000000
0.014782800396586757 0.013429548486529396 1947.000000000000000000
0.014781089165269405 0.013420133055603949 1947.000000000000000000
0.014779666776900065 0.013414298470726801 1948.000000000000000000
0.014777922447241007 0.013402345469257308 1948.000000000000000000
0.014776557483844873 0.013394262657272662 1948.000000000000000000
0.014775000416306803 0.013382368363765062 1949.000000000000000000
0.014773655603896409 0.013377516200725933 1949.000000000000000000
0.014771853514333340 0.013364588286257030 1949.000000000000000000
0.014770289215735987 0.013362221761493914 1949.000000000000000000
0.014768980251375574 0.013346805592913416 1950.000000000000000000
0.014767317670209159 0.013339453148970816 1950.000000000000000000
0.014765951168651060 0.013324797639282421 1951.000000000000000000
0.014764128987147249 0.013324572090478664 1951.000000000000000000
0.014762743661555867 0.013313343318890338 1951.000000000000000000
0.014761265326947548 0.013299985574215037 1952.000000000000000000
0.014759853087288355 0.013288270824647988 1952.000000000000000000
0.014758424790410528 0.013279670708489802 1953.000000000000000000
0.014756638853417308 0.013270565275034464 1953.000000000000000000
0.014755312009416773 0.013255541814473672 1953.000000000000000000
0.014753734638822397 0.013252715830679208 1953.000000000000000000
0.014752313251055089 0.013239940682762272 1970.000000000000000000
0.014750569363402558 0.013233402435231092 1994.000000000000000000
0.014749060521409084 0.013231972959721392 1998.000000000000000000
0.014747762533168946 0.013209104465663367 2003.000000000000000000
0.014745923883243188 0.013213386108348090 2017.000000000000000000
0.014744646007166738 0.013196146712222641 2039.000000000000000000
0.014742997758801949 0.013191217901728062 2054.000000000000000000
0.014741568405959226 0.013176385342988251 2056.000000000000000000
0.014739870700606866 0.013176590587460017 2057.000000000000000000
0.014738545333659030 0.013163970284095544 2059.000000000000000000
0.014736841850648778 0.013154186175791947 2079.000000000000000000
0.014735589808771279 0.013139840102848013 2080.000000000000000000
0.014733774971069629 0.013133152424999031 2081.000000000000000000
0.014732253154969066 0.013137826362128001 2083.000000000000000000
0.014730914962409924 0.013109027531770271 2089.000000000000000000
0.014729251661922954 0.013115564378606439 2092.000000000000000000
0.014727754808193234 0.013094668119890783 2094.000000000000000000
0.014726224742824650 0.013091616124647222 2098.000000000000000000
0.014724880485048497 0.013079628137112199 2098.000000000000000000
0.014723260048506751 0.013075020353717761 2098.000000000000000000
0.014721899903634894 0.013053992928725151 2098.000000000000000000
0.014720346213184909 0.013051232829672564 2098.000000000000000000
0.014718609380464175 0.013049121017169225 2098.000000000000000000
0.014717258681431099 0.013035137465136137 2099.000000000000000000
0.014715679380762712 0.013024054587515408 2099.000000000000000000
0.014714256884341161 0.013013139979220828 2099.000000000000000000
0.014712641370978137 0.013007117707710888 2099.000000000000000000
0.014710970060220870 0.013005982962915075 2099.000000000000000000
0.014709678768500052 0.012988776361437283 2099.000000000000000000
0.014708170061075384 0.012977965023507027 2099.000000000000000000
0.014706584324475833 0.012971663221762134 2099.000000000000000000
0.014704848275704910 0.012976525779915675 2100.000000000000000000
0.014703519547288012 0.012949412916972684 2100.000000000000000000
0.014701950743130545 0.012951931977159561 2100.000000000000000000
0.014700498434915412 0.012934709075177369 2100.000000000000000000
0.014698819422916681 0.012934999697512635 2100.000000000000000000
0.014697396916605786 0.012927719069761786 2100.000000000000000000
0.014695679512340366 0.012921538858082594 2100.000000000000000000
0.014694512929185321 0.012906664428872040 2100.000000000000000000
0.014692735231020647 0.012900517412122415 2101.000000000000000000