Residual Convergence speed Computational time
0.12567346 0.22520372 1.00000000
0.12562190 0.21512789 1.00000000
0.12552835 0.19947496 1.00000000
0.12540383 0.18660781 1.00000000
0.12525820 0.18848714 2.00000000
0.12509766 0.21493536 2.00000000
0.12492286 0.26652486 2.00000000
0.12472745 0.33781457 2.00000000
0.12449722 0.42368057 3.00000000
0.12420946 0.52098166 3.00000000
0.12383235 0.62802808 3.00000000
0.12332438 0.74386020 3.00000000
0.12263355 0.86761182 4.00000000
0.12169684 0.99784795 4.00000000
0.12044064 1.13178656 4.00000000
0.11878357 1.26441755 6.00000000
0.11664364 1.38770480 6.00000000
0.11395182 1.49030018 6.00000000
0.11067213 1.55840998 6.00000000
0.10682489 1.57837047 6.00000000
0.10250387 1.54081217 7.00000000
0.09787582 1.44509264 7.00000000
0.09315576 1.30168735 7.00000000
0.08856543 1.13046888 7.00000000
0.08429455 0.95476563 8.00000000
0.08048046 0.79402852 8.00000000
0.07720208 0.65940387 8.00000000
0.07447113 0.55375263 8.00000000
0.07222125 0.47301886 9.00000000
0.07032262 0.40745556 9.00000000
0.06863910 0.34641643 9.00000000
0.06709477 0.28563083 9.00000000
0.06569372 0.22936066 10.00000000
0.06447854 0.18516653 10.00000000
0.06347215 0.15641645 10.00000000
0.06265657 0.13954583 10.00000000
0.06199470 0.12868133 11.00000000
0.06145696 0.12080636 11.00000000
0.06102375 0.11581569 11.00000000
0.06067232 0.11363655 11.00000000
0.06037025 0.11232872 12.00000000
0.06008280 0.10896599 12.00000000
0.05978528 0.10185599 12.00000000
0.05947072 0.09198256 12.00000000
0.05914928 0.08294477 13.00000000
0.05884091 0.07889194 13.00000000
0.05856488 0.08075340 13.00000000
0.05833202 0.08523863 13.00000000
0.05814353 0.08828556 14.00000000
0.05799528 0.08778955 14.00000000
0.05788187 0.08406686 14.00000000
0.05779669 0.07935900 14.00000000
0.05772979 0.07667368 15.00000000
0.05766775 0.07790000 15.00000000
0.05759707 0.08259382 15.00000000
0.05750860 0.08896145 16.00000000
0.05739963 0.09555370 16.00000000
0.05727247 0.10188756 16.00000000
0.05713111 0.10819622 16.00000000
0.05697851 0.11498164 17.00000000
0.05681615 0.12266536 17.00000000
0.05664498 0.13136132 17.00000000
0.05646611 0.14074637 17.00000000
0.05628050 0.15006609 18.00000000
0.05608813 0.15832047 18.00000000
0.05588800 0.16458265 18.00000000
0.05567911 0.16831654 18.00000000
0.05546183 0.16955644 19.00000000
0.05523847 0.16888009 19.00000000
0.05501279 0.16719800 19.00000000
0.05478892 0.16545638 19.00000000
0.05457041 0.16438218 19.00000000
0.05435998 0.16436384 20.00000000
0.05415969 0.16547312 20.00000000
0.05397104 0.16755592 20.00000000
0.05379492 0.17031734 20.00000000
0.05363141 0.17337955 21.00000000
0.05347974 0.17633201 21.00000000
0.05333852 0.17879202 21.00000000
0.05320607 0.18047060 21.00000000
0.05308080 0.18122311 21.00000000
0.05296133 0.18106717 22.00000000
0.05284657 0.18016383 22.00000000
0.05273565 0.17877191 22.00000000
0.05262779 0.17719258 22.00000000
0.05252231 0.17571984 23.00000000
0.05241862 0.17460612 23.00000000
0.05231619 0.17404524 23.00000000
0.05221459 0.17416986 23.00000000
0.05211345 0.17505910 24.00000000
0.05201239 0.17675221 24.00000000
0.05191103 0.17926477 24.00000000
0.05180893 0.18260462 24.00000000
0.05170560 0.18678492 25.00000000
0.05160051 0.19183236 25.00000000
0.05149309 0.19779028 25.00000000
0.05138277 0.20471745 25.00000000
0.05126892 0.21268483 25.00000000
0.05115087 0.22177252 26.00000000
0.05102788 0.23206851 26.00000000
0.05089911 0.24366961 26.00000000
0.05076360 0.25668399 26.00000000
0.05062026 0.27123420 27.00000000
0.05046780 0.28745956 27.00000000
0.05030474 0.30551691 27.00000000
0.05012932 0.32557885 27.00000000
0.04993947 0.34782843 28.00000000
0.04973275 0.37244860 28.00000000
0.04950630 0.39960410 28.00000000
0.04925677 0.42941302 28.00000000
0.04898032 0.46190505 28.00000000
0.04867269 0.49696462 29.00000000
0.04832925 0.53425977 29.00000000
0.04794530 0.57316237 29.00000000
0.04751646 0.61267255 29.00000000
0.04703926 0.65136804 30.00000000
0.04651197 0.68740541 30.00000000
0.04593544 0.71859974 30.00000000
0.04531392 0.74259896 30.00000000
0.04465555 0.75714489 31.00000000
0.04397215 0.76038112 31.00000000
0.04327831 0.75114125 31.00000000
0.04258975 0.72915488 31.00000000
0.04192128 0.69515033 31.00000000
0.04128488 0.65088329 32.00000000
0.04068816 0.59913152 32.00000000
0.04013345 0.54364614 32.00000000
0.03961756 0.48896745 32.00000000
0.03913245 0.43993892 33.00000000
0.03866677 0.40076336 33.00000000
0.03820841 0.37373326 33.00000000
0.03774736 0.35839819 33.00000000
0.03727813 0.35211539 34.00000000
0.03680050 0.35180199 34.00000000
0.03631840 0.35554248 34.00000000
0.03583715 0.36306544 34.00000000
0.03536041 0.37512645 35.00000000
0.03488794 0.39241407 35.00000000
0.03441494 0.41470833 35.00000000
0.03393307 0.44073423 35.00000000
0.03343239 0.46861005 35.00000000
0.03290368 0.49646322 36.00000000
0.03234049 0.52287622 36.00000000
0.03174030 0.54706411 36.00000000
0.03110467 0.56882850 36.00000000
0.03043805 0.58837002 37.00000000
0.02974563 0.60604311 37.00000000
0.02903109 0.62213925 37.00000000
0.02829477 0.63677940 37.00000000
0.02753327 0.64996388 38.00000000
0.02674033 0.66175116 38.00000000
0.02590868 0.67243313 38.00000000
0.02503200 0.68251268 38.00000000
0.02410627 0.69236131 38.00000000
0.02313025 0.70166514 39.00000000
0.02210536 0.70901013 39.00000000
0.02103553 0.71196654 39.00000000
0.01992730 0.70773588 39.00000000
0.01879008 0.69406800 40.00000000
0.01763617 0.67002821 40.00000000
0.01648021 0.63632417 40.00000000
0.01533785 0.59513170 40.00000000
0.01422423 0.54955038 41.00000000
0.01315254 0.50291347 41.00000000
0.01213326 0.45816658 41.00000000
0.01117416 0.41745086 41.00000000
0.01028063 0.38193348 41.00000000
0.00945620 0.35186048 42.00000000
0.00870278 0.32676966 42.00000000
0.00802066 0.30578515 42.00000000
0.00740833 0.28791555 42.00000000
0.00686239 0.27229105 43.00000000
0.00637766 0.25830170 43.00000000
0.00594762 0.24562936 43.00000000
0.00556498 0.23419221 43.00000000
0.00522248 0.22403677 43.00000000
0.00491355 0.21521690 44.00000000
0.00463273 0.20769609 44.00000000
0.00437583 0.20129807 44.00000000
0.00413980 0.19571445 44.00000000
0.00392245 0.19055835 45.00000000
0.00372205 0.18543940 45.00000000
0.00353718 0.18003326 45.00000000
0.00336655 0.17412759 45.00000000
0.00320894 0.16763883 46.00000000
0.00306325 0.16060370 46.00000000
0.00292851 0.15315376 46.00000000
0.00280385 0.14548216 46.00000000
0.00268849 0.13780947 47.00000000
0.00258175 0.13035356 47.00000000
0.00248296 0.12330635 47.00000000
0.00239151 0.11681834 47.00000000
0.00230679 0.11099089 47.00000000
0.00222822 0.10587547 48.00000000
0.00215525 0.10147827 48.00000000
0.00208736 0.09776875 48.00000000
0.00202407 0.09468999 48.00000000
0.00196495 0.09216916 49.00000000
0.00190961 0.09012674 49.00000000
0.00185773 0.08848347 49.00000000
0.00180899 0.08716504 49.00000000
0.00176313 0.08610466 50.00000000
0.00171991 0.08524395 50.00000000
0.00167913 0.08453292 50.00000000
0.00164060 0.08392930 50.00000000
0.00160413 0.08339771 50.00000000
0.00156958 0.08290877 51.00000000
0.00153678 0.08243840 51.00000000
0.00150562 0.08196717 51.00000000
0.00147595 0.08147978 51.00000000
0.00144767 0.08096463 52.00000000
0.00142066 0.08041344 52.00000000
0.00139484 0.07982086 52.00000000
0.00137012 0.07918415 52.00000000
0.00134641 0.07850279 53.00000000
0.00132365 0.07777815 53.00000000
0.00130177 0.07701311 53.00000000
0.00128071 0.07621171 53.00000000
0.00126042 0.07537885 53.00000000
0.00124087 0.07452001 54.00000000
0.00122199 0.07364093 54.00000000
0.00120376 0.07274742 54.00000000
0.00118614 0.07184520 54.00000000
0.00116910 0.07093967 55.00000000
0.00115261 0.07003589 55.00000000
0.00113663 0.06913845 55.00000000
0.00112115 0.06825142 55.00000000
0.00110614 0.06737834 56.00000000
0.00109158 0.06652220 56.00000000
0.00107744 0.06568546 56.00000000
0.00106371 0.06487008 56.00000000
0.00105036 0.06407753 56.00000000
0.00103738 0.06330883 57.00000000
0.00102475 0.06256461 57.00000000
0.00101246 0.06184513 57.00000000
0.00100049 0.06115034 57.00000000
0.00098883 0.06047992 58.00000000
0.00097746 0.05983331 58.00000000
0.00096637 0.05920975 58.00000000
0.00095555 0.05860835 58.00000000
0.00094499 0.05802808 59.00000000
0.00093468 0.05746784 59.00000000
0.00092461 0.05692647 59.00000000
0.00091478 0.05640276 59.00000000
0.00090516 0.05589554 59.00000000
0.00089575 0.05540361 60.00000000
0.00088656 0.05492582 60.00000000
0.00087756 0.05446109 60.00000000
0.00086875 0.05400835 60.00000000
0.00086012 0.05356664 61.00000000
0.00085168 0.05313504 61.00000000
0.00084340 0.05271273 61.00000000
0.00083530 0.05229895 61.00000000
0.00082735 0.05189302 62.00000000
0.00081956 0.05149434 62.00000000
0.00081193 0.05110237 62.00000000
0.00080444 0.05071665 62.00000000
0.00079709 0.05033677 62.00000000
0.00078988 0.04996239 63.00000000
0.00078280 0.04959322 63.00000000
0.00077585 0.04922900 63.00000000
0.00076903 0.04886953 63.00000000
0.00076233 0.04851463 64.00000000
0.00075575 0.04816418 64.00000000
0.00074928 0.04781804 64.00000000
0.00074293 0.04747613 64.00000000
0.00073668 0.04713836 65.00000000
0.00073055 0.04680469 65.00000000
0.00072451 0.04647504 65.00000000
0.00071858 0.04614939 65.00000000
0.00071274 0.04582768 65.00000000
0.00070700 0.04550990 66.00000000
0.00070136 0.04519600 66.00000000
0.00069580 0.04488595 66.00000000
0.00069034 0.04457972 66.00000000
0.00068496 0.04427729 67.00000000
0.00067966 0.04397861 67.00000000
0.00067445 0.04368365 67.00000000
0.00066931 0.04339238 67.00000000
0.00066426 0.04310475 68.00000000
0.00065928 0.04282072 68.00000000
0.00065438 0.04254026 68.00000000
0.00064955 0.04226330 68.00000000
0.00064479 0.04198981 68.00000000
0.00064010 0.04171974 69.00000000
0.00063548 0.04145304 69.00000000
0.00063093 0.04118965 69.00000000
0.00062644 0.04092953 69.00000000
0.00062201 0.04067262 70.00000000
0.00061765 0.04041887 70.00000000
0.00061335 0.04016822 70.00000000
0.00060911 0.03992063 70.00000000
0.00060493 0.03967604 70.00000000
0.00060080 0.03943440 71.00000000
0.00059673 0.03919566 71.00000000
0.00059272 0.03895977 71.00000000
0.00058876 0.03872669 71.00000000
0.00058485 0.03849635 72.00000000
0.00058099 0.03826873 72.00000000
0.00057719 0.03804376 72.00000000
0.00057343 0.03782141 72.00000000
0.00056972 0.03760164 73.00000000
0.00056606 0.03738439 73.00000000
0.00056245 0.03716964 74.00000000
0.00055888 0.03695733 81.00000000
0.00055536 0.03674744 87.00000000
0.00055189 0.03653992 94.00000000
0.00054845 0.03633473 96.00000000
0.00054506 0.03613185 103.00000000
0.00054171 0.03593122 109.00000000
0.00053840 0.03573283 115.00000000
0.00053513 0.03553664 117.00000000
0.00053190 0.03534261 117.00000000
0.00052871 0.03515071 117.00000000
0.00052556 0.03496091 118.00000000
0.00052244 0.03477318 118.00000000
0.00051936 0.03458749 118.00000000
0.00051632 0.03440380 118.00000000
0.00051331 0.03422210 119.00000000
0.00051034 0.03404234 119.00000000
0.00050740 0.03386451 119.00000000
0.00050450 0.03368856 119.00000000
0.00050163 0.03351449 120.00000000
0.00049879 0.03334225 120.00000000
0.00049598 0.03317182 120.00000000
0.00049320 0.03300317 120.00000000
0.00049046 0.03283628 121.00000000
0.00048774 0.03267112 121.00000000
0.00048506 0.03250766 121.00000000
0.00048240 0.03234588 121.00000000
0.00047978 0.03218576 122.00000000
0.00047718 0.03202727 122.00000000
0.00047461 0.03187038 122.00000000
0.00047206 0.03171507 122.00000000
0.00046955 0.03156131 123.00000000
0.00046706 0.03140909 123.00000000
0.00046459 0.03125838 123.00000000
0.00046216 0.03110916 123.00000000
0.00045974 0.03096140 123.00000000
0.00045736 0.03081508 124.00000000
0.00045499 0.03067019 124.00000000
0.00045265 0.03052669 124.00000000
0.00045034 0.03038457 124.00000000
0.00044805 0.03024381 125.00000000
0.00044578 0.03010439 125.00000000
0.00044353 0.02996628 125.00000000
0.00044131 0.02982948 125.00000000
0.00043911 0.02969395 126.00000000
0.00043693 0.02955968 126.00000000
0.00043477 0.02942665 126.00000000
0.00043264 0.02929485 126.00000000
0.00043052 0.02916426 127.00000000
0.00042843 0.02903485 127.00000000
0.00042635 0.02890662 127.00000000
0.00042429 0.02877954 127.00000000
0.00042226 0.02865360 128.00000000
0.00042024 0.02852878 128.00000000
0.00041825 0.02840507 128.00000000
0.00041627 0.02828246 128.00000000
0.00041431 0.02816092 129.00000000
0.00041237 0.02804044 129.00000000
0.00041044 0.02792101 129.00000000
0.00040854 0.02780262 129.00000000
0.00040665 0.02768524 129.00000000
0.00040478 0.02756887 130.00000000
0.00040292 0.02745350 130.00000000
0.00040108 0.02733910 130.00000000
0.00039926 0.02722567 130.00000000
0.00039746 0.02711320 131.00000000
0.00039567 0.02700167 131.00000000
0.00039390 0.02689107 131.00000000
0.00039214 0.02678139 131.00000000
0.00039040 0.02667261 132.00000000
0.00038868 0.02656473 132.00000000
0.00038696 0.02645774 132.00000000
0.00038527 0.02635161 132.00000000
0.00038359 0.02624635 132.00000000
0.00038192 0.02614195 133.00000000
0.00038027 0.02603838 133.00000000
0.00037863 0.02593565 133.00000000
0.00037701 0.02583373 133.00000000
0.00037540 0.02573263 134.00000000
0.00037380 0.02563233 134.00000000
0.00037222 0.02553282 134.00000000
0.00037065 0.02543409 134.00000000
0.00036909 0.02533613 135.00000000
0.00036755 0.02523894 135.00000000
0.00036601 0.02514251 135.00000000
0.00036450 0.02504682 135.00000000
0.00036299 0.02495187 136.00000000
0.00036150 0.02485765 136.00000000
0.00036001 0.02476414 136.00000000
0.00035854 0.02467135 136.00000000
0.00035709 0.02457927 136.00000000
0.00035564 0.02448788 137.00000000
0.00035421 0.02439718 137.00000000
0.00035278 0.02430716 137.00000000
0.00035137 0.02421781 137.00000000
0.00034997 0.02412912 138.00000000
0.00034858 0.02404110 138.00000000
0.00034720 0.02395372 138.00000000
0.00034584 0.02386699 139.00000000
0.00034448 0.02378089 139.00000000
0.00034313 0.02369542 139.00000000
0.00034180 0.02361058 139.00000000
0.00034047 0.02352635 140.00000000
0.00033915 0.02344273 140.00000000
0.00033785 0.02335970 140.00000000
0.00033655 0.02327728 140.00000000
0.00033527 0.02319544 141.00000000
0.00033399 0.02311419 141.00000000
0.00033272 0.02303351 141.00000000
0.00033147 0.02295340 141.00000000
0.00033022 0.02287386 142.00000000
0.00032898 0.02279487 142.00000000
0.00032775 0.02271644 142.00000000
0.00032653 0.02263855 142.00000000
0.00032532 0.02256120 142.00000000
0.00032412 0.02248439 143.00000000
0.00032292 0.02240811 143.00000000
0.00032174 0.02233235 143.00000000
0.00032056 0.02225711 143.00000000
0.00031940 0.02218238 144.00000000
0.00031824 0.02210816 144.00000000
0.00031708 0.02203444 144.00000000
0.00031594 0.02196122 144.00000000
0.00031481 0.02188849 145.00000000
0.00031368 0.02181625 145.00000000
0.00031256 0.02174449 145.00000000
0.00031145 0.02167321 145.00000000
0.00031035 0.02160240 145.00000000
0.00030925 0.02153206 146.00000000
0.00030817 0.02146218 146.00000000
0.00030709 0.02139276 146.00000000
0.00030601 0.02132380 146.00000000
0.00030495 0.02125528 147.00000000
0.00030389 0.02118721 147.00000000
0.00030284 0.02111958 147.00000000
0.00030180 0.02105239 147.00000000
0.00030076 0.02098563 148.00000000
0.00029973 0.02091930 148.00000000
0.00029871 0.02085339 148.00000000
0.00029769 0.02078790 148.00000000
0.00029669 0.02072283 148.00000000
0.00029568 0.02065817 149.00000000
0.00029469 0.02059391 149.00000000
0.00029370 0.02053006 149.00000000
0.00029272 0.02046662 149.00000000
0.00029174 0.02040356 150.00000000
0.00029077 0.02034090 150.00000000
0.00028981 0.02027863 150.00000000
0.00028886 0.02021675 150.00000000
0.00028791 0.02015524 151.00000000
0.00028696 0.02009411 151.00000000
0.00028602 0.02003336 151.00000000
0.00028509 0.01997298 151.00000000
0.00028417 0.01991297 152.00000000
0.00028325 0.01985332 152.00000000
0.00028233 0.01979403 152.00000000
0.00028142 0.01973510 152.00000000
0.00028052 0.01967653 152.00000000
0.00027963 0.01961831 153.00000000
0.00027873 0.01956043 153.00000000
0.00027785 0.01950290 153.00000000
0.00027697 0.01944571 153.00000000
0.00027610 0.01938886 154.00000000
0.00027523 0.01933234 154.00000000
0.00027436 0.01927616 154.00000000
0.00027351 0.01922031 154.00000000
0.00027265 0.01916479 155.00000000
0.00027180 0.01910958 155.00000000
0.00027096 0.01905470 155.00000000
0.00027013 0.01900014 155.00000000
0.00026929 0.01894590 155.00000000
0.00026847 0.01889196 156.00000000
0.00026764 0.01883834 156.00000000
0.00026683 0.01878502 156.00000000
0.00026602 0.01873201 156.00000000
0.00026521 0.01867930 157.00000000
0.00026441 0.01862689 157.00000000
0.00026361 0.01857478 157.00000000
0.00026282 0.01852296 157.00000000
0.00026203 0.01847144 158.00000000
0.00026124 0.01842020 158.00000000
0.00026047 0.01836925 158.00000000
0.00025969 0.01831858 158.00000000
0.00025892 0.01826820 158.00000000
0.00025816 0.01821810 159.00000000
0.00025740 0.01816827 159.00000000
0.00025664 0.01811872 159.00000000
0.00025589 0.01806944 159.00000000
0.00025514 0.01802043 160.00000000
0.00025440 0.01797169 160.00000000
0.00025366 0.01792322 160.00000000
0.00025293 0.01787501 160.00000000
0.00025219 0.01782706 161.00000000
0.00025147 0.01777938 161.00000000
0.00025075 0.01773195 161.00000000
0.00025003 0.01768477 161.00000000
0.00024931 0.01763785 161.00000000
0.00024860 0.01759118 162.00000000
0.00024790 0.01754476 162.00000000
0.00024720 0.01749858 162.00000000
0.00024650 0.01745265 162.00000000
0.00024580 0.01740697 163.00000000
0.00024511 0.01736152 163.00000000
0.00024443 0.01731632 163.00000000
0.00024375 0.01727135 164.00000000
0.00024307 0.01722662 164.00000000
0.00024239 0.01718212 164.00000000
0.00024172 0.01713786 164.00000000
0.00024105 0.01709382 164.00000000
0.00024039 0.01705001 165.00000000
0.00023973 0.01700643 165.00000000
0.00023907 0.01696307 165.00000000
0.00023842 0.01691994 165.00000000
0.00023777 0.01687703 166.00000000
0.00023712 0.01683434 166.00000000
0.00023648 0.01679186 166.00000000
0.00023584 0.01674960 166.00000000
0.00023520 0.01670756 167.00000000
0.00023457 0.01666573 167.00000000
0.00023394 0.01662411 167.00000000
0.00023332 0.01658270 167.00000000
0.00023269 0.01654150 167.00000000
0.00023207 0.01650050 168.00000000
0.00023146 0.01645971 168.00000000
0.00023085 0.01641912 168.00000000
0.00023024 0.01637874 168.00000000
0.00022963 0.01633855 169.00000000
0.00022903 0.01629857 169.00000000
0.00022843 0.01625878 169.00000000
0.00022783 0.01621919 169.00000000
0.00022724 0.01617979 169.00000000
0.00022664 0.01614058 170.00000000
0.00022606 0.01610157 170.00000000
0.00022547 0.01606275 170.00000000
0.00022489 0.01602411 170.00000000
0.00022431 0.01598566 171.00000000
0.00022374 0.01594740 171.00000000
0.00022316 0.01590933 171.00000000
0.00022259 0.01587143 171.00000000
0.00022203 0.01583372 172.00000000
0.00022146 0.01579619 172.00000000
0.00022090 0.01575884 172.00000000
0.00022034 0.01572167 172.00000000
0.00021978 0.01568467 172.00000000
0.00021923 0.01564785 173.00000000
0.00021868 0.01561120 173.00000000
0.00021813 0.01557473 173.00000000
0.00021759 0.01553843 177.00000000
0.00021705 0.01550230 177.00000000
0.00021651 0.01546634 177.00000000
0.00021597 0.01543054 177.00000000
0.00021544 0.01539492 178.00000000
0.00021490 0.01535946 179.00000000
0.00021438 0.01532416 179.00000000
0.00021385 0.01528903 180.00000000
0.00021332 0.01525406 180.00000000
0.00021280 0.01521925 180.00000000
0.00021228 0.01518460 180.00000000
0.00021177 0.01515011 181.00000000
0.00021125 0.01511578 181.00000000
0.00021074 0.01508160 181.00000000
0.00021023 0.01504758 181.00000000
0.00020973 0.01501372 181.00000000
0.00020922 0.01498001 182.00000000
0.00020872 0.01494645 182.00000000
0.00020822 0.01491304 182.00000000
0.00020772 0.01487979 182.00000000
0.00020723 0.01484668 183.00000000
0.00020674 0.01481372 183.00000000
0.00020625 0.01478091 183.00000000
0.00020576 0.01474825 184.00000000
0.00020527 0.01471573 184.00000000
0.00020479 0.01468335 184.00000000
0.00020431 0.01465112 184.00000000
0.00020383 0.01461903 185.00000000
0.00020336 0.01458709 185.00000000
0.00020288 0.01455528 185.00000000
0.00020241 0.01452362 185.00000000
0.00020194 0.01449209 186.00000000
0.00020147 0.01446070 186.00000000
0.00020101 0.01442945 186.00000000
0.00020054 0.01439833 186.00000000
0.00020008 0.01436735 187.00000000
0.00019962 0.01433650 187.00000000
0.00019916 0.01430579 187.00000000
0.00019871 0.01427521 187.00000000
0.00019826 0.01424476 188.00000000
0.00019781 0.01421444 188.00000000
0.00019736 0.01418425 188.00000000
0.00019691 0.01415419 188.00000000
0.00019646 0.01412426 189.00000000
0.00019602 0.01409446 189.00000000
0.00019558 0.01406478 189.00000000
0.00019514 0.01403523 190.00000000
0.00019470 0.01400581 190.00000000
0.00019427 0.01397651 191.00000000
0.00019384 0.01394733 192.00000000
0.00019340 0.01391828 192.00000000
0.00019298 0.01388934 195.00000000
0.00019255 0.01386053 197.00000000
0.00019212 0.01383184 199.00000000
0.00019170 0.01380327 199.00000000
0.00019128 0.01377482 205.00000000
0.00019086 0.01374648 206.00000000
0.00019044 0.01371826 206.00000000
0.00019002 0.01369016 206.00000000
0.00018961 0.01366218 207.00000000
0.00018919 0.01363431 207.00000000
0.00018878 0.01360655 207.00000000
0.00018837 0.01357891 207.00000000
0.00018797 0.01355139 209.00000000
0.00018756 0.01352397 209.00000000
0.00018716 0.01349667 209.00000000
0.00018675 0.01346947 210.00000000
0.00018635 0.01344239 210.00000000
0.00018595 0.01341542 210.00000000
0.00018556 0.01338855 210.00000000
0.00018516 0.01336180 211.00000000
0.00018477 0.01333515 211.00000000
0.00018437 0.01330861 211.00000000
0.00018398 0.01328218 211.00000000
0.00018359 0.01325585 212.00000000
0.00018321 0.01322963 212.00000000
0.00018282 0.01320351 212.00000000
0.00018244 0.01317749 212.00000000
0.00018205 0.01315158 213.00000000
0.00018167 0.01312577 213.00000000
0.00018129 0.01310006 213.00000000
0.00018092 0.01307446 213.00000000
0.00018054 0.01304895 213.00000000
0.00018017 0.01302355 214.00000000
0.00017979 0.01299824 214.00000000
0.00017942 0.01297304 214.00000000
0.00017905 0.01294793 214.00000000
0.00017868 0.01292292 215.00000000
0.00017831 0.01289801 215.00000000
0.00017795 0.01287319 215.00000000
0.00017758 0.01284847 215.00000000
0.00017722 0.01282385 216.00000000
0.00017686 0.01279932 216.00000000
0.00017650 0.01277488 216.00000000
0.00017614 0.01275054 216.00000000
0.00017579 0.01272630 217.00000000
0.00017543 0.01270214 217.00000000
0.00017508 0.01267808 217.00000000
0.00017472 0.01265411 217.00000000
0.00017437 0.01263023 217.00000000
0.00017402 0.01260644 218.00000000
0.00017367 0.01258275 218.00000000
0.00017333 0.01255914 218.00000000
0.00017298 0.01253562 218.00000000
0.00017264 0.01251219 219.00000000
0.00017229 0.01248884 219.00000000
0.00017195 0.01246559 219.00000000
0.00017161 0.01244242 219.00000000
0.00017127 0.01241934 219.00000000
0.00017094 0.01239635 220.00000000
0.00017060 0.01237344 220.00000000
0.00017026 0.01235062 220.00000000
0.00016993 0.01232788 220.00000000
0.00016960 0.01230522 221.00000000
0.00016927 0.01228265 221.00000000
0.00016894 0.01226016 221.00000000
0.00016861 0.01223776 221.00000000
0.00016828 0.01221544 222.00000000
0.00016796 0.01219320 222.00000000
0.00016763 0.01217104 222.00000000
0.00016731 0.01214896 222.00000000
0.00016698 0.01212696 222.00000000
0.00016666 0.01210505 223.00000000
0.00016634 0.01208321 223.00000000
0.00016603 0.01206145 223.00000000
0.00016571 0.01203977 223.00000000
0.00016539 0.01201817 224.00000000
0.00016508 0.01199665 224.00000000
0.00016476 0.01197521 224.00000000
0.00016445 0.01195384 224.00000000
0.00016414 0.01193255 225.00000000
0.00016383 0.01191133 225.00000000
0.00016352 0.01189019 225.00000000
0.00016321 0.01186913 225.00000000
0.00016290 0.01184814 225.00000000
0.00016260 0.01182723 226.00000000
0.00016229 0.01180639 226.00000000
0.00016199 0.01178563 227.00000000
0.00016169 0.01176493 228.00000000
0.00016139 0.01174432 228.00000000
0.00016109 0.01172377 228.00000000
0.00016079 0.01170330 228.00000000
0.00016049 0.01168290 229.00000000
0.00016019 0.01166257 229.00000000
0.00015990 0.01164231 229.00000000
0.00015960 0.01162212 229.00000000
0.00015931 0.01160200 230.00000000
0.00015902 0.01158196 230.00000000
0.00015872 0.01156198 230.00000000
0.00015843 0.01154207 230.00000000
0.00015814 0.01152223 231.00000000
0.00015786 0.01150246 231.00000000
0.00015757 0.01148276 231.00000000
0.00015728 0.01146312 231.00000000
0.00015700 0.01144356 232.00000000
0.00015671 0.01142406 232.00000000
0.00015643 0.01140462 232.00000000
0.00015615 0.01138526 232.00000000
0.00015587 0.01136596 232.00000000
0.00015559 0.01134672 233.00000000
0.00015531 0.01132755 233.00000000
0.00015503 0.01130845 233.00000000
0.00015475 0.01128941 233.00000000
0.00015448 0.01127044 234.00000000
0.00015420 0.01125153 234.00000000
0.00015393 0.01123268 234.00000000
0.00015365 0.01121390 235.00000000
0.00015338 0.01119518 235.00000000
0.00015311 0.01117652 235.00000000
0.00015284 0.01115793 235.00000000
0.00015257 0.01113940 236.00000000
0.00015230 0.01112093 236.00000000
0.00015203 0.01110252 236.00000000
0.00015177 0.01108417 236.00000000
0.00015150 0.01106589 236.00000000
0.00015124 0.01104766 237.00000000
0.00015097 0.01102950 237.00000000
0.00015071 0.01101139 237.00000000
0.00015045 0.01099335 238.00000000
0.00015019 0.01097536 239.00000000
0.00014993 0.01095744 239.00000000
0.00014967 0.01093957 239.00000000
0.00014941 0.01092176 240.00000000
0.00014915 0.01090401 240.00000000
0.00014889 0.01088632 240.00000000
0.00014864 0.01086868 240.00000000
0.00014838 0.01085111 240.00000000
0.00014813 0.01083359 241.00000000
0.00014788 0.01081613 241.00000000
0.00014762 0.01079872 241.00000000
0.00014737 0.01078137 241.00000000
0.00014712 0.01076408 242.00000000
0.00014687 0.01074684 242.00000000
0.00014662 0.01072966 242.00000000
0.00014637 0.01071253 242.00000000
0.00014613 0.01069546 242.00000000
0.00014588 0.01067844 243.00000000
0.00014563 0.01066148 243.00000000
0.00014539 0.01064457 243.00000000
0.00014514 0.01062771 243.00000000
0.00014490 0.01061091 244.00000000
0.00014466 0.01059416 244.00000000
0.00014442 0.01057747 244.00000000
0.00014418 0.01056083 244.00000000
0.00014394 0.01054424 246.00000000
0.00014370 0.01052770 246.00000000
0.00014346 0.01051122 246.00000000
0.00014322 0.01049479 247.00000000
0.00014298 0.01047840 247.00000000
0.00014275 0.01046208 247.00000000
0.00014251 0.01044580 247.00000000
0.00014228 0.01042957 247.00000000
0.00014204 0.01041339 248.00000000
0.00014181 0.01039727 248.00000000
0.00014158 0.01038119 248.00000000
0.00014135 0.01036517 248.00000000
0.00014112 0.01034919 249.00000000
0.00014089 0.01033326 250.00000000
0.00014066 0.01031739 250.00000000
0.00014043 0.01030156 251.00000000
0.00014020 0.01028578 251.00000000
0.00013997 0.01027005 251.00000000
0.00013975 0.01025437 251.00000000
0.00013952 0.01023873 252.00000000
0.00013930 0.01022315 252.00000000
0.00013907 0.01020761 252.00000000
0.00013885 0.01019212 252.00000000
0.00013863 0.01017668 252.00000000
0.00013840 0.01016128 253.00000000
0.00013818 0.01014593 253.00000000
0.00013796 0.01013063 253.00000000
0.00013774 0.01011537 253.00000000
0.00013752 0.01010016 254.00000000
0.00013730 0.01008500 254.00000000
0.00013709 0.01006988 254.00000000
0.00013687 0.01005480 254.00000000
0.00013665 0.01003978 254.00000000
0.00013644 0.01002479 255.00000000
0.00013622 0.01000986 255.00000000
0.00013601 0.00999496 255.00000000
0.00013579 0.00998012 255.00000000
0.00013558 0.00996531 256.00000000
0.00013537 0.00995055 256.00000000
0.00013515 0.00993584 256.00000000
0.00013494 0.00992117 256.00000000
0.00013473 0.00990654 256.00000000
0.00013452 0.00989195 257.00000000
0.00013431 0.00987741 257.00000000
0.00013410 0.00986291 257.00000000
0.00013390 0.00984846 257.00000000
0.00013369 0.00983404 258.00000000
0.00013348 0.00981967 258.00000000
0.00013328 0.00980534 258.00000000
0.00013307 0.00979106 258.00000000
0.00013287 0.00977681 259.00000000
0.00013266 0.00976261 259.00000000
0.00013246 0.00974845 259.00000000
0.00013225 0.00973433 259.00000000
0.00013205 0.00972025 259.00000000
0.00013185 0.00970621 260.00000000
0.00013165 0.00969222 260.00000000
0.00013145 0.00967826 262.00000000
0.00013125 0.00966434 263.00000000
0.00013105 0.00965047 263.00000000
0.00013085 0.00963663 263.00000000
0.00013065 0.00962283 263.00000000
0.00013046 0.00960908 264.00000000
0.00013026 0.00959536 264.00000000
0.00013006 0.00958168 264.00000000
0.00012987 0.00956805 264.00000000
0.00012967 0.00955445 265.00000000
0.00012948 0.00954089 265.00000000
0.00012928 0.00952736 265.00000000
0.00012909 0.00951388 265.00000000
0.00012890 0.00950044 265.00000000
0.00012870 0.00948703 266.00000000
0.00012851 0.00947366 266.00000000
0.00012832 0.00946033 266.00000000
0.00012813 0.00944704 266.00000000
0.00012794 0.00943378 267.00000000
0.00012775 0.00942057 267.00000000
0.00012756 0.00940738 267.00000000
0.00012737 0.00939424 267.00000000
0.00012719 0.00938113 267.00000000
0.00012700 0.00936806 268.00000000
0.00012681 0.00935503 268.00000000
0.00012663 0.00934203 268.00000000
0.00012644 0.00932907 268.00000000
0.00012625 0.00931615 269.00000000
0.00012607 0.00930326 269.00000000
0.00012589 0.00929041 269.00000000
0.00012570 0.00927759 269.00000000
0.00012552 0.00926481 269.00000000
0.00012534 0.00925207 270.00000000
0.00012515 0.00923936 270.00000000
0.00012497 0.00922668 270.00000000
0.00012479 0.00921404 270.00000000
0.00012461 0.00920143 271.00000000
0.00012443 0.00918886 271.00000000
0.00012425 0.00917633 271.00000000
0.00012407 0.00916382 271.00000000
0.00012390 0.00915136 273.00000000
0.00012372 0.00913892 273.00000000
0.00012354 0.00912652 273.00000000
0.00012336 0.00911416 273.00000000
0.00012319 0.00910183 274.00000000
0.00012301 0.00908953 274.00000000
0.00012284 0.00907726 274.00000000
0.00012266 0.00906503 274.00000000
0.00012249 0.00905283 275.00000000
0.00012231 0.00904066 275.00000000
0.00012214 0.00902853 275.00000000
0.00012197 0.00901643 275.00000000
0.00012179 0.00900436 275.00000000
0.00012162 0.00899233 276.00000000
0.00012145 0.00898033 276.00000000
0.00012128 0.00896836 276.00000000
0.00012111 0.00895642 276.00000000
0.00012094 0.00894451 277.00000000
0.00012077 0.00893264 277.00000000
0.00012060 0.00892079 277.00000000
0.00012043 0.00890898 277.00000000
0.00012026 0.00889720 278.00000000
0.00012010 0.00888545 278.00000000
0.00011993 0.00887374 279.00000000
0.00011976 0.00886205 279.00000000
0.00011960 0.00885039 279.00000000
0.00011943 0.00883877 279.00000000
0.00011927 0.00882718 279.00000000
0.00011910 0.00881561 280.00000000
0.00011894 0.00880408 283.00000000
0.00011877 0.00879258 290.00000000
0.00011861 0.00878110 296.00000000
0.00011845 0.00876966 301.00000000
0.00011828 0.00875825 307.00000000
0.00011812 0.00874687 314.00000000
0.00011796 0.00873551 320.00000000
0.00011780 0.00872419 327.00000000
0.00011764 0.00871290 333.00000000
0.00011748 0.00870163 340.00000000
0.00011732 0.00869040 346.00000000
0.00011716 0.00867919 353.00000000
0.00011700 0.00866802 361.00000000
0.00011684 0.00865687 368.00000000
0.00011668 0.00864575 373.00000000
0.00011652 0.00863466 379.00000000
0.00011637 0.00862360 386.00000000
0.00011621 0.00861256 392.00000000
0.00011605 0.00860156 399.00000000
0.00011590 0.00859058 405.00000000