0.201410963642680241 1.546325691765016330 135.000000000000000000
0.162993527771290836 1.088767507639929910 169.000000000000000000
0.127839738691726573 1.259976047083030126 170.000000000000000000
0.089103468163117136 1.477464705408146006 204.000000000000000000
0.073577698449339174 0.465252492539585949 204.000000000000000000
0.068830890051286675 0.320209016446270922 251.000000000000000000
0.066579466078181174 0.265167403947642488 252.000000000000000000
0.064843637453492892 0.218203909488240172 285.000000000000000000
0.063804276035025573 0.285647436222469520 316.000000000000000000
0.060996426772057723 0.217122327624301004 347.000000000000000000
0.060701046964026430 0.140334652833363716 378.000000000000000000
0.060616259620302933 0.145065320186252927 419.000000000000000000
0.060270146336333319 0.199372243196431903 472.000000000000000000
0.060247855104526557 0.199007885264033846 510.000000000000000000
0.060225634176411559 0.198643878513658279 547.000000000000000000
0.060203485673945019 0.198280635089382512 582.000000000000000000
0.060181290324588452 0.197917340005064918 639.000000000000000000
0.060160047297902065 0.197512091679215712 872.000000000000000000
0.060137870657916162 0.197149564603398580 909.000000000000000000
0.060115779351070951 0.196787814266675076 946.000000000000000000
0.060093628504698626 0.196426024436732405 983.000000000000000000
0.060071562931576727 0.196065018384649237 1019.000000000000000000
0.060049437988907023 0.195703978992386618 1055.000000000000000000
0.060027398259612688 0.195343730639546159 1098.000000000000000000
0.060005299331243163 0.194983455181095056 1146.000000000000000000
0.059983285556385865 0.194623978248640472 1184.000000000000000000
0.059961212753416052 0.194264480527401723 1225.000000000000000000
0.059939225044103553 0.193905789045949462 1261.000000000000000000
0.059917178478128275 0.193547083175511059 1297.000000000000000000
0.059895216945959923 0.193189191488051443 1404.000000000000000000
0.059873366891370128 0.192831291895072671 1442.000000000000000000
0.059851437669710364 0.192474339605610251 1479.000000000000000000
0.059829614046412169 0.192117260440828469 1518.000000000000000000
0.059807736112766796 0.191761135638036734 1554.000000000000000000
0.059786095233063705 0.191404015781807074 1590.000000000000000000
0.059764243742313011 0.191048732961560386 1633.000000000000000000
0.059742809197498858 0.190692462687385100 1673.000000000000000000
0.059720981999919258 0.190330346920058902 1711.000000000000000000
0.059699574283380900 0.189974959583604691 1748.000000000000000000
0.059677773782869030 0.189613770748157856 1784.000000000000000000
0.059656393008264356 0.189259282541536289 1820.000000000000000000
0.059634619317518206 0.188899037092852412 1865.000000000000000000
0.059613265598946301 0.188545464542927838 1904.000000000000000000
0.059591518831099498 0.188186179272640947 1942.000000000000000000
0.059570192283092703 0.187833539243695169 1980.000000000000000000
0.059548472551707046 0.187475231282802191 2017.000000000000000000
0.059527281220025832 0.187123540979138664 2054.000000000000000000
0.059505649046081494 0.186759606307379172 2098.000000000000000000
0.059484485093958844 0.186408866720103039 2136.000000000000000000
0.059462880141307295 0.186045900942746173 2175.000000000000000000
0.059441918068979430 0.185696129964298767 2211.000000000000000000
0.059420393774769986 0.185214120420773731 2248.000000000000000000
0.059399552341444194 0.184874893045238853 2284.000000000000000000
0.059378057100321513 0.184393443745205471 2345.000000000000000000
0.059357243656668057 0.184055036891186186 2385.000000000000000000
0.059335777593957868 0.183574173099994215 2422.000000000000000000
0.059314992261793847 0.183236608210224278 2459.000000000000000000
0.059293555503263602 0.182756355857678160 2496.000000000000000000
0.059272798404819596 0.182419654891897681 2534.000000000000000000
0.059251391076668922 0.181940040583663420 2577.000000000000000000
0.059230662334579839 0.181604226026149285 2617.000000000000000000
0.059209284563430539 0.181125277055280198 2654.000000000000000000
0.059188584300726141 0.180790371922416260 2691.000000000000000000
0.059167236213612473 0.180312116280996887 2727.000000000000000000
0.059146564553708016 0.179978144128864870 2764.000000000000000000
0.059125246278066569 0.179500610519759157 2808.000000000000000000
0.059104603344753141 0.179167595451759448 2849.000000000000000000
0.059083315008412775 0.178690813300473955 2887.000000000000000000
0.059062700925847471 0.178358779974964743 2923.000000000000000000
0.059041442657019008 0.177882779441605160 2960.000000000000000000
0.059020857549715276 0.177551753079551067 2997.000000000000000000
0.058999629476981043 0.177076565070880487 3045.000000000000000000
0.058979073469798513 0.176746571463510388 3130.000000000000000000
0.058957875722102066 0.176272227645090124 3183.000000000000000000
0.058937348940236611 0.175943293161550635 3225.000000000000000000
0.058916181646871818 0.175469825969966298 3275.000000000000000000
0.058895684215845373 0.175141977564971518 3344.000000000000000000
0.058874547506445891 0.174669420220132543 3382.000000000000000000
0.058854079552096074 0.174342685441594147 3422.000000000000000000
0.058832973556624368 0.173871071959098983 3462.000000000000000000
0.058812697123828694 0.173545478955732912 3505.000000000000000000
0.058791640412108936 0.173071283803880399 3542.000000000000000000
0.058771393718112630 0.172746860145382430 3584.000000000000000000
0.058750368019005378 0.172273670846775084 3621.000000000000000000
0.058730151190637347 0.171950446000512264 3659.000000000000000000
0.058709307612449288 0.171478299267061679 3698.000000000000000000
0.058689315022765226 0.171156304710559093 3751.000000000000000000
0.058668409460733817 0.170497131662309592 3805.000000000000000000
0.058648447081269636 0.170176197752423597 3842.000000000000000000
0.058627574707341291 0.169517730599338973 3878.000000000000000000
0.058607642669698534 0.169197894857112924 3915.000000000000000000
0.058586803628277812 0.168540190684531993 3955.000000000000000000
0.058566902064362422 0.168221491702692377 4013.000000000000000000
0.058546096500230280 0.167564609461595682 4053.000000000000000000
0.058526346691196732 0.167247086929230293 4089.000000000000000000
0.058505453686547207 0.166430775478969784 4126.000000000000000000
0.058485735324872570 0.166114800250752620 4171.000000000000000000
0.058464879571509226 0.165300494984854413 4209.000000000000000000
0.058445314790321348 0.164986120817391613 4281.000000000000000000
0.058424617036005128 0.163962835732907514 4318.000000000000000000
0.058405086501386837 0.163650410193115159 4358.000000000000000000
0.058384437251681395 0.162630381043562949 4399.000000000000000000
0.058364941113255381 0.162319976875892807 4438.000000000000000000
0.058344374916437000 0.161303367130295056 4480.000000000000000000
0.058325011958360248 0.160968415847536489 4518.000000000000000000
0.058304494905900422 0.159955455624703896 4555.000000000000000000
0.058285167127076397 0.159622860871812183 4592.000000000000000000
0.058264699406078632 0.158613730112731249 4635.000000000000000000
0.058245406956061951 0.158283577232822936 4674.000000000000000000
0.058224988753605489 0.157278462344465769 4711.000000000000000000
0.058205731781969042 0.156950839413213888 4749.000000000000000000
0.058185363285081018 0.155949933473251451 4792.000000000000000000
0.058166141941395209 0.155624931368849806 4830.000000000000000000
0.058145823337022569 0.154628434333413750 4918.000000000000000000
0.058126637770834606 0.154306146806484745 4955.000000000000000000
0.058106369245815616 0.153314265720563031 4993.000000000000000000
0.058087219606628590 0.152994789463748615 5030.000000000000000000
0.058067001347664383 0.152007738673710535 5076.000000000000000000
0.058602478585560419 0.134737649825456163 5113.000000000000000000
0.058581339036045947 0.134441747700393355 5160.000000000000000000
0.058560214707990950 0.134147174549433784 5200.000000000000000000
0.058539105634654275 0.133853942942010751 5237.000000000000000000
0.058518011849323211 0.133562065525080043 5274.000000000000000000
0.058496933385312776 0.133271555022434152 5312.000000000000000000
0.058475870275965111 0.132982424233987123 5348.000000000000000000
0.058454822554648657 0.132694686035019965 5392.000000000000000000
0.058433790254757471 0.132408353375396470 5432.000000000000000000
0.058412773409710544 0.132123439278740901 5471.000000000000000000
0.058391772052951096 0.131839956841579342 5508.000000000000000000
0.058370786217945780 0.131557919232447418 5545.000000000000000000
0.058349815938183974 0.131277339690957923 5582.000000000000000000
0.058328861247177149 0.130998231526832709 5623.000000000000000000
0.058307922178458024 0.130720608118898185 5662.000000000000000000
0.058286998765579773 0.130444482914037485 5700.000000000000000000
0.058266091042115525 0.130169869426107615 5737.000000000000000000
0.058245199041657369 0.129896781234814601 5774.000000000000000000
0.058224322797815767 0.129625231984550532 5811.000000000000000000
0.058203462344218679 0.129355235383188522 5852.000000000000000000
0.058182617714510929 0.129086805200836013 5892.000000000000000000
0.058161788942353410 0.128819955268548225 5929.000000000000000000
0.058140976061422281 0.128554699476996298 5966.000000000000000000
0.058120179105408169 0.128291051775097698 6003.000000000000000000
0.058099398108015635 0.128029026168599569 6040.000000000000000000
0.058078633102962067 0.127768636718619516 6082.000000000000000000
0.058057884123977173 0.127509897540142775 6122.000000000000000000
0.058037295513538506 0.127252822800476839 6159.000000000000000000
0.058016669073609063 0.126875605800560981 6196.000000000000000000
0.057996113226034263 0.126622018046043006 6250.000000000000000000
0.057975521223699575 0.126248661889201225 6295.000000000000000000
0.057954998279236225 0.125998636433523992 6335.000000000000000000
0.057934440860604119 0.125629239158752681 6373.000000000000000000
0.057913950959558133 0.125382852243636544 6410.000000000000000000
0.057893428270786008 0.125017513316958651 6447.000000000000000000
0.057873096905152348 0.124774842082760531 6484.000000000000000000
0.057853002914859605 0.124409577037079264 6527.000000000000000000
0.057832704759408160 0.124170724520243414 6567.000000000000000000
0.057812654388232340 0.123809803939852262 6604.000000000000000000
0.057792550614570178 0.123567803433615439 6641.000000000000000000
0.057772535064768829 0.123211334618489723 6678.000000000000000000
0.057752596122754934 0.122973320964172309 6714.000000000000000000
0.057732495277774826 0.122559484839800295 6756.000000000000000000
0.057712589834344304 0.122325567860603848 6796.000000000000000000
0.057692524494991723 0.121916792965239273 6835.000000000000000000
0.057672806657904925 0.121687066825575826 6872.000000000000000000
0.057653077072114568 0.121284043152166593 6911.000000000000000000
0.057633195534255804 0.121080016801333512 6948.000000000000000000
0.057613537073326344 0.120681762699210396 6992.000000000000000000
0.057594314493215323 0.120176389214789681 7033.000000000000000000
0.057574849524639225 0.119806974904405061 7071.000000000000000000
0.057555772066788580 0.119303454216710680 7108.000000000000000000
0.057536499568422717 0.118940653203782373 7146.000000000000000000
0.057517480834771692 0.118440620323034387 7182.000000000000000000
0.057498245437441246 0.118084667265443033 7234.000000000000000000
0.057479264773720354 0.117593269820023161 7282.000000000000000000
0.057460066621784593 0.117244388451148540 7351.000000000000000000
0.057441124158280385 0.116761900665673699 7388.000000000000000000
0.057421963395983058 0.116420318690019550 7425.000000000000000000
0.057403059262810099 0.115947019624879369 7467.000000000000000000
0.057384077202686248 0.115612968541485200 7506.000000000000000000
0.057365250360763148 0.115149141375673489 7544.000000000000000000
0.057346305978406335 0.114822856281178609 7581.000000000000000000
0.057327517726643434 0.114368789556109310 7618.000000000000000000
0.057308611165853576 0.114050508904390294 7656.000000000000000000
0.057289861633751125 0.113606494711634934 7708.000000000000000000
0.057271017991795931 0.113296460061674334 7750.000000000000000000
0.057252471947128181 0.112865356240672857 7788.000000000000000000
0.057233666379572050 0.112563791508175998 7824.000000000000000000
0.057215159214829558 0.112143259998300007 7862.000000000000000000
0.057196391865348611 0.111850410470528600 7898.000000000000000000
0.057177923709952692 0.111440749628252095 7943.000000000000000000
0.057159194721985607 0.111156862697758416 7983.000000000000000000
0.057140765705059909 0.110758373325712797 8021.000000000000000000
0.057122075221791413 0.110483698114245688 8060.000000000000000000
0.057103685472145192 0.110096682989709732 8097.000000000000000000
0.057085033636489632 0.109831469940888271 8133.000000000000000000
0.057066683282601630 0.109456233305705974 8176.000000000000000000
0.057048070237185979 0.109200733746415368 8217.000000000000000000
0.057029759407187464 0.108837580758381638 8255.000000000000000000
0.057011197901816212 0.108592046429128536 8292.000000000000000000
0.056992997095537859 0.107986909618483007 8330.000000000000000000
0.056974476078244102 0.107753286266565967 8367.000000000000000000
0.056956321243379709 0.107167569851742181 8410.000000000000000000
0.056937840868515791 0.106946240009279311 8450.000000000000000000
0.056919732159286175 0.106380606448908371 8489.000000000000000000
0.056901292580966094 0.106171953635393293 8527.000000000000000000
0.056883230151384051 0.105627069229767931 8565.000000000000000000
0.056864831523466913 0.105431476790187953 8603.000000000000000000
0.056846815527321043 0.104908009749173928 8653.000000000000000000
0.056828458003394811 0.104725859603207766 8694.000000000000000000
0.056810488594233252 0.104224477952198427 8731.000000000000000000
0.056792172327598089 0.104056149258677094 8768.000000000000000000
0.056774249658712618 0.103577518588683221 8804.000000000000000000
0.056755974802364551 0.103423386331249714 8841.000000000000000000
0.056738099026774097 0.102968167402279209 8880.000000000000000000
0.056719865733388559 0.102828600904044290 8925.000000000000000000
0.056702037003823327 0.102397447114187176 8964.000000000000000000
0.056683845425738594 0.102272808491099029 9001.000000000000000000
0.056666063894623454 0.101866363227126583 9038.000000000000000000
0.056647914183824401 0.101757005791719701 9076.000000000000000000
0.056630180003263073 0.101375899680461817 9120.000000000000000000
0.056612072311364392 0.101282166309563965 9161.000000000000000000
0.056594545283446318 0.100927014392744513 9198.000000000000000000
0.056576541471031291 0.100854198252614130 9235.000000000000000000
0.056559172976088708 0.100525471554130497 9271.000000000000000000
0.056541211169209321 0.100468672680837229 9309.000000000000000000
0.056523890307883871 0.100166948803091654 9351.000000000000000000
0.056506102107538300 0.100126458296568854 9391.000000000000000000
0.056488677557393882 0.099912531531856294 9429.000000000000000000
0.056470929678608395 0.099886995611387003 9467.000000000000000000
0.056453547069616125 0.099694487749004121 9503.000000000000000000
0.056435839644364764 0.099684102093406821 9541.000000000000000000
0.056418588892653797 0.099513313568816986 9589.000000000000000000
0.056400820216302473 0.099387320982427835 9629.000000000000000000
0.056383613659635200 0.099241932519416237 9668.000000000000000000
0.056365890892840088 0.099140664218480112 9704.000000000000000000
0.056348728650909383 0.099021075520124291 9741.000000000000000000
0.056331051943179569 0.098944911541439681 9778.000000000000000000
0.056313934135288138 0.098851488523004086 9821.000000000000000000
0.056296303635738482 0.098800774969788438 9870.000000000000000000
0.056279230380786534 0.098733847515976983 9907.000000000000000000
0.056261646238123783 0.098708894481287640 9944.000000000000000000
0.056244617654596214 0.098668754435933689 9982.000000000000000000
0.056227080017104684 0.098669834168518974 10019.000000000000000000
0.056210096223058836 0.098656733590107876 10065.000000000000000000
0.056192605238586102 0.098684078933306357 10107.000000000000000000
0.056175666351639092 0.098698228645803660 10144.000000000000000000
0.056158222167582240 0.098752031775851262 10182.000000000000000000
0.056141328304898666 0.098793600239486912 10219.000000000000000000
0.056123931068190108 0.098874011724507882 10256.000000000000000000
0.056107082346469640 0.098943124245568503 10299.000000000000000000
0.056089732203563003 0.099050252440765027 10352.000000000000000000

