0.250917567993234614 2.611316599508011649 2743.000000000000000000
0.217014165776644286 4.973856077767006667 4733.000000000000000000
0.144830049377029563 1.280065132535788130 6838.000000000000000000
0.122395178474666938 2.161985378755235221 7118.000000000000000000
0.081841276538412833 1.664189241895541960 7416.000000000000000000
0.075138381609581056 0.393339357543311174 7900.000000000000000000
0.073186762316613335 0.269266012948510880 8187.000000000000000000
0.068153146658590527 0.155218971870082656 8452.000000000000000000
0.066374290519677040 0.515881617969867423 8910.000000000000000000
0.065880865771378430 0.315320507026649599 9569.000000000000000000
0.065107632686059430 0.228975204929904419 9764.000000000000000000
0.064944752949148518 0.170117201018305381 9914.000000000000000000
0.064921659912598406 0.169993297593477394 10355.000000000000000000
0.064898590627997244 0.169878455003472206 10874.000000000000000000
0.064875545104297522 0.169772713355120008 11178.000000000000000000
0.064852523350222430 0.169676110727060431 11388.000000000000000000
0.064829525374265340 0.169588683139870411 11792.000000000000000000
0.064806551184689601 0.169510464527730026 11921.000000000000000000
0.064783600789527884 0.169441486711708361 12172.000000000000000000
0.064760674196581963 0.169381779374699698 12340.000000000000000000
0.064737771413422338 0.169331370038072276 12534.000000000000000000
0.064714892447387845 0.169290284040072930 13156.000000000000000000
0.064692037305585329 0.169258544516021486 13641.000000000000000000
0.064669205994889262 0.169236172380350103 14124.000000000000000000
0.064646398521941387 0.169223186310500123 14342.000000000000000000
0.064623614893150633 0.169219602732737145 14483.000000000000000000
0.064600855114692476 0.169225435809871427 14671.000000000000000000
0.064578119192508859 0.169240697430962511 14889.000000000000000000
0.064555407132307868 0.169265397202955803 15025.000000000000000000
0.064532718939563527 0.169299542444349721 15153.000000000000000000
0.064510054619515339 0.169343138180828662 15383.000000000000000000
0.064487414177168301 0.169396187142913102 15598.000000000000000000
0.064464797617292444 0.169458689765621173 15866.000000000000000000
0.064655086818199925 0.148918781076783607 16073.000000000000000000
0.064584582315240072 0.137368371852101517 16297.000000000000000000
0.064159025008145465 0.087853681097490685 16435.000000000000000000
0.064136136006808037 0.088582265404087202 16626.000000000000000000
0.064113262861917084 0.089315390935824260 16951.000000000000000000
0.064090405611084172 0.090052994527446778 17083.000000000000000000
0.064067564291990647 0.090795014594835341 17532.000000000000000000
0.064044738942387117 0.091541391098978048 17663.000000000000000000
0.064021929600092661 0.092292065510121035 17813.000000000000000000
0.063999136302994239 0.093046980772167789 17949.000000000000000000
0.063976359089046114 0.093806081267367142 18256.000000000000000000
0.063953597996269054 0.094569312781352152 18520.000000000000000000
0.063930853062749676 0.095336622468559298 18907.000000000000000000
0.063908124326639920 0.096107958818072131 19431.000000000000000000
0.063885411826156147 0.096883271619920483 20019.000000000000000000
0.063862715599578582 0.097662511931867535 20444.000000000000000000
0.063840035685250485 0.098445632046698303 20961.000000000000000000