0.1694829458271972 0.6951366684239143 1.0000000000000000
0.1088653325093486 2.4087785406099651 273.0000000000000000
0.0994700656531978 1.9371764227201858 501.0000000000000000
0.0921623704133336 1.8500385446074188 722.0000000000000000
0.0906553701675248 0.1238262989469619 973.0000000000000000
0.0905353699355379 0.1249267134834694 1189.0000000000000000
0.0904156779693188 0.1260444373723517 1421.0000000000000000
0.0902962938931224 0.1271794060207690 1660.0000000000000000
0.0901772173321672 0.1283315536313950 1958.0000000000000000
0.0900584479126276 0.1295008133395256 2193.0000000000000000
0.0899399852616260 0.1306871173441730 2494.0000000000000000
0.0898218290072247 0.1318903970331167 2751.0000000000000000
0.0897039787784182 0.1331105831019345 2944.0000000000000000
0.0895864342051254 0.1343476056670490 3210.0000000000000000
0.0894691949181816 0.1356013943728526 3589.0000000000000000
0.0893522605493310 0.1368718784929900 3876.0000000000000000
0.0892356307312185 0.1381589870258940 4117.0000000000000000
0.0891193050973823 0.1394626487846887 4378.0000000000000000
0.0890032832822460 0.1407827924815834 4672.0000000000000000
0.0888875649211108 0.1421193468069011 4977.0000000000000000
0.0887721496501477 0.1434722405028790 5439.0000000000000000
0.0886570371063904 0.1448414024324034 5706.0000000000000000
0.0885422269277266 0.1462267616428435 5912.0000000000000000
0.0884277187528913 0.1476282474251454 6154.0000000000000000
0.0883135122214586 0.1490457893683583 6413.0000000000000000
0.0881996069738344 0.1504793174097730 6845.0000000000000000
0.0880860026512486 0.1519287618808446 7252.0000000000000000
0.0879726988957477 0.1533940535490792 7519.0000000000000000
0.0878596953501871 0.1548751236560565 7779.0000000000000000
0.0877469916582238 0.1563719039517687 7962.0000000000000000
0.0876345874643086 0.1578843267254523 8178.0000000000000000
0.0875224824136789 0.1594123248330757 8428.0000000000000000
0.0874106761523512 0.1609558317216628 8656.0000000000000000
0.0872991683271137 0.1625147814506114 8908.0000000000000000
0.0871879585855188 0.1640891087101675 9135.0000000000000000
0.0870770465758759 0.1656787488372253 9335.0000000000000000
0.0869664319472439 0.1672836378285901 9561.0000000000000000
0.0868561143494242 0.1689037123518654 9791.0000000000000000
0.0867460934329529 0.1705389097541035 10078.0000000000000000
0.0866363688490943 0.1721891680683612 10290.0000000000000000
0.0865269402498331 0.1738544260182978 10538.0000000000000000
0.0864178072878672 0.1755346230209333 10724.0000000000000000
0.0863089696166010 0.1772296991877104 10988.0000000000000000
0.0862004268901381 0.1789395953239591 11205.0000000000000000
0.0860921787632739 0.1806642529268934 11426.0000000000000000
0.0859842248914891 0.1824036141822432 11818.0000000000000000
0.0858765649309421 0.1841576219596209 12040.0000000000000000
0.0857691985384625 0.1859262198067333 12291.0000000000000000
0.0856621253715439 0.1877093519425236 12489.0000000000000000
0.0855553450883372 0.1895069632493339 12729.0000000000000000
