0.197622628377126797 1.227086120737264752 47.000000000000000000
0.112339625606878823 1.378139238258381694 84.000000000000000000
0.081968016759461554 3.905141602686146296 353.000000000000000000
0.032340898880162679 0.430814808091874002 600.000000000000000000
0.030263226052599415 0.225437095452089675 723.000000000000000000
0.028203127943422265 0.137173301548944943 764.000000000000000000
0.025904337258339044 0.069177019126050440 813.000000000000000000
0.021838027917555420 0.446724241136999656 852.000000000000000000
0.018878065443915869 0.125026382727493779 932.000000000000000000
0.014532986756846323 0.274726195457918099 975.000000000000000000
0.014053473778049462 0.289745187584048269 1039.000000000000000000
0.011875822968997203 0.329815112409482691 1109.000000000000000000
0.010776587236678778 0.828193788453645108 1150.000000000000000000
0.009103604168261061 0.061945268246996754 1192.000000000000000000
0.008721360923635140 0.038847701620770267 1233.000000000000000000
0.008393276568742891 0.021755636082503478 1322.000000000000000000
0.008274685074220012 0.015380299415926061 1379.000000000000000000
0.008228017841951474 0.007114144280129569 1433.000000000000000000
0.008210547746007185 0.005173027398632767 1469.000000000000000000
0.008203536763389193 0.002699210499160518 1530.000000000000000000
0.008199896024614262 0.001348166139728288 1587.000000000000000000
0.008198248147426378 0.000646314203425757 1629.000000000000000000
0.008197452823362298 0.000301513469805398 1671.000000000000000000
0.008197074491446570 0.000137675024502119 1721.000000000000000000
0.008196892079537971 0.000062333516371283 1780.000000000000000000
0.008196804082129786 0.000028143978430747 1830.000000000000000000
0.008196761469244043 0.000012858911977359 1874.000000000000000000
0.008196740809875874 0.000005929317952133 1949.000000000000000000

