0.269676320554535165 2.461466689935158936 1.000000000000000000
0.192805301835515863 1.226178730954221807 38.000000000000000000
0.163930920559101523 2.187758358305687434 85.000000000000000000
0.133047091111795718 2.228646592656877257 119.000000000000000000
0.109446535500315190 0.738151456396225147 155.000000000000000000
0.102258860751080149 0.651873648108536541 206.000000000000000000
0.101374974822302844 0.491947797841223999 283.000000000000000000
0.100455864999654892 0.306364009634474244 330.000000000000000000
0.099910751717757443 0.246785107114678687 364.000000000000000000
0.099016407387519406 0.241308475748525875 398.000000000000000000
0.098626800904886888 0.247114509822230127 432.000000000000000000
0.097969275468852840 0.256188268093268556 467.000000000000000000
0.097722820024270018 0.258384305569460848 502.000000000000000000
0.094243807719280231 0.156191573876819506 549.000000000000000000
0.094031837886407330 0.155689472049666461 596.000000000000000000
0.093820605011445152 0.155195093470122336 637.000000000000000000
0.093610107493774936 0.154708945337396903 680.000000000000000000
0.093400343739434344 0.154231548312399491 720.000000000000000000
0.093191312161117049 0.153763436551177413 766.000000000000000000
0.092983011178172370 0.153305157710316303 813.000000000000000000
0.092775439216604513 0.152857272922027360 854.000000000000000000
0.092568594709072333 0.152420356736589158 894.000000000000000000
0.092362476094888207 0.151994997029791107 934.000000000000000000
0.092157081820017653 0.151581794873001857 981.000000000000000000
0.091952410337078253 0.151181364363495385 1024.000000000000000000
0.091748460105338769 0.150794332412683002 1062.000000000000000000
0.091545229590718175 0.150421338489955203 1100.000000000000000000
0.091342717265784371 0.150063034319898342 1138.000000000000000000
0.091140921609753039 0.149720083530757414 1177.000000000000000000
0.090939841108486311 0.149393161252141721 1227.000000000000000000
0.090739474254491054 0.149082953660127610 1265.000000000000000000
0.090539819546917574 0.148790157468111639 1303.000000000000000000
0.090340875491557587 0.148515479361990776 1341.000000000000000000
0.090142640600842525 0.148259635378513416 1379.000000000000000000
0.089945113393841439 0.148023350225945094 1432.000000000000000000
0.094896465092383225 0.135509449510494151 1476.000000000000000000
0.094681450713381951 0.135798450172484764 1513.000000000000000000
0.094467185661420983 0.136104775841399295 1550.000000000000000000
0.094253668278696814 0.136428776852971778 1586.000000000000000000
0.094040896913949290 0.136770802762561816 1623.000000000000000000
0.093828869922462546 0.137131202016682358 1673.000000000000000000
0.093617585666065067 0.137510321623680237 1711.000000000000000000
0.093407042513130131 0.137908506824607174 1749.000000000000000000
0.093197238838575988 0.138326100765327226 1824.000000000000000000
0.092988173023866250 0.138763444170932115 1863.000000000000000000
0.092779843457009833 0.139220875023539803 1916.000000000000000000
0.092572248532561199 0.139698728244567333 1953.000000000000000000
0.092365386651620307 0.140197335382548638 1990.000000000000000000
0.092159256221832492 0.140717024307568522 2030.000000000000000000
0.091953855657388478 0.141258118913367398 2070.000000000000000000
