0.171231500528079117 1.443280080817365585 1.000000000000000000
0.116288805908226933 3.791785249212805020 1.000000000000000000
0.081535566304836049 0.790158308145537669 2.000000000000000000
0.071839788592803183 0.757148059880066726 15.000000000000000000
0.059790192779707256 0.351483702881298543 45.000000000000000000
0.056563243325430390 0.232394201492042846 77.000000000000000000
0.054917001304550885 0.190259892180443646 109.000000000000000000
0.053952822004624618 0.208666100825537049 141.000000000000000000
0.053758105883910438 0.197136686445103237 172.000000000000000000
0.053556648771418594 0.199957553657585607 210.000000000000000000
0.052806117918638561 0.239341764739923357 257.000000000000000000
0.052764876894872859 0.240713462060839489 294.000000000000000000
0.052723718358250043 0.242090291143290420 331.000000000000000000
0.052682642270787700 0.243472226605727232 369.000000000000000000
0.052641648594535614 0.244859243500872348 407.000000000000000000
0.052600737291575245 0.246251317308378653 465.000000000000000000
0.052559908324019008 0.247648423927575356 506.000000000000000000
0.052519161654009827 0.249050539670303495 547.000000000000000000
0.052478497243720459 0.250457641253837293 588.000000000000000000
0.052437915055352967 0.251869705793901943 628.000000000000000000
0.052397415051138173 0.253286710797775538 675.000000000000000000
0.052356997193334982 0.254708634157487956 727.000000000000000000
0.052316661444229959 0.256135454143110619 767.000000000000000000
0.052276407766136720 0.257567149396138284 809.000000000000000000
0.052236236121395371 0.259003698922962322 850.000000000000000000
0.052196146472372036 0.260445082088440139 937.000000000000000000
0.052156138781458181 0.261891278609555189 981.000000000000000000
0.052116213011070278 0.263342268549167313 1021.000000000000000000
0.052076369123649123 0.264798032309861098 1062.000000000000000000
0.052036607081659414 0.266258550627879897 1105.000000000000000000
0.051996926847589151 0.267723804567160273 1152.000000000000000000
0.051957328383949251 0.269193775513448363 1206.000000000000000000
0.051917811653272923 0.270668445168513461 1246.000000000000000000
0.051878376618115271 0.272147795544450122 1286.000000000000000000
0.051839023241052752 0.273631808958070044 1327.000000000000000000
0.051799751484682688 0.275120468025382925 1375.000000000000000000
0.051760561311622849 0.276613755656168747 1425.000000000000000000
0.051721452684510935 0.278111655048631223 1462.000000000000000000
0.051682425566004081 0.279614149684145608 1498.000000000000000000
0.051643479918778490 0.281121223322089220 1536.000000000000000000
0.051604615705528871 0.282632859994754904 1573.000000000000000000
0.051565832888968113 0.284149044002355078 1626.000000000000000000
0.051527131431826738 0.285669759908105780 1662.000000000000000000
0.051488511296852460 0.287194992533389704 1699.000000000000000000
0.051449972446809891 0.288724726953008659 1735.000000000000000000
0.051411514844480019 0.290258948490511814 1771.000000000000000000
0.051373138452659721 0.291797642713605421 1807.000000000000000000
0.051334843234161487 0.293340795429639034 1850.000000000000000000
0.051296629151813010 0.294888392681173783 1898.000000000000000000
0.051258496168456576 0.296440420741622801 1941.000000000000000000
