0.1939302455299683 3.8472527183004455 144.0000000000000000
0.1629373210424535 1.8273205685163492 271.0000000000000000
0.1241320978608400 0.6944504271229431 394.0000000000000000
0.1044306741524346 0.7855245727318779 395.0000000000000000
0.0695876278809898 0.9551289231077258 596.0000000000000000
0.0617591573380942 0.7113940361906579 613.0000000000000000
0.0609018617818697 0.5733871077003874 773.0000000000000000
0.0604888270130413 0.5261639553745873 903.0000000000000000
0.0603532063276261 0.5161529231196471 910.0000000000000000
0.0596812029971188 0.4494905975091916 1057.0000000000000000
0.0595454607491453 0.4281358306949681 1178.0000000000000000
0.0592165013713097 0.3442323275506873 1259.0000000000000000
0.0591784130061246 0.3446276388753688 1466.0000000000000000
0.0591403942746988 0.3450244991140179 1608.0000000000000000
0.0591024451356415 0.3454229120978309 1892.0000000000000000
0.0590645655476837 0.3458228816563608 2029.0000000000000000
0.0590267554696787 0.3462244116174410 2304.0000000000000000
0.0589890148606015 0.3466275058071238 2466.0000000000000000
0.0589513436795493 0.3470321680496210 2628.0000000000000000
0.0589137418857403 0.3474384021672448 2789.0000000000000000
0.0588762094385146 0.3478462119803468 2946.0000000000000000
0.0588387462973333 0.3482556013072602 3092.0000000000000000
0.0588013524217789 0.3486665739642366 3273.0000000000000000
0.0587640277715547 0.3490791337653914 3416.0000000000000000
0.0587267723064850 0.3494932845226417 3621.0000000000000000
0.0586895859865146 0.3499090300456475 3850.0000000000000000
0.0586524687717088 0.3503263741417533 4004.0000000000000000
0.0586154206222536 0.3507453206159281 4132.0000000000000000
0.0585784414984548 0.3511658732707078 4288.0000000000000000
0.0585415313607385 0.3515880359061361 4412.0000000000000000
0.0585046901696506 0.3520118123197064 4569.0000000000000000
0.0584679178858569 0.3524372063063023 4700.0000000000000000
0.0584312144701425 0.3528642216581409 4843.0000000000000000
0.0583945798834120 0.3532928621647133 5039.0000000000000000
0.0583580140866896 0.3537231316127284 5308.0000000000000000
0.0583215170411181 0.3541550337860535 5495.0000000000000000
0.0582850887079595 0.3545885724656573 5617.0000000000000000
0.0582487290485946 0.3550237514295528 5769.0000000000000000
0.0582124380245226 0.3554605744527395 5923.0000000000000000
0.0581762155973614 0.3558990453071467 6094.0000000000000000
0.0581400617288470 0.3563391677615755 6238.0000000000000000
0.0581039763808335 0.3567809455816438 6427.0000000000000000
0.0580679595152930 0.3572243825297279 6629.0000000000000000
0.0580320110943154 0.3576694823649067 6793.0000000000000000
0.0579961310801083 0.3581162488429059 7007.0000000000000000
0.0579603194349965 0.3585646857160405 7140.0000000000000000
0.0579245761214222 0.3590147967331607 7279.0000000000000000
0.0578889011019448 0.3594665856395942 7524.0000000000000000
0.0578532943392404 0.3599200561770921 7707.0000000000000000
0.0578177557961021 0.3603752120837725 7947.0000000000000000
