0.2235086395818354 0.7123858626201135 136.0000000000000000
0.1624703705821877 4.0571146560961040 276.0000000000000000
0.1364565520353071 2.2936751912634854 422.0000000000000000
0.1209206972704352 0.7714515004207833 439.0000000000000000
0.1078710060547147 1.1046651837797652 579.0000000000000000
0.1027740155268938 0.9598726786916443 720.0000000000000000
0.0945922888525215 0.9873372658733376 721.0000000000000000
0.0878441624067142 0.7653864472584601 871.0000000000000000
0.0874292775263923 0.7516454291003094 872.0000000000000000
0.0832114265635440 0.1764002929288536 1046.0000000000000000
0.0830643081835011 0.1756738284838264 1225.0000000000000000
0.0829178236079555 0.1749570345887446 1641.0000000000000000
0.0827719721396854 0.1742502765115241 1837.0000000000000000
0.0830131237708395 0.1729594016271458 2010.0000000000000000
0.0828671184484791 0.1722655775472236 2336.0000000000000000
0.0827217463605220 0.1715826732953913 2529.0000000000000000
0.0825770068116254 0.1709110801522639 2712.0000000000000000
0.0824328991123283 0.1702511978212504 3006.0000000000000000
0.0836870664393200 0.1649306023638151 3345.0000000000000000
0.0835393412274617 0.1642769074835105 3589.0000000000000000
0.0833922538873474 0.1636357088552690 3860.0000000000000000
0.0832458036940107 0.1630074216014344 4262.0000000000000000
0.0830999899266031 0.1623924687618171 4559.0000000000000000
0.0829548118683624 0.1617912811654514 4890.0000000000000000
0.0828102688065809 0.1612042972786510 5180.0000000000000000
0.0826663600325722 0.1606319630282632 5374.0000000000000000
0.0825230848416401 0.1600747315990597 5533.0000000000000000
0.0823804425330455 0.1595330632042538 5660.0000000000000000
0.0822384324099734 0.1590074248281966 5844.0000000000000000
0.0820970537795007 0.1584982899403755 6142.0000000000000000
0.0819563059525625 0.1580061381799348 6335.0000000000000000
0.0818161882439193 0.1575314550100345 6522.0000000000000000
0.0816766999721235 0.1570747313414880 6711.0000000000000000
0.0815378404594856 0.1566364631252482 6894.0000000000000000
0.0813996090320409 0.1562171509134619 7179.0000000000000000
0.0812620050195150 0.1558172993889761 7354.0000000000000000
0.0811250277552903 0.1554374168633608 7524.0000000000000000
0.0809886765763711 0.1550780147437018 7674.0000000000000000
0.0808529508233498 0.1547396069686273 7819.0000000000000000
0.0807178498403716 0.1544227094142523 8083.0000000000000000
0.0805833729751005 0.1541278392709523 8239.0000000000000000
0.0804495195786833 0.1538555143921223 8406.0000000000000000
0.0803162890057157 0.1536062526163250 8561.0000000000000000
0.0801836806142057 0.1533805710644842 8727.0000000000000000
0.0800516937655393 0.1531789854140423 8896.0000000000000000
0.0799203278244438 0.1530020091522510 9096.0000000000000000
0.0797897571079404 0.1528494611948275 9306.0000000000000000
0.0796596304568920 0.1527232275186705 9528.0000000000000000
0.0795301228282465 0.1526231227140880 9901.0000000000000000
0.0794012335997325 0.1525496437116586 10153.0000000000000000
