0.2003671243753538 0.8233255592073018 125.0000000000000000
0.1250598759893545 1.5335946144890302 127.0000000000000000
0.0657716770510757 2.8854838906738074 254.0000000000000000
0.0535673123590084 2.7560239492407255 266.0000000000000000
0.0376370053523911 1.5307320916123499 530.0000000000000000
0.0298949516109302 0.3503891387138904 553.0000000000000000
0.0269341796642182 0.2605635764439070 865.0000000000000000
0.0211053103966924 0.1994352129981403 1109.0000000000000000
0.0184768966283364 0.3406859587507112 1380.0000000000000000
0.0171603354539454 0.2791548650602499 1649.0000000000000000
0.0118486293849300 0.3399659083057525 1916.0000000000000000
0.0098772803543644 0.6668827281482855 2197.0000000000000000
0.0091464134309372 0.0973985837972386 2377.0000000000000000
0.0085165990856960 0.0728051142205708 2548.0000000000000000
0.0083908866294647 0.0656364019294066 2713.0000000000000000
0.0082751368100287 0.0269254400309771 2864.0000000000000000
0.0082350412932095 0.0160387819408215 2988.0000000000000000
0.0082127929382842 0.0065383357570678 3153.0000000000000000
0.0082045385029977 0.0037115269635410 3464.0000000000000000
0.0082003859932427 0.0017634644560712 3748.0000000000000000
0.0081984718338054 0.0009618013774146 3888.0000000000000000
0.0081975524598691 0.0004242684760158 4011.0000000000000000
0.0081971204856253 0.0002163789540040 4193.0000000000000000
0.0081969127928143 0.0001051933551752 4418.0000000000000000
0.0081968135005161 0.0000523395451977 4579.0000000000000000
0.0081967657847316 0.0000256611781024 4693.0000000000000000
0.0081967428161847 0.0000126457055230 4814.0000000000000000
0.0081967317317817 0.0000062128726677 5021.0000000000000000
0.0081967263707317 0.0000030562365336 5346.0000000000000000
0.0081967237724314 0.0000015030609332 5537.0000000000000000
0.0081967225106601 0.0000007397683834 5676.0000000000000000
0.0081967218968099 0.0000003642620101 5775.0000000000000000
0.0081967215976536 0.0000001794910105 5880.0000000000000000
0.0081967214516189 0.0000000884947791 6003.0000000000000000
0.0081967213802145 0.0000000436534425 6121.0000000000000000
0.0081967213452435 0.0000000215388809 6236.0000000000000000
0.0081967213280871 0.0000000106266147 6361.0000000000000000
0.0081967213196564 0.0000000052402691 6540.0000000000000000
0.0081967213155074 0.0000000025823127 6766.0000000000000000
0.0081967213134635 0.0000000012718788 6995.0000000000000000
0.0081967213124561 0.0000000006265846 7163.0000000000000000
0.0081967213119596 0.0000000003089696 7320.0000000000000000
0.0081967213117147 0.0000000001525220 7570.0000000000000000
0.0081967213115938 0.0000000000753206 7691.0000000000000000
0.0081967213115341 0.0000000000371788 7803.0000000000000000
0.0081967213115045 0.0000000000183274 7910.0000000000000000
0.0081967213114898 0.0000000000090173 8012.0000000000000000
0.0081967213114826 0.0000000000044344 8118.0000000000000000
0.0081967213114790 0.0000000000021748 8219.0000000000000000
0.0081967213114772 0.0000000000010684 8319.0000000000000000

