0.251228987119430092 2.461466689935158936 1.000000000000000000
0.174579381864699512 1.223535058248978791 1.000000000000000000
0.145650657227713587 2.169056910482230816 2.000000000000000000
0.105277362118357753 1.790015912096491579 3.000000000000000000
0.087847084286093224 0.500985575214982881 34.000000000000000000
0.080142991704259980 0.308930679825084764 67.000000000000000000
0.078259788033198649 0.219819610880874927 102.000000000000000000
0.077226094865437203 0.257465134295609854 137.000000000000000000
0.076445247083513371 0.225543518451472108 169.000000000000000000
0.076252646653558839 0.226394933793013786 200.000000000000000000
0.075234944675826892 0.185881595854924947 237.000000000000000000
0.075124180507990135 0.185688691879571155 276.000000000000000000
0.075013714259066264 0.185504765443992248 350.000000000000000000
0.074903545525484033 0.185329985190176599 390.000000000000000000
0.074793673905219044 0.185164520497391294 429.000000000000000000
0.074684098997791479 0.185008541410705218 468.000000000000000000
0.074574820404264289 0.184862218567055286 509.000000000000000000
0.074465837727240927 0.184725723118901147 549.000000000000000000
0.074357150570863423 0.184599226655514592 587.000000000000000000
0.074248758540810270 0.184482901121963860 625.000000000000000000
0.074140661244294137 0.184376918735855683 663.000000000000000000
0.074032858290059969 0.184281451901911003 701.000000000000000000
0.073925349288382514 0.184196673124453092 743.000000000000000000
0.073818133851064324 0.184122754917899645 782.000000000000000000
0.073711211591433456 0.184059869715356539 832.000000000000000000
0.076371894548017211 0.185791548764866726 869.000000000000000000
0.076257675564194272 0.185644432206425264 908.000000000000000000
0.076143760762506674 0.185506713231396309 948.000000000000000000
0.076030149712737638 0.185378547625741935 988.000000000000000000
0.075916841986216330 0.185260091483998468 1028.000000000000000000
0.075803837155816067 0.185151501138193314 1067.000000000000000000
0.075691134795952866 0.185052933084976806 1122.000000000000000000
0.075578734482583607 0.184964543911037171 1164.000000000000000000
0.075466635793204576 0.184886490216869315 1201.000000000000000000
0.075354838306849609 0.184818928538977356 1251.000000000000000000
0.075243341604088423 0.184762015270594160 1309.000000000000000000
0.075132145267025094 0.184715906581013001 1346.000000000000000000
0.075021248879295843 0.184680758333622907 1391.000000000000000000
0.074910652026067726 0.184656726002759064 1431.000000000000000000
0.074800354294036614 0.184643964589470827 1470.000000000000000000
0.074690355271425313 0.184642628536328623 1509.000000000000000000
0.074580654547981920 0.184652871641388522 1552.000000000000000000
0.074471251714977732 0.184674846971441348 1600.000000000000000000
0.074362146365205453 0.184708706774680376 1649.000000000000000000
0.074253338092977308 0.184754602392922407 1695.000000000000000000
0.074144826494123073 0.184812684173524977 1741.000000000000000000
0.074036611165988031 0.184883101381146525 1786.000000000000000000
0.073928691707431035 0.184966002109496375 1836.000000000000000000
0.073821067718822492 0.185061533193231820 1934.000000000000000000
0.073713738802042350 0.185169840120154555 1979.000000000000000000
