0.188938232001745365 0.966219712868076397 31.000000000000000000
0.144714248347076885 2.585771971801714919 62.000000000000000000
0.080912161716910388 1.354661590268195104 63.000000000000000000
0.048321250978421902 1.449771437250991557 67.000000000000000000
0.027782297891557527 0.383839475102062400 99.000000000000000000
0.025174048935490641 0.194858471930223015 100.000000000000000000
0.020953400299507201 0.390023074451956997 130.000000000000000000
0.019100652151561093 0.687459323335511518 131.000000000000000000
0.017092174871917772 0.171397259192095475 161.000000000000000000
0.014308047142242198 0.307649592768706903 196.000000000000000000
0.013222734846317282 0.391632233423629017 232.000000000000000000
0.010833088269053385 0.397152917724042431 265.000000000000000000
0.008316334537590283 0.240683890267572753 295.000000000000000000
0.006508160703932403 0.218749096239968549 326.000000000000000000
0.004667767016406616 0.437848609824344426 356.000000000000000000
0.004179192334626401 0.050975036986517321 386.000000000000000000
0.004133356617892701 0.030723050533903652 421.000000000000000000
0.004115993621429870 0.013776911495237316 494.000000000000000000
0.004106125920154694 0.005928812920827049 529.000000000000000000
0.004101944367757548 0.002789824773335687 571.000000000000000000
0.004100002106799214 0.001331787161545068 605.000000000000000000
0.004099118319117546 0.000647032901176719 644.000000000000000000
0.004098711615985591 0.000315602762193539 692.000000000000000000
0.004098524103423170 0.000154414286037346 727.000000000000000000
0.004098436971430609 0.000075646685285567 759.000000000000000000
0.004098396272189067 0.000037118246147980 791.000000000000000000
0.004098377152458321 0.000018248435197881 824.000000000000000000
0.004098368083755742 0.000008990525924430 862.000000000000000000
0.004098363582573490 0.000004415087897121 895.000000000000000000
0.004098360152871157 0.000001997534650356 929.000000000000000000
