Residual Convergence speed Computational time
0.12506336 0.08633597 5.00000000
0.12505758 0.08415048 5.00000000
0.12504841 0.08115676 5.00000000
0.12503728 0.07803788 5.00000000
0.12502504 0.07522536 5.00000000
0.12501214 0.07298009 5.00000000
0.12499886 0.07144986 5.00000000
0.12498530 0.07070963 6.00000000
0.12497152 0.07078988 6.00000000
0.12495749 0.07169636 6.00000000
0.12494319 0.07342385 6.00000000
0.12492854 0.07596529 6.00000000
0.12491348 0.07931751 6.00000000
0.12489790 0.08348452 6.00000000
0.12488167 0.08847905 6.00000000
0.12486466 0.09432311 6.00000000
0.12484670 0.10104795 7.00000000
0.12482758 0.10869373 7.00000000
0.12480706 0.11730911 7.00000000
0.12478486 0.12695082 7.00000000
0.12476063 0.13768316 7.00000000
0.12473396 0.14957754 7.00000000
0.12470436 0.16271178 7.00000000
0.12467125 0.17716936 7.00000000
0.12463396 0.19303821 8.00000000
0.12459165 0.21040923 8.00000000
0.12454338 0.22937411 8.00000000
0.12448801 0.25002244 8.00000000
0.12442424 0.27243781 8.00000000
0.12435052 0.29669270 8.00000000
0.12426509 0.32284177 8.00000000
0.12416594 0.35091332 8.00000000
0.12405078 0.38089862 9.00000000
0.12391709 0.41273871 9.00000000
0.12376209 0.44630867 9.00000000
0.12358281 0.48139942 9.00000000
0.12337621 0.51769748 9.00000000
0.12313925 0.55476388 9.00000000
0.12286914 0.59201412 9.00000000
0.12256355 0.62870230 9.00000000
0.12222098 0.66391372 9.00000000
0.12184106 0.69657138 10.00000000
0.12142501 0.72546263 10.00000000
0.12097592 0.74929160 10.00000000
0.12049905 0.76676080 10.00000000
0.12000183 0.77668089 10.00000000
0.11949364 0.77810018 10.00000000
0.11898528 0.77043788 10.00000000
0.11848807 0.75359770 10.00000000
0.11801285 0.72803638 11.00000000
0.11756884 0.69476589 11.00000000
0.11716277 0.65528072 11.00000000
0.11679832 0.61141833 11.00000000
0.11647603 0.56517680 11.00000000
0.11619371 0.51852339 11.00000000
0.11594708 0.47322684 11.00000000
0.11573060 0.43073720 11.00000000
0.11553835 0.39212285 12.00000000
0.11536461 0.35806105 12.00000000
0.11520434 0.32886938 12.00000000
0.11505341 0.30456223 12.00000000
0.11490861 0.28491787 12.00000000
0.11476762 0.26954597 12.00000000
0.11462887 0.25794955 13.00000000
0.11449136 0.24957869 13.00000000
0.11435454 0.24387423 13.00000000
0.11421819 0.24030089 14.00000000
0.11408228 0.23836964 14.00000000
0.11394694 0.23765029 14.00000000
0.11381241 0.23777604 14.00000000
0.11367895 0.23844234 14.00000000
0.11354690 0.23940200 14.00000000
0.11341658 0.24045852 14.00000000
0.11328834 0.24145881 16.00000000
0.11316253 0.24228610 16.00000000
0.11303947 0.24285347 16.00000000
0.11291948 0.24309825 16.00000000
0.11280285 0.24297730 16.00000000
0.11268985 0.24246312 16.00000000
0.11258070 0.24154070 16.00000000
0.11247560 0.24020501 17.00000000
0.11237472 0.23845897 17.00000000
0.11227818 0.23631196 17.00000000
0.11218605 0.23377848 17.00000000
0.11209838 0.23087725 17.00000000
0.11201517 0.22763032 17.00000000
0.11193641 0.22406247 17.00000000
0.11186203 0.22020056 17.00000000
0.11179194 0.21607305 18.00000000
0.11172604 0.21170949 18.00000000
0.11166420 0.20714008 18.00000000
0.11160626 0.20239522 18.00000000
0.11155206 0.19750510 18.00000000
0.11150145 0.19249934 18.00000000
0.11145423 0.18740658 18.00000000
0.11141023 0.18225424 18.00000000
0.11136926 0.17706818 19.00000000
0.11133116 0.17187255 19.00000000
0.11129573 0.16668958 19.00000000
0.11126280 0.16153951 19.00000000
0.11123221 0.15644051 19.00000000
0.11120379 0.15140868 19.00000000
0.11117739 0.14645812 19.00000000
0.11115285 0.14160095 21.00000000
0.11113004 0.13684746 21.00000000
0.11110883 0.13220622 21.00000000
0.11108909 0.12768421 21.00000000
0.11107070 0.12328697 21.00000000
0.11105355 0.11901876 21.00000000
0.11103753 0.11488270 21.00000000
0.11102256 0.11088090 21.00000000
0.11100855 0.10701461 21.00000000
0.11099540 0.10328433 22.00000000
0.11098305 0.09968992 22.00000000
0.11097141 0.09623071 22.00000000
0.11096043 0.09290558 22.00000000
0.11095005 0.08971305 22.00000000
0.11094020 0.08665133 22.00000000
0.11093084 0.08371838 22.00000000
0.11092191 0.08091200 22.00000000
0.11091337 0.07822980 23.00000000
0.11090518 0.07566932 23.00000000
0.11089731 0.07322800 23.00000000
0.11088970 0.07090323 23.00000000
0.11088234 0.06869239 23.00000000
0.11087518 0.06659283 23.00000000
0.11086821 0.06460192 23.00000000
0.11086139 0.06271703 23.00000000
0.11085470 0.06093558 24.00000000
0.11084812 0.05925501 24.00000000
0.11084162 0.05767280 24.00000000
0.11083518 0.05618648 24.00000000
0.11082879 0.05479361 24.00000000
0.11082243 0.05349182 24.00000000
0.11081607 0.05227877 24.00000000
0.11080971 0.05115216 24.00000000
0.11080332 0.05010974 25.00000000
0.11079690 0.04914930 25.00000000
0.11079043 0.04826867 25.00000000
0.11078389 0.04746570 25.00000000
0.11077728 0.04673829 25.00000000
0.11077057 0.04608437 25.00000000
0.11076376 0.04550189 25.00000000
0.11075684 0.04498883 25.00000000
0.11074979 0.04454321 26.00000000
0.11074261 0.04416307 26.00000000
0.11073527 0.04384649 26.00000000
0.11072778 0.04359156 26.00000000
0.11072011 0.04339643 26.00000000
0.11071227 0.04325928 26.00000000
0.11070423 0.04317832 26.00000000
0.11069599 0.04315182 26.00000000
0.11068754 0.04317808 26.00000000
0.11067886 0.04325546 27.00000000
0.11066995 0.04338237 27.00000000
0.11066080 0.04355726 27.00000000
0.11065139 0.04377866 27.00000000
0.11064171 0.04404514 27.00000000
0.11063175 0.04435534 27.00000000
0.11062150 0.04470794 27.00000000
0.11061095 0.04510169 27.00000000
0.11060009 0.04553540 27.00000000
0.11058891 0.04600793 27.00000000
0.11057738 0.04651821 28.00000000
0.11056551 0.04706519 28.00000000
0.11055328 0.04764790 28.00000000
0.11054068 0.04826541 28.00000000
0.11052769 0.04891683 28.00000000
0.11051430 0.04960131 28.00000000
0.11050049 0.05031805 28.00000000
0.11048626 0.05106627 28.00000000
0.11047160 0.05184524 28.00000000
0.11045648 0.05265424 29.00000000
0.11044089 0.05349258 29.00000000
0.11042481 0.05435960 29.00000000
0.11040825 0.05525466 29.00000000
0.11039116 0.05617712 30.00000000
0.11037356 0.05712636 30.00000000
0.11035541 0.05810180 31.00000000
0.11033670 0.05910281 31.00000000
0.11031741 0.06012882 31.00000000
0.11029754 0.06117924 31.00000000
0.11027706 0.06225348 31.00000000
0.11025595 0.06335095 31.00000000
0.11023420 0.06447108 31.00000000
0.11021180 0.06561326 31.00000000
0.11018872 0.06677692 32.00000000
0.11016494 0.06796146 32.00000000
0.11014046 0.06916628 32.00000000
0.11011525 0.07039077 32.00000000
0.11008928 0.07163434 32.00000000
0.11006256 0.07289637 32.00000000
0.11003505 0.07417624 32.00000000
0.11000673 0.07547334 32.00000000
0.10997760 0.07678706 33.00000000
0.10994762 0.07811678 33.00000000
0.10991679 0.07946188 33.00000000
0.10988507 0.08082176 33.00000000
0.10985246 0.08219580 33.00000000
0.10981893 0.08358341 33.00000000
0.10978446 0.08498401 33.00000000
0.10974903 0.08639702 33.00000000
0.10971263 0.08782188 33.00000000
0.10967523 0.08925807 34.00000000
0.10963681 0.09070505 34.00000000
0.10959736 0.09216236 34.00000000
0.10955685 0.09362953 34.00000000
0.10951526 0.09510613 34.00000000
0.10947257 0.09659178 34.00000000
0.10942877 0.09808614 34.00000000
0.10938383 0.09958890 35.00000000
0.10933773 0.10109982 35.00000000
0.10929046 0.10261869 35.00000000
0.10924198 0.10414539 36.00000000
0.10919229 0.10567982 37.00000000
0.10914136 0.10722198 37.00000000
0.10908917 0.10877193 37.00000000
0.10903571 0.11032978 37.00000000
0.10898094 0.11189574 37.00000000
0.10892485 0.11347010 37.00000000
0.10886743 0.11505321 37.00000000
0.10880864 0.11664554 37.00000000
0.10874848 0.11824760 38.00000000
0.10868691 0.11986003 38.00000000
0.10862392 0.12148355 38.00000000
0.10855949 0.12311895 38.00000000
0.10849360 0.12476716 38.00000000
0.10842623 0.12642916 38.00000000
0.10835736 0.12810604 38.00000000
0.10828697 0.12979900 38.00000000
0.10821504 0.13150932 39.00000000
0.10814155 0.13323838 39.00000000
0.10806647 0.13498764 39.00000000
0.10798980 0.13675866 39.00000000
0.10791151 0.13855310 39.00000000
0.10783158 0.14037267 39.00000000
0.10774999 0.14221919 39.00000000
0.10766672 0.14409456 39.00000000
0.10758176 0.14600073 40.00000000
0.10749509 0.14793974 40.00000000
0.10740668 0.14991366 40.00000000
0.10731652 0.15192465 40.00000000
0.10722459 0.15397489 40.00000000
0.10713088 0.15606662 40.00000000
0.10703536 0.15820210 40.00000000
0.10693803 0.16038361 40.00000000
0.10683885 0.16261345 40.00000000
0.10673783 0.16489393 41.00000000
0.10663493 0.16722733 41.00000000
0.10653015 0.16961595 41.00000000
0.10642348 0.17206203 41.00000000
0.10631488 0.17456778 41.00000000
0.10620437 0.17713536 41.00000000
0.10609191 0.17976686 41.00000000
0.10597750 0.18246430 41.00000000
0.10586112 0.18522962 42.00000000
0.10574277 0.18806463 42.00000000
0.10562243 0.19097106 42.00000000
0.10550009 0.19395048 42.00000000
0.10537574 0.19700434 42.00000000
0.10524938 0.20013393 42.00000000
0.10512100 0.20334037 42.00000000
0.10499058 0.20662462 43.00000000
0.10485813 0.20998743 43.00000000
0.10472364 0.21342936 43.00000000
0.10458710 0.21695074 43.00000000
0.10444850 0.22055172 43.00000000
0.10430786 0.22423216 43.00000000
0.10416516 0.22799172 43.00000000
0.10402041 0.23182979 43.00000000
0.10387360 0.23574552 43.00000000
0.10372473 0.23973777 43.00000000
0.10357382 0.24380515 44.00000000
0.10342086 0.24794599 44.00000000
0.10326586 0.25215834 44.00000000
0.10310883 0.25643997 44.00000000
0.10294977 0.26078838 44.00000000
0.10278869 0.26520077 44.00000000
0.10262561 0.26967410 44.00000000
0.10246053 0.27420501 44.00000000
0.10229348 0.27878993 44.00000000
0.10212446 0.28342498 45.00000000
0.10195349 0.28810608 45.00000000
0.10178060 0.29282889 45.00000000
0.10160580 0.29758885 45.00000000
0.10142911 0.30238121 45.00000000
0.10125057 0.30720104 45.00000000
0.10107019 0.31204323 45.00000000
0.10088800 0.31690256 45.00000000
0.10070404 0.32177367 45.00000000
0.10051834 0.32665114 46.00000000
0.10033093 0.33152946 46.00000000
0.10014185 0.33640313 46.00000000
0.09995112 0.34126664 46.00000000
0.09975881 0.34611452 46.00000000
0.09956493 0.35094137 46.00000000
0.09936955 0.35574191 46.00000000
0.09917270 0.36051097 46.00000000
0.09897442 0.36524357 46.00000000
0.09877477 0.36993493 46.00000000
0.09857380 0.37458049 47.00000000
0.09837155 0.37917594 47.00000000
0.09816807 0.38371727 47.00000000
0.09796342 0.38820075 47.00000000
0.09775765 0.39262296 47.00000000
0.09755081 0.39698082 47.00000000
0.09734296 0.40127157 47.00000000
0.09713415 0.40549281 47.00000000
0.09692442 0.40964245 48.00000000
0.09671385 0.41371876 48.00000000
0.09650247 0.41772029 48.00000000
0.09629035 0.42164595 48.00000000
0.09607753 0.42549490 48.00000000
0.09586407 0.42926657 48.00000000
0.09565001 0.43296066 48.00000000
0.09543542 0.43657705 48.00000000
0.09522033 0.44011585 48.00000000
0.09500480 0.44357728 48.00000000
0.09478887 0.44696172 49.00000000
0.09457260 0.45026962 49.00000000
0.09435602 0.45350151 49.00000000
0.09413918 0.45665796 49.00000000
0.09392213 0.45973951 49.00000000
0.09370491 0.46274673 49.00000000
0.09348757 0.46568010 49.00000000
0.09327013 0.46854006 49.00000000
0.09305265 0.47132699 49.00000000
0.09283517 0.47404113 50.00000000
0.09261772 0.47668265 50.00000000
0.09240035 0.47925161 50.00000000
0.09218309 0.48174796 50.00000000
0.09196598 0.48417152 50.00000000
0.09174907 0.48652202 50.00000000
0.09153238 0.48879911 50.00000000
0.09131596 0.49100232 50.00000000
0.09109984 0.49313114 50.00000000
0.09088407 0.49518499 51.00000000
0.09066868 0.49716324 51.00000000
0.09045370 0.49906524 51.00000000
0.09023918 0.50089036 51.00000000
0.09002515 0.50263795 51.00000000
0.08981164 0.50430742 51.00000000
0.08959870 0.50589823 51.00000000
0.08938636 0.50740990 51.00000000
0.08917466 0.50884203 51.00000000
0.08896362 0.51019435 51.00000000
0.08875328 0.51146666 52.00000000
0.08854369 0.51265893 52.00000000
0.08833486 0.51377123 52.00000000
0.08812683 0.51480378 52.00000000
0.08791963 0.51575695 52.00000000
0.08771330 0.51663126 52.00000000
0.08750786 0.51742736 52.00000000
0.08730333 0.51814606 52.00000000
0.08709975 0.51878832 52.00000000
0.08689713 0.51935524 53.00000000
0.08669551 0.51984805 54.00000000
0.08649490 0.52026812 54.00000000
0.08629532 0.52061694 54.00000000
0.08609680 0.52089611 54.00000000
0.08589934 0.52110735 54.00000000
0.08570297 0.52125250 54.00000000
0.08550770 0.52133345 54.00000000
0.08531353 0.52135221 54.00000000
0.08512049 0.52131086 54.00000000
0.08492857 0.52121157 54.00000000
0.08473779 0.52105655 55.00000000
0.08454814 0.52084809 55.00000000
0.08435964 0.52058852 55.00000000
0.08417228 0.52028024 55.00000000
0.08398606 0.51992569 55.00000000
0.08380098 0.51952736 55.00000000
0.08361702 0.51908776 55.00000000
0.08343420 0.51860948 55.00000000
0.08325249 0.51809510 55.00000000
0.08307188 0.51754729 56.00000000
0.08289237 0.51696873 56.00000000
0.08271393 0.51636214 56.00000000
0.08253655 0.51573028 56.00000000
0.08236021 0.51507598 56.00000000
0.08218489 0.51440208 56.00000000
0.08201056 0.51371149 56.00000000
0.08183720 0.51300718 56.00000000
0.08166478 0.51229214 56.00000000
0.08149326 0.51156946 56.00000000
0.08132263 0.51084228 57.00000000
0.08115283 0.51011380 57.00000000
0.08098384 0.50938731 57.00000000
0.08081560 0.50866619 57.00000000
0.08064809 0.50795388 57.00000000
0.08048125 0.50725394 57.00000000
0.08031503 0.50657002 57.00000000
0.08014939 0.50590590 57.00000000
0.07998426 0.50526547 57.00000000
0.07981960 0.50465272 58.00000000
0.07965533 0.50407183 58.00000000
0.07949140 0.50352707 58.00000000
0.07932775 0.50302292 58.00000000
0.07916429 0.50256397 58.00000000
0.07900096 0.50215503 58.00000000
0.07883768 0.50180106 58.00000000
0.07867436 0.50150722 58.00000000
0.07851093 0.50127889 58.00000000
0.07834730 0.50112163 59.00000000
0.07818337 0.50104123 59.00000000
0.07801905 0.50104370 59.00000000
0.07785424 0.50113527 59.00000000
0.07768884 0.50132239 59.00000000
0.07752273 0.50161173 59.00000000
0.07735582 0.50201020 59.00000000
0.07718797 0.50252490 59.00000000
0.07701909 0.50316314 59.00000000
0.07684905 0.50393239 60.00000000
0.07667772 0.50484028 60.00000000
0.07650498 0.50589459 60.00000000
0.07633070 0.50710314 60.00000000
0.07615476 0.50847381 60.00000000
0.07597702 0.51001446 60.00000000
0.07579735 0.51173285 60.00000000
0.07561563 0.51363659 60.00000000
0.07543173 0.51573302 60.00000000
0.07524552 0.51802916 61.00000000
0.07505689 0.52053154 61.00000000
0.07486570 0.52324616 61.00000000
0.07467186 0.52617832 61.00000000
0.07447525 0.52933250 61.00000000
0.07427578 0.53271225 61.00000000
0.07407337 0.53632009 61.00000000
0.07386792 0.54015732 61.00000000
0.07365938 0.54422399 61.00000000
0.07344768 0.54851880 61.00000000
0.07323279 0.55303898 62.00000000
0.07301467 0.55778030 62.00000000
0.07279329 0.56273707 62.00000000
0.07256867 0.56790210 62.00000000
0.07234079 0.57326679 62.00000000
0.07210967 0.57882125 62.00000000
0.07187535 0.58455438 62.00000000
0.07163786 0.59045404 62.00000000
0.07139724 0.59650724 62.00000000
0.07115354 0.60270036 63.00000000
0.07090681 0.60901933 63.00000000
0.07065712 0.61544991 63.00000000
0.07040452 0.62197785 63.00000000
0.07014906 0.62858913 63.00000000
0.06989079 0.63527019 63.00000000
0.06962976 0.64200799 63.00000000
0.06936602 0.64879027 63.00000000
0.06909958 0.65560553 63.00000000
0.06883047 0.66244317 64.00000000
0.06855870 0.66929349 64.00000000
0.06828426 0.67614767 64.00000000
0.06800715 0.68299773 64.00000000
0.06772733 0.68983650 64.00000000
0.06744478 0.69665746 64.00000000
0.06715943 0.70345473 64.00000000
0.06687122 0.71022289 64.00000000
0.06658009 0.71695690 64.00000000
0.06628594 0.72365198 65.00000000
0.06598870 0.73030355 65.00000000
0.06568825 0.73690710 65.00000000
0.06538449 0.74345814 65.00000000
0.06507732 0.74995216 65.00000000
0.06476661 0.75638459 65.00000000
0.06445225 0.76275080 65.00000000
0.06413411 0.76904610 65.00000000
0.06381208 0.77526580 65.00000000
0.06348603 0.78140521 66.00000000
0.06315585 0.78745975 66.00000000
0.06282142 0.79342499 66.00000000
0.06248264 0.79929677 66.00000000
0.06213939 0.80507124 66.00000000
0.06179158 0.81074499 66.00000000
0.06143910 0.81631512 66.00000000
0.06108188 0.82177931 66.00000000
0.06071983 0.82713591 66.00000000
0.06035287 0.83238400 66.00000000
0.05998095 0.83752340 67.00000000
0.05960399 0.84255473 67.00000000
0.05922197 0.84747936 67.00000000
0.05883482 0.85229943 67.00000000
0.05844252 0.85701779 67.00000000
0.05804504 0.86163788 67.00000000
0.05764237 0.86616367 67.00000000
0.05723449 0.87059951 67.00000000
0.05682142 0.87494993 67.00000000
0.05640315 0.87921949 68.00000000
0.05597973 0.88341251 68.00000000
0.05555116 0.88753282 68.00000000
0.05511752 0.89158351 68.00000000
0.05467884 0.89556658 68.00000000
0.05423523 0.89948260 68.00000000
0.05378676 0.90333040 68.00000000
0.05333356 0.90710668 68.00000000
0.05287576 0.91080568 68.00000000
0.05241355 0.91441880 68.00000000
0.05194710 0.91793436 69.00000000
0.05147665 0.92133728 69.00000000
0.05100246 0.92460895 70.00000000
0.05052484 0.92772719 70.00000000
0.05004412 0.93066630 70.00000000
0.04956067 0.93339734 70.00000000
0.04907491 0.93588860 70.00000000
0.04858729 0.93810623 70.00000000
0.04809828 0.94001511 70.00000000
0.04760840 0.94158000 70.00000000
0.04711817 0.94276668 70.00000000
0.04662812 0.94354332 71.00000000
0.04613881 0.94388183 71.00000000
0.04565078 0.94375908 71.00000000
0.04516455 0.94315797 71.00000000
0.04468063 0.94206824 71.00000000
0.04419950 0.94048691 71.00000000
0.04372161 0.93841831 71.00000000
0.04324738 0.93587377 71.00000000
0.04277717 0.93287092 71.00000000
0.04231131 0.92943274 72.00000000
0.04185011 0.92558643 72.00000000
0.04139382 0.92136213 72.00000000
0.04094265 0.91679172 72.00000000
0.04049679 0.91190771 72.00000000
0.04005641 0.90674220 72.00000000
0.03962163 0.90132611 72.00000000
0.03919256 0.89568858 72.00000000
0.03876930 0.88985649 72.00000000
0.03835192 0.88385430 72.00000000
0.03794048 0.87770387 73.00000000
0.03753503 0.87142454 73.00000000
0.03713561 0.86503319 73.00000000
0.03674224 0.85854443 73.00000000
0.03635495 0.85197087 73.00000000
0.03597375 0.84532329 73.00000000
0.03559864 0.83861093 73.00000000
0.03522963 0.83184175 73.00000000
0.03486671 0.82502263 73.00000000
0.03450988 0.81815961 74.00000000
0.03415910 0.81125805 74.00000000
0.03381437 0.80432282 74.00000000
0.03347565 0.79735841 74.00000000
0.03314292 0.79036901 74.00000000
0.03281614 0.78335864 74.00000000
0.03249527 0.77633118 74.00000000
0.03218027 0.76929042 74.00000000
0.03187108 0.76224007 74.00000000
0.03156766 0.75518382 75.00000000
0.03126994 0.74812529 75.00000000
0.03097788 0.74106808 75.00000000
0.03069141 0.73401576 75.00000000
0.03041046 0.72697183 75.00000000
0.03013496 0.71993977 75.00000000
0.02986484 0.71292295 75.00000000
0.02960004 0.70592472 75.00000000
0.02934047 0.69894830 75.00000000
0.02908607 0.69199686 75.00000000
0.02883674 0.68507344 76.00000000
0.02859241 0.67818098 76.00000000
0.02835300 0.67132232 76.00000000
0.02811843 0.66450015 76.00000000
0.02788861 0.65771707 76.00000000
0.02766346 0.65097552 76.00000000
0.02744290 0.64427783 76.00000000
0.02722684 0.63762618 76.00000000
0.02701520 0.63102265 76.00000000
0.02680789 0.62446915 77.00000000
0.02660484 0.61796748 77.00000000
0.02640595 0.61151930 77.00000000
0.02621114 0.60512615 77.00000000
0.02602033 0.59878944 77.00000000
0.02583344 0.59251045 77.00000000
0.02565038 0.58629036 77.00000000
0.02547108 0.58013021 77.00000000
0.02529545 0.57403095 77.00000000
0.02512342 0.56799343 78.00000000
0.02495491 0.56201835 78.00000000
0.02478984 0.55610637 78.00000000
0.02462814 0.55025802 78.00000000
0.02446972 0.54447376 78.00000000
0.02431453 0.53875393 78.00000000
0.02416248 0.53309884 78.00000000
0.02401351 0.52750867 78.00000000
0.02386754 0.52198357 78.00000000
0.02372451 0.51652361 78.00000000
0.02358434 0.51112877 79.00000000
0.02344698 0.50579900 79.00000000
0.02331236 0.50053418 79.00000000
0.02318042 0.49533414 79.00000000
0.02305109 0.49019867 79.00000000
0.02292431 0.48512748 79.00000000
0.02280003 0.48012028 79.00000000
0.02267818 0.47517671 79.00000000
0.02255871 0.47029638 79.00000000
0.02244156 0.46547887 80.00000000
0.02232669 0.46072373 80.00000000
0.02221402 0.45603048 80.00000000
0.02210352 0.45139861 80.00000000
0.02199514 0.44682759 80.00000000
0.02188882 0.44231686 80.00000000
0.02178451 0.43786585 80.00000000
0.02168217 0.43347397 80.00000000
0.02158175 0.42914061 80.00000000
0.02148321 0.42486515 80.00000000
0.02138650 0.42064695 81.00000000
0.02129158 0.41648538 81.00000000
0.02119841 0.41237977 81.00000000
0.02110694 0.40832947 81.00000000
0.02101714 0.40433381 81.00000000
0.02092898 0.40039211 81.00000000
0.02084240 0.39650370 81.00000000
0.02075737 0.39266789 81.00000000
0.02067387 0.38888401 81.00000000
0.02059184 0.38515136 82.00000000
0.02051127 0.38146926 82.00000000
0.02043210 0.37783703 82.00000000
0.02035433 0.37425399 82.00000000
0.02027790 0.37071944 82.00000000
0.02020279 0.36723272 82.00000000
0.02012897 0.36379315 82.00000000
0.02005641 0.36040005 82.00000000
0.01998508 0.35705275 82.00000000
0.01991496 0.35375060 83.00000000
0.01984601 0.35049293 83.00000000
0.01977822 0.34727909 83.00000000
0.01971154 0.34410842 83.00000000
0.01964597 0.34098030 83.00000000
0.01958147 0.33789408 83.00000000
0.01951802 0.33484913 83.00000000
0.01945559 0.33184483 83.00000000
0.01939417 0.32888057 83.00000000
0.01933374 0.32595573 84.00000000
0.01927426 0.32306972 84.00000000
0.01921572 0.32022194 84.00000000
0.01915810 0.31741181 84.00000000
0.01910138 0.31463874 84.00000000
0.01904553 0.31190216 84.00000000
0.01899055 0.30920152 84.00000000
0.01893641 0.30653625 84.00000000
0.01888309 0.30390581 84.00000000
0.01883057 0.30130966 84.00000000
0.01877885 0.29874726 85.00000000
0.01872789 0.29621810 85.00000000
0.01867769 0.29372165 85.00000000
0.01862823 0.29125741 85.00000000
0.01857949 0.28882488 85.00000000
0.01853146 0.28642356 85.00000000
0.01848412 0.28405298 85.00000000
0.01843746 0.28171264 85.00000000
0.01839147 0.27940209 85.00000000
0.01834612 0.27712086 86.00000000
0.01830141 0.27486849 86.00000000
0.01825733 0.27264454 87.00000000
0.01821386 0.27044858 87.00000000
0.01817098 0.26828016 87.00000000
0.01812869 0.26613886 87.00000000
0.01808698 0.26402427 87.00000000
0.01804583 0.26193597 87.00000000
0.01800523 0.25987357 87.00000000
0.01796517 0.25783665 87.00000000
0.01792564 0.25582484 87.00000000
0.01788662 0.25383775 87.00000000
0.01784812 0.25187501 88.00000000
0.01781011 0.24993624 88.00000000
0.01777259 0.24802108 88.00000000
0.01773555 0.24612917 88.00000000
0.01769898 0.24426016 88.00000000
0.01766287 0.24241371 88.00000000
0.01762721 0.24058949 88.00000000
0.01759199 0.23878714 88.00000000
0.01755721 0.23700636 88.00000000
0.01752285 0.23524682 89.00000000
0.01748891 0.23350820 89.00000000
0.01745538 0.23179019 89.00000000
0.01742224 0.23009250 89.00000000
0.01738951 0.22841481 89.00000000
0.01735715 0.22675685 89.00000000
0.01732518 0.22511831 89.00000000
0.01729358 0.22349893 89.00000000
0.01726234 0.22189841 89.00000000
0.01723146 0.22031649 90.00000000
0.01720093 0.21875290 90.00000000
0.01717074 0.21720738 90.00000000
0.01714089 0.21567967 90.00000000
0.01711138 0.21416951 90.00000000
0.01708219 0.21267665 90.00000000
0.01705331 0.21120086 90.00000000
0.01702476 0.20974189 90.00000000
0.01699651 0.20829950 90.00000000
0.01696856 0.20687347 90.00000000
0.01694091 0.20546356 91.00000000
0.01691355 0.20406956 91.00000000
0.01688648 0.20269124 91.00000000
0.01685968 0.20132839 91.00000000
0.01683317 0.19998080 91.00000000
0.01680692 0.19864825 91.00000000
0.01678094 0.19733055 91.00000000
0.01675522 0.19602750 91.00000000
0.01672976 0.19473889 91.00000000
0.01670455 0.19346454 92.00000000
0.01667959 0.19220426 92.00000000
0.01665487 0.19095785 92.00000000
0.01663039 0.18972514 92.00000000
0.01660614 0.18850594 92.00000000
0.01658213 0.18730009 92.00000000
0.01655834 0.18610740 92.00000000
0.01653477 0.18492771 92.00000000
0.01651143 0.18376084 92.00000000
0.01648830 0.18260664 93.00000000
0.01646538 0.18146495 93.00000000
0.01644267 0.18033559 93.00000000
0.01642016 0.17921843 93.00000000
0.01639785 0.17811330 93.00000000
0.01637574 0.17702005 93.00000000
0.01635383 0.17593855 93.00000000
0.01633210 0.17486863 93.00000000
0.01631056 0.17381016 93.00000000
0.01628921 0.17276301 93.00000000
0.01626804 0.17172702 94.00000000
0.01624704 0.17070207 94.00000000
0.01622622 0.16968802 94.00000000
0.01620558 0.16868475 94.00000000
0.01618510 0.16769212 94.00000000
0.01616479 0.16671000 94.00000000
0.01614464 0.16573829 94.00000000
0.01612466 0.16477684 94.00000000
0.01610483 0.16382554 94.00000000
0.01608516 0.16288428 95.00000000
0.01606564 0.16195294 95.00000000
0.01604627 0.16103140 95.00000000
0.01602705 0.16011956 95.00000000
0.01600798 0.15921729 95.00000000
0.01598905 0.15832451 95.00000000
0.01597026 0.15744109 95.00000000
0.01595161 0.15656693 95.00000000
0.01593310 0.15570193 95.00000000
0.01591472 0.15484600 95.00000000
0.01589647 0.15399902 96.00000000
0.01587835 0.15316090 96.00000000
0.01586037 0.15233156 96.00000000
0.01584250 0.15151088 96.00000000
0.01582477 0.15069878 96.00000000
0.01580715 0.14989517 96.00000000
0.01578965 0.14909995 96.00000000
0.01577228 0.14831304 96.00000000
0.01575501 0.14753435 97.00000000
0.01573787 0.14676380 97.00000000
0.01572083 0.14600129 97.00000000
0.01570391 0.14524676 97.00000000
0.01568710 0.14450011 97.00000000
0.01567039 0.14376126 97.00000000
0.01565379 0.14303014 97.00000000
0.01563730 0.14230666 97.00000000
0.01562090 0.14159076 97.00000000
0.01560461 0.14088235 98.00000000
0.01558842 0.14018136 101.00000000
0.01557232 0.13948771 101.00000000
0.01555632 0.13880134 101.00000000
0.01554042 0.13812218 101.00000000
0.01552461 0.13745014 101.00000000
0.01550889 0.13678517 102.00000000
0.01549326 0.13612720 102.00000000
0.01547773 0.13547615 102.00000000
0.01546228 0.13483197 102.00000000
0.01544691 0.13419458 102.00000000
0.01543163 0.13356393 102.00000000
0.01541644 0.13293994 102.00000000
0.01540133 0.13232256 102.00000000
0.01538630 0.13171173 103.00000000
0.01537135 0.13110738 103.00000000
0.01535648 0.13050946 104.00000000
0.01534169 0.12991790 104.00000000
0.01532697 0.12933265 104.00000000
0.01531233 0.12875365 104.00000000
0.01529776 0.12818084 104.00000000
0.01528327 0.12761417 104.00000000
0.01526885 0.12705359 104.00000000
0.01525450 0.12649902 104.00000000
0.01524022 0.12595043 104.00000000
0.01522601 0.12540777 104.00000000
0.01521187 0.12487096 105.00000000
0.01519780 0.12433998 105.00000000
0.01518379 0.12381476 105.00000000
0.01516985 0.12329525 105.00000000
0.01515597 0.12278141 105.00000000
0.01514215 0.12227318 105.00000000
0.01512840 0.12177051 105.00000000
0.01511471 0.12127337 105.00000000
0.01510108 0.12078169 105.00000000
0.01508751 0.12029543 105.00000000
0.01507399 0.11981455 106.00000000
0.01506054 0.11933900 106.00000000
0.01504714 0.11886873 106.00000000
0.01503380 0.11840370 106.00000000
0.01502052 0.11794386 106.00000000
0.01500729 0.11748917 106.00000000
0.01499411 0.11703959 106.00000000
0.01498099 0.11659507 106.00000000
0.01496792 0.11615556 106.00000000
0.01495490 0.11572103 106.00000000
0.01494194 0.11529144 106.00000000
0.01492902 0.11486674 107.00000000
0.01491615 0.11444689 107.00000000
0.01490334 0.11403185 107.00000000
0.01489057 0.11362157 107.00000000
0.01487784 0.11321603 107.00000000
0.01486517 0.11281518 107.00000000
0.01485254 0.11241897 107.00000000
0.01483996 0.11202737 107.00000000
0.01482742 0.11164035 107.00000000
0.01481493 0.11125785 107.00000000
0.01480248 0.11087985 107.00000000
0.01479008 0.11050631 108.00000000
0.01477772 0.11013718 108.00000000
0.01476540 0.10977243 108.00000000
0.01475312 0.10941203 108.00000000
0.01474088 0.10905593 108.00000000
0.01472869 0.10870410 108.00000000
0.01471653 0.10835650 108.00000000
0.01470441 0.10801310 108.00000000
0.01469234 0.10767385 108.00000000
0.01468030 0.10733874 108.00000000
0.01466830 0.10700771 108.00000000
0.01465633 0.10668073 109.00000000
0.01464441 0.10635778 109.00000000
0.01463252 0.10603880 109.00000000
0.01462066 0.10572378 109.00000000
0.01460885 0.10541267 109.00000000
0.01459706 0.10510544 109.00000000
0.01458532 0.10480205 109.00000000
0.01457360 0.10450248 109.00000000
0.01456192 0.10420668 109.00000000
0.01455028 0.10391463 109.00000000
0.01453867 0.10362629 109.00000000
0.01452709 0.10334163 110.00000000
0.01451554 0.10306061 110.00000000
0.01450403 0.10278320 110.00000000
0.01449254 0.10250938 110.00000000
0.01448109 0.10223909 110.00000000
0.01446967 0.10197233 110.00000000
0.01445828 0.10170904 110.00000000
0.01444692 0.10144920 110.00000000
0.01443559 0.10119278 110.00000000
0.01442429 0.10093975 110.00000000
0.01441302 0.10069006 110.00000000
0.01440178 0.10044370 111.00000000
0.01439057 0.10020064 111.00000000
0.01437938 0.09996083 111.00000000
0.01436822 0.09972425 111.00000000
0.01435709 0.09949086 111.00000000
0.01434599 0.09926064 111.00000000
0.01433492 0.09903356 111.00000000
0.01432387 0.09880958 111.00000000
0.01431285 0.09858868 111.00000000
0.01430185 0.09837082 111.00000000
0.01429089 0.09815597 111.00000000
0.01427994 0.09794411 112.00000000
0.01426903 0.09773521 112.00000000
0.01425813 0.09752922 112.00000000
0.01424727 0.09732613 112.00000000
0.01423643 0.09712591 112.00000000
0.01422561 0.09692852 112.00000000
0.01421482 0.09673393 112.00000000
0.01420405 0.09654213 112.00000000
0.01419331 0.09635307 112.00000000
0.01418258 0.09616673 112.00000000
0.01417189 0.09598308 112.00000000
0.01416122 0.09580210 113.00000000
0.01415057 0.09562374 113.00000000
0.01413994 0.09544799 113.00000000
0.01412933 0.09527482 113.00000000
0.01411875 0.09510420 113.00000000
0.01410819 0.09493610 113.00000000
0.01409766 0.09477049 113.00000000
0.01408714 0.09460735 113.00000000
0.01407665 0.09444665 113.00000000
0.01406618 0.09428836 113.00000000
0.01405573 0.09413245 113.00000000
0.01404531 0.09397890 114.00000000
0.01403490 0.09382768 114.00000000
0.01402452 0.09367876 114.00000000
0.01401415 0.09353213 114.00000000
0.01400381 0.09338774 114.00000000
0.01399349 0.09324558 114.00000000
0.01398319 0.09310561 114.00000000
0.01397291 0.09296783 114.00000000
0.01396265 0.09283218 114.00000000
0.01395242 0.09269866 114.00000000
0.01394220 0.09256724 114.00000000
0.01393200 0.09243789 115.00000000
0.01392182 0.09231059 115.00000000
0.01391167 0.09218531 115.00000000
0.01390153 0.09206202 115.00000000
0.01389141 0.09194071 115.00000000
0.01388132 0.09182135 115.00000000
0.01387124 0.09170392 115.00000000
0.01386118 0.09158838 115.00000000
0.01385114 0.09147473 115.00000000
0.01384112 0.09136293 115.00000000
0.01383113 0.09125296 115.00000000
0.01382115 0.09114479 116.00000000
0.01381119 0.09103842 116.00000000
0.01380124 0.09093380 116.00000000