0.125024173551172096 0.169386532172338483 1.000000000000000000
0.125015373540182134 0.165863316198171434 1.000000000000000000
0.125001576744850323 0.160742547909626748 2.000000000000000000
0.124985078121927051 0.155374375875087817 2.000000000000000000
0.124967167499307197 0.150687493650602022 2.000000000000000000
0.124948487691750140 0.147286222042031761 2.000000000000000000
0.124929281068885331 0.145534939013197306 2.000000000000000000
0.124909548349031119 0.145626037016888532 2.000000000000000000
0.124889144840897443 0.147634667330561936 3.000000000000000000
0.124867834789968477 0.151563248460702987 3.000000000000000000
0.124845318796563340 0.157376768189668531 3.000000000000000000
0.124821244370195913 0.165028879941647666 3.000000000000000000
0.124795206033473022 0.174479135957055609 3.000000000000000000
0.124766738881233921 0.185702614617202860 3.000000000000000000
0.124735307872651746 0.198693822891167188 4.000000000000000000
0.124700294129186276 0.213466787124432122 4.000000000000000000
0.124660978931583455 0.230052851077284265 4.000000000000000000
0.124616525819176691 0.248497164068238963 4.000000000000000000
0.124565961111536644 0.268854359003771470 4.000000000000000000
0.124508153252643680 0.291183562449069677 4.000000000000000000
0.124441791606976965 0.315542643197728123 5.000000000000000000
0.124365365721710391 0.341981461347284077 5.000000000000000000
0.124277146629939148 0.370533796959906347 5.000000000000000000
0.124175172533325634 0.401207598150142120 5.000000000000000000
0.124057242191797604 0.433973189253639924 5.000000000000000000
0.123920920566418499 0.468749130680569892 5.000000000000000000
0.123763562668398691 0.505385546238780403 6.000000000000000000
0.123582363040285304 0.543644966487345171 6.000000000000000000
0.123374439580973286 0.583181123732598117 6.000000000000000000
0.123136961079098856 0.623516726053565007 6.000000000000000000
0.122867327147765465 0.664022076753616131 6.000000000000000000
0.122563406302229172 0.703897502221716098 6.000000000000000000
0.122223831554183857 0.742163843933978162 7.000000000000000000
0.121848342059253295 0.777666571388486827 7.000000000000000000
0.121438143622051353 0.809100008997436837 7.000000000000000000
0.120996241281221828 0.835058150202628413 7.000000000000000000
0.120527677276812822 0.854116796591159133 7.000000000000000000
0.120039594081601905 0.864947584596571728 7.000000000000000000
0.119541044086741474 0.866457566481811936 8.000000000000000000
0.119042494116258613 0.857939107849941429 8.000000000000000000
0.118555028199103324 0.839206091374349317 8.000000000000000000
0.118089328899378412 0.810687216343986661 8.000000000000000000
0.117654594982656194 0.773449204441261640 8.000000000000000000
0.117257600817288449 0.729133871541373102 8.000000000000000000
0.116902093875012561 0.679811618067267420 8.000000000000000000
0.116588654009492185 0.627774353690746190 9.000000000000000000
0.116315023053351868 0.575305835663743603 9.000000000000000000
0.116076797590936490 0.524471300689637210 9.000000000000000000
0.115868303492213387 0.476960196423526550 9.000000000000000000
0.115683459193938395 0.433999689438826719 9.000000000000000000
0.115516478754324831 0.396338787858246444 9.000000000000000000
0.115362338536818335 0.364289013552922702 10.000000000000000000
0.115217002736650073 0.337800571294953500 10.000000000000000000
0.115077452473809919 0.316552942076113730 10.000000000000000000
0.114941584752056167 0.300043697011289301 10.000000000000000000
0.114808046171543290 0.287666042851170700 10.000000000000000000
0.114676051598762929 0.278771424527912814 10.000000000000000000
0.114545219274906102 0.272717033283727595 11.000000000000000000
0.114415437210583087 0.268899504424099434 11.000000000000000000
0.114286763885443482 0.266776476623718617 11.000000000000000000
0.114159359471917271 0.265877877948890340 11.000000000000000000
0.114033440968245109 0.265809041501520960 11.000000000000000000
0.113909254338839305 0.266247896034623344 11.000000000000000000
0.113787057780806319 0.266938381266490832 12.000000000000000000
0.113667111700761617 0.267681911429117791 12.000000000000000000
0.113549672401200480 0.268328262403479234 12.000000000000000000
0.113434987621557445 0.268766803882768301 12.000000000000000000
0.113323292906399128 0.268918612439702387 12.000000000000000000
0.113214808317719781 0.268729711918978209 12.000000000000000000
0.113109735335819708 0.268165491368576814 13.000000000000000000
0.113008253969676620 0.267206230862799654 13.000000000000000000
0.112910520176653789 0.265843601977350186 13.000000000000000000
0.112816663711489906 0.264077984383085884 13.000000000000000000
0.112726786511518656 0.261916438921160788 13.000000000000000000
0.112640961695198605 0.259371190367923443 13.000000000000000000
0.112559233214230073 0.256458492876340149 14.000000000000000000
0.112481616161886525 0.253197773230355305 14.000000000000000000
0.112408097705488291 0.249610968782068982 14.000000000000000000
0.112338638581620215 0.245721996703998080 14.000000000000000000
0.112273175070194298 0.241556308249269436 14.000000000000000000
0.112211621348495383 0.237140495864640727 14.000000000000000000
0.112153872118950115 0.232501932346868084 14.000000000000000000
0.112099805403981123 0.227668430034258518 15.000000000000000000
0.112049285406938384 0.222667914606759276 15.000000000000000000
0.112002165348412730 0.217528112759345915 15.000000000000000000
0.111958290200764185 0.212276256121402135 15.000000000000000000
0.111917499258983519 0.206938805594489406 15.000000000000000000
0.111879628501746528 0.201541201018993699 15.000000000000000000
0.111844512711642988 0.196107640981482145 15.000000000000000000
0.111811987337285201 0.190660896848555639 16.000000000000000000
0.111781890091816619 0.185222163956120234 16.000000000000000000
0.111754062292006656 0.179810951478078157 16.000000000000000000
0.111728349949601583 0.174445011009954215 16.000000000000000000
0.111704604632018006 0.169140302471559728 16.000000000000000000
0.111682684113040998 0.163910994669691723 16.000000000000000000
0.111662452836195775 0.158769496845540037 16.000000000000000000
0.111643782214191425 0.153726516806665353 17.000000000000000000
0.111626550787577328 0.148791140823208767 17.000000000000000000
0.111610644264758335 0.143970930338527953 17.000000000000000000
0.111595955464017293 0.139272030670875957 17.000000000000000000
0.111582384176371743 0.134699287216586416 17.000000000000000000
0.111569836966105465 0.130256365151134285 17.000000000000000000
0.111558226923775552 0.125945869206390976 18.000000000000000000
0.111547473384492640 0.121769460728583800 18.000000000000000000
0.111537501622366989 0.117727969847631245 18.000000000000000000
0.111528242530246846 0.113821501179889650 18.000000000000000000
0.111519632292274087 0.110049532018183155 18.000000000000000000
0.111511612055352399 0.106411002420144424 18.000000000000000000
0.111504127604372658 0.102904396981707710 18.000000000000000000
0.111497129044959634 0.099527818377151217 19.000000000000000000
0.111490570496579844 0.096279052965619949 19.000000000000000000
0.111484409798080164 0.093155628915102595 19.000000000000000000
0.111478608227079654 0.090154867388827900 19.000000000000000000
0.111473130234114801 0.087273927386957370 19.000000000000000000
0.111467943192011323 0.084509844848971893 19.000000000000000000
0.111463017160618280 0.081859566608958712 19.000000000000000000
0.111458324666779240 0.079319979765380341 20.000000000000000000
0.111453840499208701 0.076887936985713709 20.000000000000000000
0.111449541517798442 0.074560278219806958 20.000000000000000000
0.111445406476765346 0.072333849247828166 20.000000000000000000
0.111441415860980636 0.070205517441979573 20.000000000000000000
0.111437551734776943 0.068172185077391118 20.000000000000000000
0.111433797602502924 0.066230800487736788 20.000000000000000000
0.111430138280088464 0.064378367325519645 21.000000000000000000
0.111426559776894099 0.062611952155617184 21.000000000000000000
0.111423049187126866 0.060928690583328171 21.000000000000000000
0.111419594590137769 0.059325792094432714 21.000000000000000000
0.111416184958936584 0.057800543764225727 21.000000000000000000
0.111412810076297511 0.056350312974682862 21.000000000000000000
0.111409460457859905 0.054972549263477596 22.000000000000000000
0.111406127281666073 0.053664785415098795 22.000000000000000000
0.111402802323611771 0.052424637892579944 22.000000000000000000
0.111399477898321705 0.051249806698030628 22.000000000000000000
0.111396146804994198 0.050138074741102268 22.000000000000000000
0.111392802277795008 0.049087306786523760 22.000000000000000000
0.111389437940409924 0.048095448044785966 22.000000000000000000
0.111386047764395368 0.047160522463796727 23.000000000000000000
0.111382626030996731 0.046280630773767532 23.000000000000000000
0.111379167296127429 0.045453948332651567 23.000000000000000000
0.111375666358229888 0.044678722814993715 23.000000000000000000
0.111372118228759684 0.043953271783045388 23.000000000000000000
0.111368518105058392 0.043275980175324309 23.000000000000000000
0.111364861345398469 0.042645297744402295 23.000000000000000000
0.111361143446002175 0.042059736472539827 24.000000000000000000
0.111357360019856022 0.041517867990760446 24.000000000000000000
0.111353506777153222 0.041018321024070027 24.000000000000000000
0.111349579507217661 0.040559778882721796 24.000000000000000000
0.111345574061767774 0.040140977016690248 24.000000000000000000
0.111341486339399068 0.039760700647839750 24.000000000000000000
0.111337312271170982 0.039417782491662744 24.000000000000000000
0.111333047807193192 0.039111100577925585 25.000000000000000000
0.111328688904120135 0.038839576177110792 25.000000000000000000
0.111324231513465099 0.038602171837217987 25.000000000000000000
0.111319671570660972 0.038397889533303725 25.000000000000000000
0.111315004984793228 0.038225768930135420 25.000000000000000000
0.111310227628944672 0.038084885756515890 25.000000000000000000
0.111305335331093908 0.037974350288261141 25.000000000000000000
0.111300323865515666 0.037893305935464708 26.000000000000000000
0.111295188944636275 0.037840927928587974 26.000000000000000000
0.111289926211303791 0.037816422097088812 26.000000000000000000
0.111284531231432879 0.037819023733716775 26.000000000000000000
0.111278999486994032 0.037847996537266837 26.000000000000000000
0.111273326369314432 0.037902631626476446 26.000000000000000000
0.111267507172665772 0.037982246617850740 27.000000000000000000
0.111261537088114038 0.038086184760470057 27.000000000000000000
0.111255411197612661 0.038213814121271276 27.000000000000000000
0.111249124468318764 0.038364526814839650 27.000000000000000000
0.111242671747117716 0.038537738272382979 27.000000000000000000
0.111236047755343015 0.038732886545273772 27.000000000000000000
0.111229247083678554 0.038949431639266868 27.000000000000000000
0.111222264187234784 0.039186854876261008 28.000000000000000000
0.111215093380789942 0.039444658281197593 28.000000000000000000
0.111207728834188738 0.039722363992405224 28.000000000000000000
0.111200164567895651 0.040019513694360700 28.000000000000000000
0.111192394448695636 0.040335668072452348 28.000000000000000000
0.111184412185541828 0.040670406289884137 28.000000000000000000
0.111176211325546156 0.041023325487349015 28.000000000000000000
0.111167785250111784 0.041394040306522696 29.000000000000000000
0.111159127171208350 0.041782182438792274 29.000000000000000000
0.111150230127786936 0.042187400200923181 29.000000000000000000
0.111141086982338849 0.042609358139607492 29.000000000000000000
0.111131690417594547 0.043047736667019762 29.000000000000000000
0.111122032933367795 0.043502231729626500 29.000000000000000000
0.111112106843543154 0.043972554512586699 29.000000000000000000
0.111101904273209789 0.044458431182116044 30.000000000000000000
0.111091417155940633 0.044959602668194050 30.000000000000000000
0.111080637231221011 0.045475824489962305 30.000000000000000000
0.111069556042023163 0.046006866626108332 30.000000000000000000
0.111058164932530887 0.046552513432435855 30.000000000000000000
0.111046455046011877 0.047112563608730021 30.000000000000000000
0.111034417322838086 0.047686830216884461 30.000000000000000000
0.111022042498652662 0.048275140752118778 31.000000000000000000
0.111009321102683439 0.048877337268947406 31.000000000000000000
0.110996243456197977 0.049493276563379783 31.000000000000000000
0.110982799671100030 0.050122830412631755 31.000000000000000000
0.110968979648663035 0.050765885873418848 31.000000000000000000
0.110954773078395866 0.051422345639665142 31.000000000000000000
0.110940169437037564 0.052092128460220474 32.000000000000000000
0.110925157987675632 0.052775169616910686 32.000000000000000000
0.110909727778981101 0.053471421462972103 32.000000000000000000
0.110893867644555791 0.054180854021620928 32.000000000000000000
0.110877566202384176 0.054903455644191870 32.000000000000000000
0.110860811854384581 0.055639233726962826 32.000000000000000000
0.110843592786051048 0.056388215485416719 32.000000000000000000
0.110825896966181489 0.057150448784351458 33.000000000000000000
0.110807712146684181 0.057926003021849373 33.000000000000000000
0.110789025862456383 0.058714970064737887 33.000000000000000000
0.110769825431331292 0.059517465232761205 33.000000000000000000
0.110750097954087134 0.060333628328264464 33.000000000000000000
0.110729830314514943 0.061163624707757026 33.000000000000000000
0.110709009179543419 0.062007646391288453 33.000000000000000000
0.110687620999419090 0.062865913205115739 34.000000000000000000
0.110665652007942844 0.063738673952691866 34.000000000000000000
0.110643088222765432 0.064626207608546510 34.000000000000000000
0.110619915445745787 0.065528824529173649 34.000000000000000000
0.110596119263380019 0.066446867674581550 34.000000000000000000
0.110571685047309812 0.067380713833713843 34.000000000000000000
0.110546597954922152 0.068330774846495621 34.000000000000000000
0.110520842930054652 0.069297498814828537 35.000000000000000000
0.110494404703824531 0.070281371294428546 35.000000000000000000
0.110467267795600163 0.071282916458982756 35.000000000000000000
0.110439416514140382 0.072302698227713638 35.000000000000000000
0.110410834958923357 0.073341321347045671 35.000000000000000000
0.110381507021698605 0.074399432416718522 35.000000000000000000
0.110351416388289381 0.075477720850348234 35.000000000000000000
0.110320546540680423 0.076576919760116810 36.000000000000000000
0.110288880759427277 0.077697806754989232 36.000000000000000000
0.110256402126424263 0.078841204641583146 36.000000000000000000
0.110223093528070498 0.080007982016589207 36.000000000000000000
0.110188937658875385 0.081199053739430524 36.000000000000000000
0.110153917025544515 0.082415381273681712 36.000000000000000000
0.110118013951587337 0.083657972885632689 36.000000000000000000
0.110081210582490097 0.084927883688284633 37.000000000000000000
0.110043488891492749 0.086226215519013286 37.000000000000000000
0.110004830686012939 0.087554116639121729 37.000000000000000000
0.109965217614753308 0.088912781243556741 37.000000000000000000
0.109924631175527115 0.090303448769145783 37.000000000000000000
0.109883052723838873 0.091727402989885187 37.000000000000000000
0.109840463482245132 0.093185970888024189 38.000000000000000000
0.109796844550524630 0.094680521290001179 38.000000000000000000
0.109752176916675367 0.096212463256664327 38.000000000000000000
0.109706441468755495 0.097783244217686346 38.000000000000000000
0.109659619007578493 0.099394347840656622 38.000000000000000000
0.109611690260264197 0.101047291626012642 38.000000000000000000
0.109562635894643587 0.102743624219767890 38.000000000000000000
0.109512436534507762 0.104484922436912209 39.000000000000000000
0.109461072775682108 0.106272787989411491 39.000000000000000000
0.109408525202902257 0.108108843913913288 39.000000000000000000
0.109354774407458138 0.109994730695593582 39.000000000000000000
0.109299801005568228 0.111932102086045954 39.000000000000000000
0.109243585657433334 0.113922620614717793 39.000000000000000000
0.109186109086917782 0.115967952795158771 39.000000000000000000
0.109127352101795569 0.118069764029210766 40.000000000000000000
0.109067295614492271 0.120229713214291656 40.000000000000000000
0.109005920663249392 0.122449447061033653 40.000000000000000000
0.108943208433631242 0.124730594130752451 40.000000000000000000
0.108879140280291067 0.127074758604514532 40.000000000000000000
0.108813697748906160 0.129483513797922167 40.000000000000000000
0.108746862598196950 0.131958395438092374 40.000000000000000000
0.108678616821932791 0.134500894721699960 41.000000000000000000
0.108608942670838385 0.137112451175281536 41.000000000000000000
0.108537822674307199 0.139794445341299395 41.000000000000000000
0.108465239661837562 0.142548191315641892 41.000000000000000000
0.108391176784106605 0.145374929164326178 41.000000000000000000
0.108315617533607716 0.148275817249087755 41.000000000000000000
0.108238545764780869 0.151251924493292306 42.000000000000000000
0.108159945713578343 0.154304222621176212 42.000000000000000000
0.108079802016414483 0.157433578404766072 42.000000000000000000
0.107998099728467134 0.160640745953970987 42.000000000000000000
0.107914824341305282 0.163926359086258355 42.000000000000000000
0.107829961799838697 0.167290923813039699 42.000000000000000000
0.107743498518597866 0.170734810980404217 42.000000000000000000
0.107655421397372150 0.174258249102187623 43.000000000000000000
0.107565717836250616 0.177861317423571419 43.000000000000000000
0.107474375750129164 0.181543939253511671 43.000000000000000000
0.107381383582767428 0.185305875604354520 43.000000000000000000
0.107286730320492046 0.189146719177044675 43.000000000000000000
0.107190405505666470 0.193065888730434260 43.000000000000000000
0.107092399250057507 0.197062623873411835 43.000000000000000000
0.106992702248246474 0.201135980318908308 44.000000000000000000
0.106891305791240815 0.205284825639428126 44.000000000000000000
0.106788201780455005 0.209507835564511968 44.000000000000000000
0.106683382742227120 0.213803490861601747 44.000000000000000000
0.106576841843046832 0.218170074843085177 44.000000000000000000
0.106468572905659836 0.222605671543826905 44.000000000000000000
0.106358570426206112 0.227108164615259456 44.000000000000000000
0.106246829592537770 0.231675236983960142 45.000000000000000000
0.106133346303838569 0.236304371324550427 45.000000000000000000
0.106018117191641087 0.240992851398537267 45.000000000000000000
0.105901139642306838 0.245737764312228185 45.000000000000000000
0.105782411820995861 0.250536003747882763 45.000000000000000000
0.105661932697106123 0.255384274222591912 45.000000000000000000
0.105539702071118152 0.260279096428725820 45.000000000000000000
0.105415720602723223 0.265216813707909560 46.000000000000000000
0.105289989840060758 0.270193599707062804 46.000000000000000000
0.105162512249828727 0.275205467259804437 46.000000000000000000
0.105033291247976057 0.280248278529167338 46.000000000000000000
0.104902331230624410 0.285317756437902914 46.000000000000000000
0.104769637604816501 0.290409497400376693 46.000000000000000000
0.104635216818635926 0.295518985355144037 47.000000000000000000
0.104499076390204670 0.300641607079548456 47.000000000000000000
0.104361224935031166 0.305772668747265830 47.000000000000000000
0.104221672191162490 0.310907413666679899 47.000000000000000000
0.104080429041589720 0.316041041112647525 47.000000000000000000
0.103937507533362838 0.321168726137019023 47.000000000000000000
0.103792920892901638 0.326285640214751815 47.000000000000000000
0.103646683537032949 0.331386972553385117 48.000000000000000000
0.103498811079346512 0.336467951864789949 48.000000000000000000
0.103349320331547978 0.341523868370563810 48.000000000000000000
0.103198229299581279 0.346550095787192869 48.000000000000000000
0.103045557174411231 0.351542113015356372 48.000000000000000000
0.102891324317480576 0.356495525240631050 48.000000000000000000
0.102735552240994010 0.361406084141523920 48.000000000000000000
0.102578263583321200 0.366269706896222902 49.000000000000000000
0.102419482079951593 0.371082493682632297 49.000000000000000000
0.102259232530571648 0.375840743377816588 49.000000000000000000
0.102097540762958308 0.380540967183285728 49.000000000000000000
0.101934433594493265 0.385179899931789860 49.000000000000000000
0.101769938792191275 0.389754508869085914 49.000000000000000000
0.101604085032196492 0.394261999749918268 50.000000000000000000
0.101436901859735390 0.398699820140182404 50.000000000000000000
0.101268419650509839 0.403065659875527504 50.000000000000000000
0.101098669574484212 0.407357448688779211 50.000000000000000000
0.100927683562943446 0.411573351082604733 50.000000000000000000
0.100755494279596194 0.415711758587614555 50.000000000000000000
0.100582135096360353 0.419771279607355718 50.000000000000000000
0.100407640074301266 0.423750727108226477 51.000000000000000000
0.100232043950005442 0.427649104462040686 51.000000000000000000
0.100055382127467452 0.431465589790012594 51.000000000000000000
0.099877690675354638 0.435199519187661865 51.000000000000000000
0.099699006329297540 0.438850369229450088 51.000000000000000000
0.099519366498647413 0.442417739159130574 51.000000000000000000
0.099338809276945078 0.445901333166574765 51.000000000000000000
0.099157373455178083 0.449300943134583131 52.000000000000000000
0.098975098536755068 0.452616432210597497 52.000000000000000000
0.098792024753024149 0.455847719519587913 52.000000000000000000
0.098608193078086007 0.458994766287263378 52.000000000000000000
0.098423645241633009 0.462057563589063136 52.000000000000000000
0.098238423738553654 0.465036121882282050 52.000000000000000000
0.098052571834104749 0.467930462418371940 52.000000000000000000
0.097866133563549951 0.470740610572186968 53.000000000000000000
0.097679153725297813 0.473466591066906917 53.000000000000000000
0.097491677866739790 0.476108425019483528 53.000000000000000000
0.097303752262176441 0.478666128683482739 53.000000000000000000
0.097115423882434271 0.481139713725502960 53.000000000000000000
0.096926740355989388 0.483529188838946966 53.000000000000000000
0.096737749921638611 0.485834562475481624 53.000000000000000000
0.096548501372976728 0.488055846460207110 54.000000000000000000
0.096359043995138186 0.490193060251252755 54.000000000000000000
0.096169427494451717 0.492246235607726623 54.000000000000000000
0.095979701921813945 0.494215421440799385 54.000000000000000000
0.095789917590722959 0.496100688640217669 54.000000000000000000
0.095600124991012878 0.497902134691420362 54.000000000000000000
0.095410374699397588 0.499619887925371098 55.000000000000000000
0.095220717287970602 0.501254111272823044 55.000000000000000000
0.095031203231804723 0.502805005425659868 55.000000000000000000
0.094841882816773637 0.504272811338939753 55.000000000000000000
0.094652806048657542 0.505657812037183185 55.000000000000000000
0.094464022564521216 0.506960333716323985 55.000000000000000000
0.094275581547251464 0.508180746157814389 55.000000000000000000
0.094087531644032801 0.509319462493101005 56.000000000000000000
0.093899920889415123 0.510376938374623501 56.000000000000000000
0.093712796633502266 0.511353670623564072 56.000000000000000000
0.093526205475660720 0.512250195434680977 56.000000000000000000
0.093340193204021760 0.513067086224877733 56.000000000000000000
0.093154804740931019 0.513804951214968719 56.000000000000000000
0.092970084094387326 0.514464430833684094 57.000000000000000000
0.092786074315412984 0.515046195029799092 57.000000000000000000
0.092602817461206494 0.515550940572778726 57.000000000000000000
0.092420354563856597 0.515979388414965934 57.000000000000000000
0.092238725604331412 0.516332281179616603 57.000000000000000000
0.092057969491408931 0.516610380829388705 57.000000000000000000
0.091878124045178006 0.516814466559667784 58.000000000000000000
0.091699225984717039 0.516945332950755843 58.000000000000000000
0.091521310919541118 0.517003788402714659 58.000000000000000000
0.091344413344408876 0.516990653866914562 58.000000000000000000
0.091168566637082282 0.516906761879239895 58.000000000000000000
0.090993803058647404 0.516752955891678467 58.000000000000000000
0.090820153756020830 0.516530089891746313 58.000000000000000000
0.090647648766291250 0.516239028293010271 59.000000000000000000
0.090476317022568392 0.515880646074863281 59.000000000000000000
0.090306186361045315 0.515455829145725852 59.000000000000000000
0.090137283529005255 0.514965474900883402 59.000000000000000000
0.089969634193537248 0.514410492944321729 59.000000000000000000
0.089803262950754914 0.513791805942905744 59.000000000000000000
0.089638193335341981 0.513110350581160057 59.000000000000000000
0.089474447830275750 0.512367078585530988 60.000000000000000000
0.089312047876609360 0.511562957788258443 60.000000000000000000
0.089151013883214711 0.510698973202778905 60.000000000000000000
0.088991365236414391 0.509776128084745039 60.000000000000000000
0.088833120309449634 0.508795444955255527 60.000000000000000000
0.088676296471750918 0.507757966565533514 60.000000000000000000
0.088520910097994537 0.506664756785127901 61.000000000000000000
0.088366976576942383 0.505516901398486040 61.000000000000000000
0.088214510320073311 0.504315508797563039 61.000000000000000000
0.088063524770029003 0.503061710560790853 61.000000000000000000
0.087914032408900208 0.501756661911284985 61.000000000000000000
0.087766044766390078 0.500401542049545789 61.000000000000000000
0.087619572427895503 0.498997554358050988 61.000000000000000000
0.087474625042549894 0.497545926477132361 62.000000000000000000
0.087331211331275804 0.496047910253229807 62.000000000000000000
0.087189339094894111 0.494504781562179585 62.000000000000000000
0.087049015222339279 0.492917840011471597 62.000000000000000000
0.086910245699028041 0.491288408526527276 62.000000000000000000
0.086773035615426763 0.489617832826975519 62.000000000000000000
0.086637389175863513 0.487907480799643856 62.000000000000000000
0.086503309707622641 0.486158741775565950 63.000000000000000000
0.086370799670362611 0.484373025718754402 63.000000000000000000
0.086239860665888388 0.482551762334826662 63.000000000000000000
0.086110493448308359 0.480696400107730515 63.000000000000000000
0.085982697934602656 0.478808405273004389 63.000000000000000000
0.085856473215619775 0.476889260735974152 63.000000000000000000
0.085731817567520879 0.474940464943294949 63.000000000000000000
0.085608728463680506 0.472963530716108638 64.000000000000000000
0.085487202587049685 0.470959984052986225 64.000000000000000000
0.085367235842984446 0.468931362910575855 64.000000000000000000
0.085248823372534380 0.466879215969692785 64.000000000000000000
0.085131959566184912 0.464805101394290821 64.000000000000000000
0.085016638078040899 0.462710585590485057 64.000000000000000000
0.084902851840434695 0.460597241972473370 65.000000000000000000
0.084790593078939228 0.458466649741880783 65.000000000000000000
0.084679853327762761 0.456320392686683729 65.000000000000000000
0.084570623445497040 0.454160058005537437 65.000000000000000000
0.084462893631190639 0.451987235162925882 65.000000000000000000
0.084356653440713192 0.449803514780187208 65.000000000000000000
0.084251891803377221 0.447610487567073390 65.000000000000000000
0.084148597038777986 0.445409743298102179 66.000000000000000000
0.084046756873816159 0.443202869837558466 66.000000000000000000
0.083946358459859066 0.440991452216593360 66.000000000000000000
0.083847388390002525 0.438777071765466542 66.000000000000000000
0.083749832716389472 0.436561305303578229 66.000000000000000000
0.083653676967543125 0.434345724389496812 66.000000000000000000
0.083558906165672311 0.432131894632836744 66.000000000000000000
0.083465504843905566 0.429921375069388434 67.000000000000000000
0.083373457063412704 0.427715717600527623 67.000000000000000000
0.083282746430371063 0.425516466497547874 67.000000000000000000
0.083193356112735803 0.423325157971143062 67.000000000000000000
0.083105268856774453 0.421143319805908856 67.000000000000000000
0.083018467003326255 0.418972471059342155 67.000000000000000000
0.082932932503750278 0.416814121824454376 68.000000000000000000
0.082848646935524031 0.414669773054742008 68.000000000000000000
0.082765591517460615 0.412540916449914419 68.000000000000000000
0.082683747124509710 0.410429034400416171 68.000000000000000000
0.082603094302114100 0.408335599988455478 68.000000000000000000
0.082523613280090183 0.406262077042888525 68.000000000000000000
0.082445283986007881 0.404209920244999188 68.000000000000000000
0.082368086058044285 0.402180575281905150 69.000000000000000000
0.082291998857288787 0.400175479043951454 69.000000000000000000
0.082217001479478621 0.398196059862201523 69.000000000000000000
0.082143072766147893 0.396243737781794836 69.000000000000000000
0.082070191315172542 0.394319924866643468 69.000000000000000000
0.081998335490698904 0.392426025530655365 69.000000000000000000
0.081927483432442424 0.390563436890361493 69.000000000000000000
0.081857613064349535 0.388733549133564615 70.000000000000000000
0.081788702102613353 0.386937745898319307 70.000000000000000000
0.081720728063039233 0.385177404656304734 70.000000000000000000
0.081653668267757870 0.383453897094342688 70.000000000000000000
0.081587499851284079 0.381768589487603227 70.000000000000000000
0.081522199765924272 0.380122843057733639 70.000000000000000000
0.081457744786536085 0.378518014308933504 70.000000000000000000
0.081394111514645179 0.376955455334754941 71.000000000000000000
0.081331276381929496 0.375436514088179907 71.000000000000000000
0.081269215653079332 0.373962534607317931 71.000000000000000000
0.081207905428047969 0.372534857188894120 71.000000000000000000
0.081147321643705833 0.371154818501505002 71.000000000000000000
0.081087440074916556 0.369823751630514785 71.000000000000000000
0.081028236335055459 0.368542986046294929 72.000000000000000000
0.080969685875989475 0.367313847487512946 72.000000000000000000
0.080911763987545987 0.366137657751051560 72.000000000000000000
0.080854445796494867 0.365015734380213897 72.000000000000000000
0.080797706265074265 0.363949390242910287 72.000000000000000000
0.080741520189091573 0.362939932991626912 72.000000000000000000
0.080685862195633173 0.361988664397185689 73.000000000000000000
0.080630706740420638 0.361096879548576499 73.000000000000000000
0.080576028104852773 0.360265865911441663 73.000000000000000000
0.080521800392775192 0.359496902238303773 73.000000000000000000
0.080467997527023244 0.358791257324102941 73.000000000000000000
0.080414593245785371 0.358150188601302211 73.000000000000000000
0.080361561098837839 0.357574940569590438 73.000000000000000000
0.080308874443703715 0.357066743056089375 74.000000000000000000
0.080256506441792816 0.356626809303042080 74.000000000000000000
0.080204430054579903 0.356256333881150966 74.000000000000000000
0.080152618039883397 0.355956490428054606 74.000000000000000000
0.080101042948308457 0.355728429212983976 74.000000000000000000
0.080049677119918144 0.355573274530285366 74.000000000000000000
0.079998492681203195 0.355492121926383686 74.000000000000000000
0.079947461542417525 0.355486035266793343 75.000000000000000000
0.079896555395351176 0.355556043651984732 75.000000000000000000
0.079845745711612612 0.355703138193330215 75.000000000000000000
0.079795003741491205 0.355928268662925151 75.000000000000000000
0.079744300513473074 0.356232340033807493 75.000000000000000000
0.079693606834479611 0.356616208929985468 75.000000000000000000
0.079642893290899838 0.357080680008740214 76.000000000000000000
0.079592130250480786 0.357626502300776250 76.000000000000000000
0.079541287865141724 0.358254365537049924 76.000000000000000000
0.079490336074769241 0.358964896494375296 76.000000000000000000
0.079439244612046836 0.359758655395222060 76.000000000000000000
0.079387983008365540 0.360636132400334375 76.000000000000000000
0.079336520600853805 0.361597744236018370 76.000000000000000000
0.079284826540554937 0.362643831000894923 77.000000000000000000
0.079232869801771355 0.363774653199731679 77.000000000000000000
0.079180619192581070 0.364990389054385800 77.000000000000000000
0.079128043366519366 0.366291132143970688 77.000000000000000000
0.079075110835404111 0.367676889427900278 77.000000000000000000
0.079021789983267282 0.369147579706425477 77.000000000000000000
0.078968049081337768 0.370703032573521385 77.000000000000000000
0.078913856304005131 0.372342987916434776 78.000000000000000000
0.078859179745672719 0.374067096014707223 78.000000000000000000
0.078803987438393203 0.375874918288983562 78.000000000000000000
0.078748247370158828 0.377765928746336577 78.000000000000000000
0.078691927503702699 0.379739516163984325 78.000000000000000000
0.078634995795648449 0.381794987047264223 78.000000000000000000
0.078577420215831362 0.383931569390323024 79.000000000000000000
0.078519168766599035 0.386148417259373045 79.000000000000000000
0.078460209501889866 0.388444616208364957 79.000000000000000000
0.078400510545875240 0.390819189525790034 79.000000000000000000
0.078340040110950110 0.393271105298998669 79.000000000000000000
0.078278766514851938 0.395799284269184704 79.000000000000000000
0.078216658196691713 0.398402608436085937 79.000000000000000000
0.078153683731686990 0.401079930356886161 80.000000000000000000
0.078089811844399157 0.403830083068933143 80.000000000000000000
0.078025011420293555 0.406651890551118889 80.000000000000000000
0.077959251515461458 0.409544178624418498 80.000000000000000000
0.077892501364368996 0.412505786178568146 80.000000000000000000
0.077824730385529339 0.415535576599539047 80.000000000000000000
0.077755908185026618 0.418632449261815587 80.000000000000000000
0.077686004557857041 0.421795350940804281 81.000000000000000000
0.077614989487093528 0.425023286994375638 81.000000000000000000
0.077542833140918560 0.428315332158964501 81.000000000000000000
0.077469505867613780 0.431670640804892092 81.000000000000000000
0.077394978188631683 0.435088456498018528 81.000000000000000000
0.077319220789917736 0.438568120720331134 81.000000000000000000
0.077242204511684079 0.442109080610854743 82.000000000000000000
0.077163900336869248 0.445710895599985502 82.000000000000000000
0.077084279378548656 0.449373242824916697 82.000000000000000000
0.077003312866577509 0.453095921230917686 82.000000000000000000
0.076920972133771692 0.456878854282319613 82.000000000000000000
0.076837228601935995 0.460722091227846575 82.000000000000000000
0.076752053768057646 0.464625806886675152 82.000000000000000000
0.076665419190980355 0.468590299943890509 83.000000000000000000
0.076577296478864715 0.472615989766082101 83.000000000000000000
0.076487657277730256 0.476703411769267504 83.000000000000000000
0.076396473261355166 0.480853211391436330 83.000000000000000000
0.076303716122789272 0.485066136740337328 83.000000000000000000
0.076209357567712549 0.489343030003345836 83.000000000000000000
0.076113369309845594 0.493684817719827085 83.000000000000000000
0.076015723068591057 0.498092500027305485 84.000000000000000000
0.075916390569061701 0.502567139000744678 84.000000000000000000
0.075815343544625186 0.507109846209354953 84.000000000000000000
0.075712553742071365 0.511721769617628608 84.000000000000000000
0.075607992929490345 0.516404079957052287 84.000000000000000000
0.075501632906931515 0.521157956692309798 84.000000000000000000
0.075393445519898586 0.525984573701227864 85.000000000000000000
0.075283402675726821 0.530885084781567929 85.000000000000000000
0.075171476362878589 0.535860609090495932 85.000000000000000000
0.075057638673189542 0.540912216614580443 85.000000000000000000
0.074941861827092920 0.546040913759962887 85.000000000000000000
0.074824118201848755 0.551247629144275275 85.000000000000000000
0.074704380362799735 0.556533199664354328 85.000000000000000000
0.074582621097678284 0.561898356907068908 86.000000000000000000
0.074458813453980532 0.567343713964987506 86.000000000000000000
0.074332930779421533 0.572869752714167180 86.000000000000000000
0.074204946765476829 0.578476811608264585 86.000000000000000000
0.074074835494001762 0.584165074041409937 86.000000000000000000
0.073942571486909345 0.589934557331654452 86.000000000000000000
0.073808129758863278 0.595785102377311748 86.000000000000000000
0.073671485872921313 0.601716364039774465 87.000000000000000000
0.073532615999039305 0.607727802308177578 87.000000000000000000
0.073391496975309042 0.613818674303263534 87.000000000000000000
0.073248106371775284 0.619988027179553258 87.000000000000000000
0.073102422556637278 0.626234691986129244 87.000000000000000000
0.072954424764604342 0.632557278546575730 87.000000000000000000
0.072804093167137485 0.638954171417512318 88.000000000000000000
0.072651408944272272 0.645423526982509710 88.000000000000000000
0.072496354357687295 0.651963271733527971 88.000000000000000000
0.072338912824649534 0.658571101785430213 88.000000000000000000
0.072179068992448428 0.665244483660315522 88.000000000000000000
0.072016808812908895 0.671980656367490825 88.000000000000000000
0.071852119616566179 0.678776634791970146 88.000000000000000000
0.071684990186082292 0.685629214389574804 89.000000000000000000
0.071515410828489889 0.692534977170466859 89.000000000000000000
0.071343373445865943 0.699490298935564581 89.000000000000000000
0.071168871604058853 0.706491357712290990 89.000000000000000000
0.070991900599125191 0.713534143318040992 89.000000000000000000
0.070812457521167896 0.720614467962235494 89.000000000000000000
0.070630541315311435 0.727727977781318702 89.000000000000000000
0.070446152839594947 0.734870165186346957 90.000000000000000000
0.070259294919609874 0.742036381890202823 90.000000000000000000
0.070069972399759650 0.749221852471697924 90.000000000000000000
0.069878192191058119 0.756421688326987529 90.000000000000000000
0.069683963315429059 0.763630901855389066 90.000000000000000000
0.069487296946497745 0.770844420726799706 90.000000000000000000
0.069288206446896011 0.778057102081610719 91.000000000000000000
0.069086707402116490 0.785263746521190686 91.000000000000000000
0.068882817650959757 0.792459111757347401 91.000000000000000000
0.068676557312615502 0.799637925802502147 91.000000000000000000
0.068467948810405452 0.806794899597924720 91.000000000000000000
0.068257016892192240 0.813924738995000729 91.000000000000000000
0.068043788647428965 0.821022156023341498 91.000000000000000000
0.067828293520784136 0.828081879399069076 92.000000000000000000
0.067610563322235140 0.835098664246159750 92.000000000000000000
0.067390632233475148 0.842067301022678238 92.000000000000000000
0.067168536810433652 0.848982623661535762 92.000000000000000000
0.066944315981663699 0.855839516951527268 92.000000000000000000
0.066718011042309178 0.862632923198498491 92.000000000000000000
0.066489665643331641 0.869357848218171969 93.000000000000000000
0.066259325775649247 0.876009366721342109 93.000000000000000000
0.066027039748827510 0.882582627158634003 93.000000000000000000
0.065792858163957538 0.889072856096004061 93.000000000000000000
0.065556833880368634 0.895475362193619784 93.000000000000000000
0.065319021975844452 0.901785539860107010 93.000000000000000000
0.065079479700052567 0.907998872651530564 93.000000000000000000
0.064838266420942536 0.914110936480405090 94.000000000000000000
0.064595443563935304 0.920117402694793918 94.000000000000000000
0.064351074543794240 0.926014041081499650 94.000000000000000000
0.064105224689152293 0.931796722841012115 94.000000000000000000
0.063857961159754173 0.937461423575319586 94.000000000000000000
0.063609352856563758 0.943004226323341799 94.000000000000000000
0.063359470324977907 0.948421324672661714 95.000000000000000000
0.063108385651477444 0.953709025970561397 95.000000000000000000
0.062856172354129047 0.958863754652062972 95.000000000000000000
0.062602905267433895 0.963882055697702467 95.000000000000000000
0.062348660422084159 0.968760598229009617 95.000000000000000000
0.062093514920249768 0.973496179244972781 95.000000000000000000
0.061837546807064991 0.978085727497981616 95.000000000000000000
0.061580834939016726 0.982526307502807117 96.000000000000000000
0.061323458849959107 0.986815123666857530 96.000000000000000000
0.061065498615485665 0.990949524524398662 96.000000000000000000
0.060807034716385884 0.994927007051543244 96.000000000000000000
0.060548147901894625 0.998745221032763975 96.000000000000000000
0.060288919053416129 1.002401973443689309 96.000000000000000000
0.060029429049365798 1.005895232809146389 96.000000000000000000
0.059769758631726913 1.009223133490171787 97.000000000000000000
0.059509988274868558 1.012383979849275972 97.000000000000000000
0.059250198057113478 1.015376250239905964 97.000000000000000000
0.058990467535485494 1.018198600764016026 97.000000000000000000
0.058730875624005571 1.020849868741159128 97.000000000000000000
0.058471500475845276 1.023329075833584234 97.000000000000000000
0.058212419369587737 1.025635430774585410 98.000000000000000000
0.057953708599790654 1.027768331651625955 98.000000000000000000
0.057695443371993796 1.029727367701455787 98.000000000000000000
0.057437697702267032 1.031512320581348563 98.000000000000000000
0.057180544321351959 1.033123165088349005 98.000000000000000000
0.056924054583414825 1.034560069306760699 98.000000000000000000
0.056668298379396971 1.035823394172721512 99.000000000000000000
0.056413344054924305 1.036913692453191649 99.000000000000000000
0.056159258332718162 1.037831707144769133 99.000000000000000000
0.055906106239434206 1.038578369305196869 99.000000000000000000
0.055653951036848143 1.039154795336967085 99.000000000000000000
0.055402854157299668 1.039562283747994975 99.000000000000000000
0.055152875143305843 1.039802311418772662 99.000000000000000000
0.054904071591254974 1.039876529408763517 100.000000000000000000
0.054656499099096860 1.039786758337033046 100.000000000000000000
0.054410211217949700 1.039534983373349597 100.000000000000000000
0.054165259407552027 1.039123348876382025 100.000000000000000000
0.053921692995494055 1.038554152715202017 100.000000000000000000
0.053679559140171959 1.037829840309282492 100.000000000000000000
0.053438902797415339 1.036952998420822114 101.000000000000000000
0.053199766690745803 1.035926348731373681 101.000000000000000000
0.052962191285229589 1.034752741232929374 101.000000000000000000
0.052726214764893933 1.033435147461535308 101.000000000000000000
0.052491873013679240 1.031976653599615767 101.000000000000000000
0.052259199599901371 1.030380453471243296 101.000000000000000000
0.052028225764200707 1.028649841452896840 101.000000000000000000
0.051798980410951455 1.026788205320601222 102.000000000000000000
0.051571490103104550 1.024799019052914373 102.000000000000000000
0.051345779060432958 1.022685835607996419 102.000000000000000000
0.051121869161142294 1.020452279691755892 102.000000000000000000
0.050899779946805369 1.018102040533125807 102.000000000000000000
0.050679528630569404 1.015638864681497555 102.000000000000000000
0.050461130108578819 1.013066548840502179 102.000000000000000000
0.050244596974545419 1.010388932751423052 103.000000000000000000
0.050029939537389857 1.007609892138700669 103.000000000000000000
0.049817165841866740 1.004733331729118939 103.000000000000000000
0.049606281692077134 1.001763178355325579 103.000000000000000000
0.049397290677760830 0.998703374153501633 103.000000000000000000
0.049190194203251318 0.995557869863937017 103.000000000000000000
0.048984991518967042 0.992330618242358242 104.000000000000000000
0.048781679755302385 0.989025567588792009 104.000000000000000000
0.048580253958774550 0.985646655399738725 104.000000000000000000
0.048380707130273926 0.982197802148444654 104.000000000000000000
0.048183030265259330 0.978682905197004960 104.000000000000000000
0.047987212395733669 0.975105832843201625 104.000000000000000000
0.047793240633830794 0.971470418504006061 104.000000000000000000
0.047601100216842211 0.967780455037058562 105.000000000000000000
0.047410774553509755 0.964039689200708372 105.000000000000000000
0.047222245271410640 0.960251816252848833 105.000000000000000000
0.047035492265263670 0.956420474688446154 105.000000000000000000
0.046850493745987987 0.952549241115697942 105.000000000000000000
0.046667226290353130 0.948641625270918554 105.000000000000000000
0.046485664891065551 0.944701065172761867 106.000000000000000000
0.046305783007149132 0.940730922417136628 106.000000000000000000
0.046127552614489004 0.936734477615307926 106.000000000000000000
0.045950944256425388 0.932714925979000631 106.000000000000000000
0.045775927094303594 0.928675373058149178 106.000000000000000000
0.045602468957908510 0.924618830638919365 106.000000000000000000
0.045430536395740365 0.920548212812094535 106.000000000000000000
0.045260094725117953 0.916466332224558755 107.000000000000000000
0.045091108082132167 0.912375896529641017 107.000000000000000000
0.044923539471512813 0.908279505055310410 107.000000000000000000
0.044757350816516009 0.904179645712657853 107.000000000000000000
0.044592503008991598 0.900078692170704131 107.000000000000000000
0.044428955959844918 0.895978901327185939 107.000000000000000000
0.044266668650169587 0.891882411108683271 107.000000000000000000
0.044105599183395031 0.887791238636866376 108.000000000000000000
0.043945704838865784 0.883707278800952456 108.000000000000000000
0.043786942127346566 0.879632303279253236 108.000000000000000000
0.043629266849031637 0.875567960055016581 108.000000000000000000
0.043472634154720829 0.871515773473272359 108.000000000000000000
0.043316998610916410 0.867477144886024565 108.000000000000000000
0.043162314269683338 0.863453353932587153 109.000000000000000000
0.043008534744205532 0.859445560500004646 109.000000000000000000
0.042855613291057561 0.855454807405019890 109.000000000000000000
0.042703502900290374 0.851482023833881385 109.000000000000000000
0.042552156394500495 0.847528029569026620 109.000000000000000000
0.042401526538107970 0.843593540022327115 109.000000000000000000
0.042251566158106546 0.839679172082880898 109.000000000000000000
0.042102228277561951 0.835785450773262828 110.000000000000000000
0.041953466263117689 0.831912816691495860 110.000000000000000000
0.041805233987714227 0.828061634197062246 110.000000000000000000
0.041657486009629596 0.824232200277925431 110.000000000000000000
0.041510177768802295 0.820424754012158641 110.000000000000000000
0.041363265801191547 0.816639486512732771 110.000000000000000000
0.041216707971661444 0.812876551217720289 111.000000000000000000
0.041070463725537160 0.809136074361543112 111.000000000000000000
0.040924494358569895 0.805418165436430522 111.000000000000000000
0.040778763304560858 0.801722927428279442 111.000000000000000000
0.040633236439333531 0.798050466588698271 111.000000000000000000
0.040487882399112031 0.794400901486318811 111.000000000000000000
0.040342672910669376 0.790774371067138993 111.000000000000000000
0.040197583129866883 0.787171041447004116 112.000000000000000000
0.040052591984430036 0.783591111160772735 112.000000000000000000
0.039907682516023127 0.780034814603663640 112.000000000000000000
0.039762842215921128 0.776502423421868815 112.000000000000000000
0.039618063347867355 0.772994245642428801 112.000000000000000000
0.039473343251086382 0.769510622377259423 112.000000000000000000
0.039328684615934216 0.766051921992755180 113.000000000000000000
0.039184095724353864 0.762618531704077784 113.000000000000000000
0.039039590647202527 0.759210846630525737 113.000000000000000000
0.038895189390665018 0.755829256433325880 113.000000000000000000
0.038750917984393396 0.752474129746994791 113.000000000000000000
0.038606808504735642 0.749145796706676248 113.000000000000000000
0.038462899027441967 0.745844529962880753 113.000000000000000000
0.038319233505556896 0.742570524657336195 114.000000000000000000
0.038175861569792600 0.739323877905307625 115.000000000000000000
0.038032838250492834 0.736104568386284352 115.000000000000000000
0.037890223622274295 0.732912436682764734 115.000000000000000000
0.037748082374505457 0.729747167022986809 115.000000000000000000
0.037606483312861823 0.726608271075536938 115.000000000000000000
0.037465498799196389 0.723495074410911765 116.000000000000000000
0.037325204138789515 0.720406706187407098 116.000000000000000000
0.037185676925611769 0.717342092537676557 116.000000000000000000
0.037046996357468664 0.714299954030525930 116.000000000000000000
0.036909242533740269 0.711278807464042373 116.000000000000000000
0.036772495748843920 0.708276972115474468 116.000000000000000000
0.036636835794515085 0.705292580436081562 117.000000000000000000
0.036502341283531289 0.702323593041037864 117.000000000000000000
0.036369089006623716 0.699367817711357809 117.000000000000000000
0.036237153333081903 0.696422932002128348 117.000000000000000000
0.036106605664025307 0.693486508944131552 117.000000000000000000
0.035977513945568404 0.690556045238125193 117.000000000000000000
0.035849942247227526 0.687628991275915813 117.000000000000000000
0.035723950408992497 0.684702782281511824 118.000000000000000000
0.035599593758594811 0.681774869850089504 118.000000000000000000
0.035476922898716456 0.678842753171545632 118.000000000000000000
0.035355983562263715 0.675904009257659033 118.000000000000000000
0.035236816532419273 0.672956321544882941 118.000000000000000000
0.035119457623018935 0.669997506315239577 118.000000000000000000
0.035003937713891764 0.667025536462121926 119.000000000000000000
0.034890282835155807 0.664038562221737072 119.000000000000000000
0.034778514294068266 0.661034928590567894 119.000000000000000000
0.034668648837868452 0.658013189250233999 119.000000000000000000
0.034560698846099372 0.654972116919959602 119.000000000000000000
0.034454672546114659 0.651910710149983252 119.000000000000000000
0.034350574245841953 0.648828196654003597 119.000000000000000000
0.034248404578343467 0.645724033352856219 120.000000000000000000
0.034148160753258772 0.642597903363683942 120.000000000000000000
0.034049836810802793 0.639449710217942280 120.000000000000000000
0.033953423874595524 0.636279569627494102 120.000000000000000000
0.033858910400199671 0.633087799141195617 120.000000000000000000
0.033766282416816035 0.629874906045372218 120.000000000000000000
0.033675523760124622 0.626641573861921430 121.000000000000000000
0.033586616294748781 0.623388647788532979 121.000000000000000000
0.033499540125257521 0.620117119408540862 121.000000000000000000
0.033414273795001843 0.616828110974781185 121.000000000000000000
0.033330794472406680 0.613522859544129551 121.000000000000000000
0.033249078124611656 0.610202701208671594 121.000000000000000000
0.033169099678574329 0.606869055637133004 121.000000000000000000
0.033090833169924408 0.603523411107480645 122.000000000000000000
0.033014251879990811 0.600167310179478664 122.000000000000000000
0.032939328461520430 0.596802336125225485 122.000000000000000000
0.032866035053674775 0.593430100207063993 122.000000000000000000
0.032794343386930873 0.590052229865999145 122.000000000000000000
0.032724224878533451 0.586670357860299418 122.000000000000000000
0.032655650719148055 0.583286112373285426 123.000000000000000000
0.032588591951355293 0.579901108091623319 123.000000000000000000
0.032523019540607163 0.576516938240461685 124.000000000000000000
0.032458904439238781 0.573135167549494895 124.000000000000000000
0.032396217644099196 0.569757326114233686 124.000000000000000000
0.032334930248329327 0.566384904109200393 124.000000000000000000
0.032275013487780682 0.563019347304218210 125.000000000000000000
0.032216438782532178 0.559662053331165810 125.000000000000000000
0.032159177773927551 0.556314368646297575 125.000000000000000000
0.032103202357521982 0.552977586132241794 125.000000000000000000
0.032048484712294281 0.549652943283839845 125.000000000000000000
0.031994997326450877 0.546341620922950355 125.000000000000000000
0.031942713020119577 0.543044742388984036 126.000000000000000000
0.031891604965205253 0.539763373154054205 126.000000000000000000
0.031841646702655560 0.536498520814235991 126.000000000000000000
0.031792812157363071 0.533251135411220711 126.000000000000000000
0.031745075650910379 0.530022110041661221 126.000000000000000000
0.031698411912346756 0.526812281714611141 126.000000000000000000
0.031652796087168457 0.523622432420573158 127.000000000000000000
0.031608203744660099 0.520453290378745215 127.000000000000000000
0.031564610883741330 0.517305531432050825 127.000000000000000000
0.031521993937450761 0.514179780562485145 127.000000000000000000
0.031480329776188067 0.511076613501992294 127.000000000000000000
0.031439595709825810 0.507996558416777266 128.000000000000000000
0.031399769488792896 0.504940097645348973 128.000000000000000000
0.031360829304224035 0.501907669472899887 128.000000000000000000
0.031322753787261452 0.498899669926727796 128.000000000000000000
0.031285522007589411 0.495916454579335642 128.000000000000000000
0.031249113471274605 0.492958340347658452 128.000000000000000000
0.031213508117980942 0.490025607278429198 129.000000000000000000
0.031178686317621378 0.487118500311208569 129.000000000000000000
0.031144628866504889 0.484237231011896918 129.000000000000000000
0.031111316983032371 0.481381979270746052 129.000000000000000000
0.031078732302990925 0.478552894959938468 129.000000000000000000
0.031046856874492382 0.475750099546762617 129.000000000000000000
0.031015673152598434 0.472973687659227982 130.000000000000000000
0.030985163993671405 0.470223728601720126 130.000000000000000000
0.030955312649486783 0.467500267818921400 130.000000000000000000
0.030926102761140738 0.464803328306818531 130.000000000000000000
0.030897518352783149 0.462132911970083327 130.000000000000000000
0.030869543825204616 0.459489000925535240 130.000000000000000000
0.030842163949303246 0.456871558751800910 131.000000000000000000
0.030815363859454943 0.454280531685527289 131.000000000000000000
0.030789129046809364 0.451715849764820876 131.000000000000000000
0.030763445352531248 0.449177427920793959 131.000000000000000000
0.030738298961005637 0.446665167018265363 131.000000000000000000
0.030713676393023654 0.444178954846812524 131.000000000000000000
0.030689564498964015 0.441718667063506709 132.000000000000000000
0.030665950451984256 0.439284168088743432 132.000000000000000000
0.030642821741234047 0.436875311956643642 132.000000000000000000
0.030620166165102096 0.434491943121566693 132.000000000000000000
0.030597971824506857 0.432133897222305274 132.000000000000000000
0.030576227116240279 0.429801001805526994 132.000000000000000000
0.030554920726372607 0.427493077010079214 133.000000000000000000
0.030534041623726128 0.425209936213727324 133.000000000000000000
0.030513579053423764 0.422951386643901195 133.000000000000000000
0.030493522530518766 0.420717229954008343 133.000000000000000000
0.030473861833710252 0.418507262766825483 133.000000000000000000
0.030454586999149363 0.416321277186469663 134.000000000000000000
0.030435688314339366 0.414159061280403751 134.000000000000000000
0.030417156312133473 0.412020399532877168 134.000000000000000000
0.030398981764832755 0.409905073271199738 134.000000000000000000
0.030381155678386614 0.407812861066144450 134.000000000000000000
0.030363669286697620 0.405743539107787821 134.000000000000000000
0.030346514046032239 0.403696881558015086 135.000000000000000000
0.030329681629538401 0.401672660880874000 135.000000000000000000
0.030313163921870837 0.399670648151920938 135.000000000000000000
0.030296953013924662 0.397690613347672473 135.000000000000000000
0.030281041197677310 0.395732325616182268 135.000000000000000000
0.030265420961138764 0.393795553529773301 135.000000000000000000
0.030250084983410083 0.391880065320876492 136.000000000000000000
0.030235026129849366 0.389985629101886111 136.000000000000000000
0.030220237447344780 0.388112013069922046 136.000000000000000000
0.030205712159693920 0.386258985697318258 136.000000000000000000
0.030191443663088156 0.384426315908636851 136.000000000000000000
0.030177425521701388 0.382613773244968869 136.000000000000000000
0.030163651463381579 0.380821128016229082 137.000000000000000000
0.030150115375444143 0.379048151442136105 137.000000000000000000
0.030136811300565471 0.377294615782521880 137.000000000000000000
0.030123733432775447 0.375560294457594313 137.000000000000000000
0.030110876113547121 0.373844962158722816 137.000000000000000000
0.030098233827982289 0.372148394950315042 137.000000000000000000
0.030085801201091063 0.370470370363298884 138.000000000000000000
0.030073572994163932 0.368810667480718002 138.000000000000000000
0.030061544101234555 0.367169067015901907 138.000000000000000000
0.030049709545631645 0.365545351383657291 138.000000000000000000
0.030038064476618009 0.363939304764916094 138.000000000000000000
0.030026604166115255 0.362350713165219052 138.000000000000000000
0.030015324005512153 0.360779364467426755 138.000000000000000000
0.030004219502555111 0.359225048479011821 139.000000000000000000
0.029993286278318772 0.357687556974269627 139.000000000000000000
0.029982520064255183 0.356166683731757527 139.000000000000000000
0.029971916699319617 0.354662224567283468 139.000000000000000000
0.029961472127171412 0.353173977362701008 139.000000000000000000
0.029951182393448107 0.351701742090810343 139.000000000000000000
0.029941043643110996 0.350245320836587937 140.000000000000000000
0.029931052117860703 0.348804517815009651 140.000000000000000000
0.029921204153620755 0.347379139385669555 140.000000000000000000
0.029911496178087860 0.345968994064430324 140.000000000000000000
0.029901924708346902 0.344573892532282489 140.000000000000000000
0.029892486348549414 0.343193647641626354 140.000000000000000000
0.029883177787653613 0.341828074420120309 140.000000000000000000
0.029873995797224655 0.340476990072308527 141.000000000000000000
0.029864937229293571 0.339140213979147509 141.000000000000000000
0.029855999014273361 0.337817567695587906 141.000000000000000000
0.029847178158930572 0.336508874946376935 141.000000000000000000

