Residual Convergence speed Computational time
0.12506336 0.08633597 0.00000000
0.12505758 0.08432642 0.00000000
0.12505185 0.08248980 0.00000000
0.12504615 0.08082214 0.00000000
0.12504049 0.07931982 1.00000000
0.12503485 0.07797953 1.00000000
0.12502923 0.07679828 1.00000000
0.12502362 0.07577337 1.00000000
0.12501802 0.07490237 1.00000000
0.12501242 0.07418316 1.00000000
0.12500682 0.07361386 1.00000000
0.12500121 0.07319285 1.00000000
0.12499559 0.07291877 1.00000000
0.12498995 0.07279052 2.00000000
0.12498429 0.07280722 2.00000000
0.12497860 0.07296826 2.00000000
0.12497287 0.07327324 2.00000000
0.12496710 0.07372203 2.00000000
0.12496128 0.07431472 2.00000000
0.12495541 0.07505166 2.00000000
0.12494947 0.07593344 2.00000000
0.12494347 0.07696089 3.00000000
0.12493738 0.07813510 3.00000000
0.12493121 0.07945741 3.00000000
0.12492494 0.08092942 3.00000000
0.12491857 0.08255300 3.00000000
0.12491208 0.08433027 3.00000000
0.12490546 0.08626362 3.00000000
0.12489869 0.08835571 4.00000000
0.12489178 0.09060948 4.00000000
0.12488469 0.09302813 4.00000000
0.12487742 0.09561516 4.00000000
0.12486994 0.09837430 4.00000000
0.12486224 0.10130961 4.00000000
0.12485431 0.10442539 4.00000000
0.12484610 0.10772623 4.00000000
0.12483762 0.11121699 4.00000000
0.12482882 0.11490280 5.00000000
0.12481968 0.11878906 5.00000000
0.12481017 0.12288146 5.00000000
0.12480026 0.12718591 5.00000000
0.12478991 0.13170859 5.00000000
0.12477908 0.13645596 5.00000000
0.12476775 0.14143466 5.00000000
0.12475585 0.14665161 5.00000000
0.12474334 0.15211390 6.00000000
0.12473018 0.15782885 6.00000000
0.12471630 0.16380395 6.00000000
0.12470164 0.17004683 6.00000000
0.12468614 0.17656527 6.00000000
0.12466974 0.18336714 6.00000000
0.12465234 0.19046037 6.00000000
0.12463388 0.19785293 6.00000000
0.12461426 0.20555274 6.00000000
0.12459339 0.21356767 7.00000000
0.12457118 0.22190543 7.00000000
0.12454750 0.23057354 7.00000000
0.12452225 0.23957920 7.00000000
0.12449531 0.24892927 7.00000000
0.12446653 0.25863011 7.00000000
0.12443578 0.26868749 7.00000000
0.12440291 0.27910647 7.00000000
0.12436777 0.28989125 8.00000000
0.12433017 0.30104502 8.00000000
0.12428995 0.31256979 8.00000000
0.12424692 0.32446620 8.00000000
0.12420087 0.33673332 8.00000000
0.12415161 0.34936843 8.00000000
0.12409892 0.36236679 8.00000000
0.12404258 0.37572137 8.00000000
0.12398235 0.38942259 9.00000000
0.12391800 0.40345804 9.00000000
0.12384929 0.41781220 9.00000000
0.12377596 0.43246611 9.00000000
0.12369779 0.44739709 9.00000000
0.12361451 0.46257842 9.00000000
0.12352588 0.47797908 9.00000000
0.12343168 0.49356342 9.00000000
0.12333166 0.50929097 10.00000000
0.12322563 0.52511618 10.00000000
0.12311338 0.54098828 10.00000000
0.12299475 0.55685119 10.00000000
0.12286959 0.57264348 10.00000000
0.12273779 0.58829845 10.00000000
0.12259928 0.60374431 10.00000000
0.12245404 0.61890450 10.00000000
0.12230209 0.63369811 10.00000000
0.12214351 0.64804048 11.00000000
0.12197844 0.66184395 11.00000000
0.12180707 0.67501877 11.00000000
0.12162967 0.68747414 11.00000000
0.12144659 0.69911948 11.00000000
0.12125822 0.70986569 11.00000000
0.12106503 0.71962669 12.00000000
0.12086757 0.72832091 12.00000000
0.12066643 0.73587285 13.00000000
0.12046226 0.74221468 13.00000000
0.12025577 0.74728771 13.00000000
0.12004768 0.75104379 13.00000000
0.11983877 0.75344653 13.00000000
0.11962980 0.75447229 13.00000000
0.11942155 0.75411095 13.00000000
0.11921480 0.75236630 13.00000000
0.11901027 0.74925622 13.00000000
0.11880868 0.74481240 14.00000000
0.11861068 0.73907984 14.00000000
0.11841688 0.73211596 14.00000000
0.11822779 0.72398947 14.00000000
0.11804389 0.71477902 14.00000000
0.11786556 0.70457159 14.00000000
0.11769310 0.69346085 14.00000000
0.11752673 0.68154537 14.00000000
0.11736662 0.66892688 15.00000000
0.11721283 0.65570855 15.00000000
0.11706537 0.64199338 15.00000000
0.11692419 0.62788268 15.00000000
0.11678917 0.61347481 15.00000000
0.11666015 0.59886398 15.00000000
0.11653694 0.58413936 15.00000000
0.11641929 0.56938433 15.00000000
0.11630695 0.55467591 16.00000000
0.11619964 0.54008443 16.00000000
0.11609705 0.52567333 16.00000000
0.11599890 0.51149910 16.00000000
0.11590487 0.49761137 16.00000000
0.11581467 0.48405306 16.00000000
0.11572800 0.47086072 16.00000000
0.11564457 0.45806481 16.00000000
0.11556411 0.44569008 17.00000000
0.11548635 0.43375602 17.00000000
0.11541105 0.42227724 17.00000000
0.11533798 0.41126396 17.00000000
0.11526691 0.40072237 17.00000000
0.11519765 0.39065512 17.00000000
0.11513000 0.38106164 17.00000000
0.11506381 0.37193860 17.00000000
0.11499892 0.36328020 17.00000000
0.11493518 0.35507849 18.00000000
0.11487248 0.34732375 18.00000000
0.11481069 0.34000468 18.00000000
0.11474972 0.33310867 18.00000000
0.11468948 0.32662207 18.00000000
0.11462989 0.32053034 18.00000000
0.11457088 0.31481827 18.00000000
0.11451239 0.30947012 18.00000000
0.11445437 0.30446979 19.00000000
0.11439679 0.29980093 19.00000000
0.11433959 0.29544708 19.00000000
0.11428276 0.29139175 19.00000000
0.11422627 0.28761854 19.00000000
0.11417010 0.28411120 19.00000000
0.11411424 0.28085372 19.00000000
0.11405868 0.27783036 19.00000000
0.11400341 0.27502574 20.00000000
0.11394843 0.27242489 20.00000000
0.11389374 0.27001324 20.00000000
0.11383934 0.26777671 20.00000000
0.11378525 0.26570169 20.00000000
0.11373147 0.26377509 20.00000000
0.11367801 0.26198435 20.00000000
0.11362487 0.26031745 20.00000000
0.11357209 0.25876289 20.00000000
0.11351965 0.25730973 21.00000000
0.11346760 0.25594759 21.00000000
0.11341593 0.25466661 21.00000000
0.11336466 0.25345747 21.00000000
0.11331382 0.25231137 21.00000000
0.11326341 0.25122003 21.00000000
0.11321346 0.25017568 21.00000000
0.11316399 0.24917103 21.00000000
0.11311500 0.24819926 22.00000000
0.11306651 0.24725403 22.00000000
0.11301855 0.24632941 22.00000000
0.11297113 0.24541993 22.00000000
0.11292426 0.24452051 22.00000000
0.11287796 0.24362647 22.00000000
0.11283224 0.24273351 22.00000000
0.11278711 0.24183767 22.00000000
0.11274260 0.24093536 23.00000000
0.11269870 0.24002331 23.00000000
0.11265544 0.23909855 23.00000000
0.11261282 0.23815841 23.00000000
0.11257085 0.23720051 23.00000000
0.11252954 0.23622272 23.00000000
0.11248890 0.23522318 23.00000000
0.11244893 0.23420025 23.00000000
0.11240964 0.23315252 24.00000000
0.11237104 0.23207879 24.00000000
0.11233313 0.23097807 24.00000000
0.11229591 0.22984955 24.00000000
0.11225938 0.22869258 24.00000000
0.11222355 0.22750669 24.00000000
0.11218841 0.22629157 24.00000000
0.11215397 0.22504704 24.00000000
0.11212022 0.22377304 25.00000000
0.11208717 0.22246968 25.00000000
0.11205481 0.22113713 25.00000000
0.11202313 0.21977571 25.00000000
0.11199214 0.21838581 25.00000000
0.11196182 0.21696792 25.00000000
0.11193217 0.21552262 25.00000000
0.11190320 0.21405056 25.00000000
0.11187488 0.21255245 25.00000000
0.11184721 0.21102907 26.00000000
0.11182019 0.20948126 26.00000000
0.11179381 0.20790989 26.00000000
0.11176806 0.20631591 26.00000000
0.11174292 0.20470027 26.00000000
0.11171840 0.20306398 26.00000000
0.11169449 0.20140805 26.00000000
0.11167116 0.19973355 26.00000000
0.11164842 0.19804155 27.00000000
0.11162625 0.19633312 27.00000000
0.11160465 0.19460938 27.00000000
0.11158359 0.19287141 27.00000000
0.11156308 0.19112034 27.00000000
0.11154310 0.18935726 27.00000000
0.11152365 0.18758329 27.00000000
0.11150470 0.18579953 27.00000000
0.11148625 0.18400707 27.00000000
0.11146829 0.18220700 28.00000000
0.11145081 0.18040038 28.00000000
0.11143380 0.17858827 28.00000000
0.11141724 0.17677171 28.00000000
0.11140113 0.17495173 28.00000000
0.11138546 0.17312932 28.00000000
0.11137021 0.17130546 29.00000000
0.11135537 0.16948112 29.00000000
0.11134094 0.16765723 29.00000000
0.11132691 0.16583469 30.00000000
0.11131325 0.16401440 30.00000000
0.11129998 0.16219720 30.00000000
0.11128706 0.16038395 30.00000000
0.11127450 0.15857543 30.00000000
0.11126229 0.15677243 30.00000000
0.11125041 0.15497569 30.00000000
0.11123886 0.15318595 30.00000000
0.11122763 0.15140390 31.00000000
0.11121671 0.14963020 31.00000000
0.11120608 0.14786549 31.00000000
0.11119575 0.14611038 31.00000000
0.11118570 0.14436547 31.00000000
0.11117593 0.14263130 31.00000000
0.11116642 0.14090842 31.00000000
0.11115717 0.13919732 32.00000000
0.11114818 0.13749848 32.00000000
0.11113942 0.13581235 32.00000000
0.11113091 0.13413938 32.00000000
0.11112262 0.13247995 32.00000000
0.11111456 0.13083446 32.00000000
0.11110671 0.12920326 32.00000000
0.11109907 0.12758668 32.00000000
0.11109163 0.12598504 32.00000000
0.11108439 0.12439863 33.00000000
0.11107734 0.12282773 33.00000000
0.11107047 0.12127258 33.00000000
0.11106378 0.11973341 33.00000000
0.11105726 0.11821044 33.00000000
0.11105091 0.11670387 33.00000000
0.11104472 0.11521387 33.00000000
0.11103868 0.11374060 33.00000000
0.11103280 0.11228421 34.00000000
0.11102706 0.11084484 34.00000000
0.11102146 0.10942258 34.00000000
0.11101600 0.10801756 34.00000000
0.11101067 0.10662984 34.00000000
0.11100547 0.10525951 34.00000000
0.11100039 0.10390663 34.00000000
0.11099542 0.10257125 34.00000000
0.11099057 0.10125340 35.00000000
0.11098583 0.09995312 35.00000000
0.11098120 0.09867043 35.00000000
0.11097667 0.09740532 35.00000000
0.11097224 0.09615780 35.00000000
0.11096790 0.09492787 35.00000000
0.11096366 0.09371550 35.00000000
0.11095950 0.09252066 35.00000000
0.11095543 0.09134333 35.00000000
0.11095144 0.09018346 36.00000000
0.11094752 0.08904101 36.00000000
0.11094369 0.08791592 36.00000000
0.11093992 0.08680814 36.00000000
0.11093623 0.08571761 36.00000000
0.11093260 0.08464424 36.00000000
0.11092904 0.08358798 36.00000000
0.11092553 0.08254874 37.00000000
0.11092209 0.08152645 37.00000000
0.11091871 0.08052101 37.00000000
0.11091537 0.07953234 37.00000000
0.11091209 0.07856034 37.00000000
0.11090886 0.07760493 37.00000000
0.11090568 0.07666599 37.00000000
0.11090254 0.07574345 37.00000000
0.11089945 0.07483718 38.00000000
0.11089639 0.07394709 38.00000000
0.11089338 0.07307307 38.00000000
0.11089040 0.07221501 38.00000000
0.11088746 0.07137281 38.00000000
0.11088455 0.07054635 38.00000000
0.11088167 0.06973552 38.00000000
0.11087882 0.06894021 38.00000000
0.11087600 0.06816031 39.00000000
0.11087321 0.06739570 39.00000000
0.11087044 0.06664627 39.00000000
0.11086769 0.06591190 39.00000000
0.11086497 0.06519247 39.00000000
0.11086227 0.06448788 39.00000000
0.11085958 0.06379800 39.00000000
0.11085692 0.06312271 39.00000000
0.11085426 0.06246191 39.00000000
0.11085163 0.06181548 40.00000000
0.11084901 0.06118329 40.00000000
0.11084639 0.06056524 40.00000000
0.11084379 0.05996120 40.00000000
0.11084120 0.05937107 40.00000000
0.11083862 0.05879472 40.00000000
0.11083605 0.05823204 40.00000000
0.11083348 0.05768292 40.00000000
0.11083091 0.05714724 41.00000000
0.11082835 0.05662489 41.00000000
0.11082580 0.05611575 41.00000000
0.11082324 0.05561972 41.00000000
0.11082068 0.05513667 41.00000000
0.11081813 0.05466649 41.00000000
0.11081557 0.05420908 41.00000000
0.11081301 0.05376432 41.00000000
0.11081045 0.05333210 42.00000000
0.11080788 0.05291231 42.00000000
0.11080531 0.05250484 42.00000000
0.11080273 0.05210957 42.00000000
0.11080014 0.05172640 42.00000000
0.11079755 0.05135522 42.00000000
0.11079494 0.05099592 42.00000000
0.11079233 0.05064839 42.00000000
0.11078970 0.05031252 42.00000000
0.11078707 0.04998820 43.00000000
0.11078442 0.04967533 43.00000000
0.11078176 0.04937379 43.00000000
0.11077908 0.04908349 43.00000000
0.11077639 0.04880431 43.00000000
0.11077369 0.04853615 43.00000000
0.11077097 0.04827889 43.00000000
0.11076823 0.04803244 43.00000000
0.11076547 0.04779669 44.00000000
0.11076269 0.04757153 44.00000000
0.11075990 0.04735686 44.00000000
0.11075708 0.04715257 44.00000000
0.11075424 0.04695856 44.00000000
0.11075138 0.04677471 44.00000000
0.11074850 0.04660094 44.00000000
0.11074560 0.04643713 45.00000000
0.11074267 0.04628318 45.00000000
0.11073971 0.04613899 46.00000000
0.11073673 0.04600445 46.00000000
0.11073373 0.04587947 46.00000000
0.11073069 0.04576393 46.00000000
0.11072763 0.04565774 46.00000000
0.11072454 0.04556080 46.00000000
0.11072142 0.04547300 46.00000000
0.11071828 0.04539425 46.00000000
0.11071510 0.04532444 46.00000000
0.11071189 0.04526349 47.00000000
0.11070864 0.04521127 47.00000000
0.11070537 0.04516771 47.00000000
0.11070206 0.04513270 47.00000000
0.11069872 0.04510615 47.00000000
0.11069534 0.04508795 47.00000000
0.11069192 0.04507802 47.00000000
0.11068847 0.04507626 47.00000000
0.11068499 0.04508257 48.00000000
0.11068146 0.04509686 48.00000000
0.11067790 0.04511905 48.00000000
0.11067429 0.04514903 48.00000000
0.11067065 0.04518672 48.00000000
0.11066697 0.04523203 48.00000000
0.11066324 0.04528487 48.00000000
0.11065947 0.04534515 48.00000000
0.11065566 0.04541279 49.00000000
0.11065180 0.04548770 49.00000000
0.11064790 0.04556979 49.00000000
0.11064396 0.04565899 49.00000000
0.11063997 0.04575520 49.00000000
0.11063593 0.04585835 49.00000000
0.11063184 0.04596836 49.00000000
0.11062771 0.04608515 49.00000000
0.11062352 0.04620864 49.00000000
0.11061929 0.04633874 50.00000000
0.11061501 0.04647540 50.00000000
0.11061067 0.04661852 50.00000000
0.11060628 0.04676804 50.00000000
0.11060184 0.04692389 50.00000000
0.11059734 0.04708599 50.00000000
0.11059279 0.04725426 50.00000000
0.11058818 0.04742866 50.00000000
0.11058352 0.04760909 51.00000000
0.11057880 0.04779550 51.00000000
0.11057402 0.04798782 51.00000000
0.11056918 0.04818598 51.00000000
0.11056429 0.04838993 51.00000000
0.11055933 0.04859958 51.00000000
0.11055431 0.04881490 51.00000000
0.11054923 0.04903580 51.00000000
0.11054408 0.04926224 52.00000000
0.11053887 0.04949414 52.00000000
0.11053360 0.04973147 52.00000000
0.11052826 0.04997414 52.00000000
0.11052285 0.05022212 52.00000000
0.11051737 0.05047533 52.00000000
0.11051183 0.05073374 52.00000000
0.11050621 0.05099727 52.00000000
0.11050053 0.05126589 52.00000000
0.11049477 0.05153953 53.00000000
0.11048894 0.05181814 53.00000000
0.11048304 0.05210168 53.00000000
0.11047706 0.05239008 53.00000000
0.11047101 0.05268331 53.00000000
0.11046488 0.05298130 53.00000000
0.11045868 0.05328402 53.00000000
0.11045239 0.05359141 53.00000000
0.11044603 0.05390343 54.00000000
0.11043959 0.05422002 54.00000000
0.11043306 0.05454114 54.00000000
0.11042646 0.05486674 54.00000000
0.11041977 0.05519678 54.00000000
0.11041299 0.05553122 54.00000000
0.11040613 0.05587000 54.00000000
0.11039918 0.05621308 54.00000000
0.11039215 0.05656041 55.00000000
0.11038503 0.05691196 55.00000000
0.11037782 0.05726767 55.00000000
0.11037051 0.05762751 55.00000000
0.11036312 0.05799142 55.00000000
0.11035563 0.05835937 55.00000000
0.11034805 0.05873132 55.00000000
0.11034037 0.05910721 55.00000000
0.11033260 0.05948702 56.00000000
0.11032473 0.05987068 56.00000000
0.11031676 0.06025817 56.00000000
0.11030869 0.06064943 56.00000000
0.11030053 0.06104444 56.00000000
0.11029226 0.06144313 56.00000000
0.11028388 0.06184548 56.00000000
0.11027541 0.06225144 56.00000000
0.11026682 0.06266097 56.00000000
0.11025814 0.06307402 57.00000000
0.11024934 0.06349055 57.00000000
0.11024043 0.06391053 57.00000000
0.11023142 0.06433390 57.00000000
0.11022229 0.06476063 57.00000000
0.11021305 0.06519068 57.00000000
0.11020370 0.06562400 57.00000000
0.11019424 0.06606055 57.00000000
0.11018465 0.06650029 58.00000000
0.11017495 0.06694318 58.00000000
0.11016514 0.06738917 58.00000000
0.11015520 0.06783823 58.00000000
0.11014514 0.06829030 58.00000000
0.11013496 0.06874536 58.00000000
0.11012466 0.06920335 58.00000000
0.11011423 0.06966423 58.00000000
0.11010367 0.07012797 59.00000000
0.11009299 0.07059451 59.00000000
0.11008218 0.07106383 59.00000000
0.11007124 0.07153587 59.00000000
0.11006017 0.07201059 59.00000000
0.11004897 0.07248796 59.00000000
0.11003764 0.07296793 59.00000000
0.11002616 0.07345045 59.00000000
0.11001456 0.07393549 59.00000000
0.11000281 0.07442301 60.00000000
0.10999093 0.07491296 60.00000000
0.10997891 0.07540531 60.00000000
0.10996674 0.07590000 60.00000000
0.10995444 0.07639701 60.00000000
0.10994199 0.07689628 60.00000000
0.10992939 0.07739779 60.00000000
0.10991665 0.07790148 60.00000000
0.10990376 0.07840732 61.00000000
0.10989072 0.07891528 61.00000000
0.10987753 0.07942530 61.00000000
0.10986419 0.07993735 61.00000000
0.10985069 0.08045140 61.00000000
0.10983704 0.08096740 61.00000000
0.10982324 0.08148532 61.00000000
0.10980928 0.08200511 62.00000000
0.10979515 0.08252675 62.00000000
0.10978087 0.08305019 63.00000000
0.10976643 0.08357541 63.00000000
0.10975182 0.08410236 63.00000000
0.10973705 0.08463101 63.00000000
0.10972212 0.08516133 63.00000000
0.10970702 0.08569328 63.00000000
0.10969175 0.08622683 63.00000000
0.10967631 0.08676195 63.00000000
0.10966070 0.08729861 64.00000000
0.10964491 0.08783677 64.00000000
0.10962896 0.08837642 64.00000000
0.10961283 0.08891752 64.00000000
0.10959652 0.08946004 64.00000000
0.10958003 0.09000396 64.00000000
0.10956337 0.09054925 64.00000000
0.10954652 0.09109589 64.00000000
0.10952949 0.09164385 65.00000000
0.10951228 0.09219311 65.00000000
0.10949488 0.09274366 65.00000000
0.10947730 0.09329547 65.00000000
0.10945953 0.09384852 65.00000000
0.10944157 0.09440280 65.00000000
0.10942342 0.09495828 65.00000000
0.10940508 0.09551497 65.00000000
0.10938655 0.09607284 65.00000000
0.10936782 0.09663188 66.00000000
0.10934889 0.09719208 66.00000000
0.10932977 0.09775343 66.00000000
0.10931045 0.09831594 66.00000000
0.10929092 0.09887958 66.00000000
0.10927120 0.09944436 66.00000000
0.10925127 0.10001027 66.00000000
0.10923114 0.10057732 66.00000000
0.10921080 0.10114551 67.00000000
0.10919026 0.10171484 67.00000000
0.10916950 0.10228531 67.00000000
0.10914854 0.10285693 67.00000000
0.10912736 0.10342972 67.00000000
0.10910598 0.10400368 67.00000000
0.10908437 0.10457882 67.00000000
0.10906255 0.10515516 67.00000000
0.10904051 0.10573271 68.00000000
0.10901826 0.10631151 68.00000000
0.10899578 0.10689155 68.00000000
0.10897308 0.10747288 68.00000000
0.10895016 0.10805551 68.00000000
0.10892701 0.10863947 68.00000000
0.10890364 0.10922480 68.00000000
0.10888004 0.10981151 68.00000000
0.10885621 0.11039966 68.00000000
0.10883215 0.11098926 69.00000000
0.10880786 0.11158037 69.00000000
0.10878334 0.11217302 69.00000000
0.10875858 0.11276725 69.00000000
0.10873358 0.11336312 69.00000000
0.10870835 0.11396066 69.00000000
0.10868288 0.11455994 70.00000000
0.10865716 0.11516099 70.00000000
0.10863121 0.11576388 70.00000000
0.10860501 0.11636867 70.00000000
0.10857856 0.11697541 70.00000000
0.10855187 0.11758416 70.00000000
0.10852493 0.11819500 70.00000000
0.10849774 0.11880798 70.00000000
0.10847030 0.11942318 70.00000000
0.10844261 0.12004067 71.00000000
0.10841466 0.12066052 71.00000000
0.10838646 0.12128282 71.00000000
0.10835801 0.12190763 71.00000000
0.10832929 0.12253503 71.00000000
0.10830031 0.12316513 71.00000000
0.10827107 0.12379799 71.00000000
0.10824157 0.12443371 71.00000000
0.10821181 0.12507238 72.00000000
0.10818178 0.12571410 72.00000000
0.10815148 0.12635895 72.00000000
0.10812091 0.12700704 72.00000000
0.10809008 0.12765846 72.00000000
0.10805897 0.12831332 72.00000000
0.10802759 0.12897172 72.00000000
0.10799593 0.12963378 72.00000000
0.10796400 0.13029959 73.00000000
0.10793179 0.13096927 73.00000000
0.10789930 0.13164292 73.00000000
0.10786653 0.13232068 73.00000000
0.10783347 0.13300265 73.00000000
0.10780014 0.13368895 73.00000000
0.10776652 0.13437970 73.00000000
0.10773261 0.13507503 73.00000000
0.10769841 0.13577505 74.00000000
0.10766393 0.13647990 74.00000000
0.10762915 0.13718970 74.00000000
0.10759408 0.13790459 74.00000000
0.10755872 0.13862468 74.00000000
0.10752306 0.13935012 74.00000000
0.10748711 0.14008103 74.00000000
0.10745085 0.14081756 74.00000000
0.10741430 0.14155983 74.00000000
0.10737744 0.14230799 75.00000000
0.10734029 0.14306217 75.00000000
0.10730282 0.14382251 75.00000000
0.10726506 0.14458916 75.00000000
0.10722698 0.14536225 75.00000000
0.10718860 0.14614192 75.00000000
0.10714991 0.14692832 75.00000000
0.10711090 0.14772158 75.00000000
0.10707158 0.14852186 76.00000000
0.10703195 0.14932930 76.00000000
0.10699200 0.15014404 76.00000000
0.10695174 0.15096622 77.00000000
0.10691115 0.15179598 77.00000000
0.10687025 0.15263348 77.00000000
0.10682902 0.15347885 77.00000000
0.10678747 0.15433224 77.00000000
0.10674560 0.15519380 77.00000000
0.10670340 0.15606365 77.00000000
0.10666088 0.15694195 78.00000000
0.10661802 0.15782883 78.00000000
0.10657484 0.15872444 79.00000000
0.10653132 0.15962891 79.00000000
0.10648748 0.16054238 79.00000000
0.10644329 0.16146499 79.00000000
0.10639878 0.16239687 79.00000000
0.10635392 0.16333815 79.00000000
0.10630873 0.16428897 79.00000000
0.10626320 0.16524946 79.00000000
0.10621733 0.16621973 80.00000000
0.10617111 0.16719993 80.00000000
0.10612456 0.16819017 80.00000000
0.10607765 0.16919056 80.00000000
0.10603041 0.17020124 80.00000000
0.10598281 0.17122231 80.00000000
0.10593487 0.17225389 80.00000000
0.10588658 0.17329608 80.00000000
0.10583793 0.17434899 81.00000000
0.10578894 0.17541273 81.00000000
0.10573959 0.17648740 81.00000000
0.10568989 0.17757308 81.00000000
0.10563983 0.17866987 81.00000000
0.10558941 0.17977786 81.00000000
0.10553864 0.18089714 81.00000000
0.10548750 0.18202778 81.00000000
0.10543601 0.18316985 81.00000000
0.10538415 0.18432344 82.00000000
0.10533194 0.18548860 82.00000000
0.10527936 0.18666540 82.00000000
0.10522641 0.18785389 82.00000000
0.10517310 0.18905412 82.00000000
0.10511942 0.19026615 82.00000000
0.10506537 0.19149001 82.00000000
0.10501096 0.19272573 82.00000000
0.10495617 0.19397335 83.00000000
0.10490101 0.19523290 83.00000000
0.10484548 0.19650438 83.00000000
0.10478958 0.19778781 83.00000000
0.10473331 0.19908320 83.00000000
0.10467666 0.20039055 83.00000000
0.10461963 0.20170986 83.00000000
0.10456223 0.20304110 83.00000000
0.10450445 0.20438426 84.00000000
0.10444629 0.20573931 84.00000000
0.10438775 0.20710622 84.00000000
0.10432884 0.20848495 84.00000000
0.10426954 0.20987546 84.00000000
0.10420986 0.21127768 84.00000000
0.10414980 0.21269157 84.00000000
0.10408936 0.21411704 84.00000000
0.10402853 0.21555403 85.00000000
0.10396732 0.21700246 85.00000000
0.10390572 0.21846222 85.00000000
0.10384374 0.21993323 85.00000000
0.10378138 0.22141538 85.00000000
0.10371862 0.22290856 85.00000000
0.10365548 0.22441264 85.00000000
0.10359196 0.22592749 85.00000000
0.10352804 0.22745299 86.00000000
0.10346374 0.22898899 86.00000000
0.10339905 0.23053534 86.00000000
0.10333397 0.23209187 86.00000000
0.10326850 0.23365842 86.00000000
0.10320264 0.23523482 86.00000000
0.10313639 0.23682088 86.00000000
0.10306975 0.23841641 86.00000000
0.10300272 0.24002123 87.00000000
0.10293530 0.24163511 87.00000000
0.10286749 0.24325785 87.00000000
0.10279929 0.24488923 87.00000000
0.10273069 0.24652901 87.00000000
0.10266171 0.24817697 87.00000000
0.10259234 0.24983287 87.00000000
0.10252258 0.25149644 87.00000000
0.10245242 0.25316745 87.00000000
0.10238188 0.25484561 88.00000000
0.10231095 0.25653066 88.00000000
0.10223963 0.25822233 88.00000000
0.10216791 0.25992033 88.00000000
0.10209581 0.26162437 88.00000000
0.10202332 0.26333416 88.00000000
0.10195045 0.26504938 88.00000000
0.10187718 0.26676974 88.00000000
0.10180353 0.26849492 89.00000000
0.10172949 0.27022460 89.00000000
0.10165507 0.27195845 89.00000000
0.10158026 0.27369615 89.00000000
0.10150506 0.27543736 89.00000000
0.10142949 0.27718174 89.00000000
0.10135353 0.27892895 89.00000000
0.10127718 0.28067864 89.00000000
0.10120046 0.28243047 90.00000000
0.10112336 0.28418407 90.00000000
0.10104587 0.28593909 90.00000000
0.10096801 0.28769517 90.00000000
0.10088978 0.28945195 90.00000000
0.10081116 0.29120906 90.00000000
0.10073218 0.29296614 90.00000000
0.10065281 0.29472282 90.00000000
0.10057308 0.29647872 91.00000000
0.10049298 0.29823348 91.00000000
0.10041251 0.29998674 91.00000000
0.10033167 0.30173811 91.00000000
0.10025046 0.30348723 91.00000000
0.10016889 0.30523373 91.00000000
0.10008696 0.30697724 91.00000000
0.10000467 0.30871740 91.00000000
0.09992201 0.31045383 91.00000000
0.09983900 0.31218619 92.00000000
0.09975563 0.31391410 92.00000000
0.09967191 0.31563721 92.00000000
0.09958784 0.31735518 92.00000000
0.09950341 0.31906763 92.00000000
0.09941864 0.32077424 92.00000000
0.09933352 0.32247467 92.00000000
0.09924806 0.32416856 92.00000000
0.09916225 0.32585561 93.00000000
0.09907611 0.32753547 93.00000000
0.09898962 0.32920783 93.00000000
0.09890280 0.33087238 93.00000000
0.09881565 0.33252881 93.00000000
0.09872817 0.33417682 93.00000000
0.09864035 0.33581612 93.00000000
0.09855221 0.33744643 93.00000000
0.09846375 0.33906747 94.00000000
0.09837496 0.34067897 94.00000000
0.09828585 0.34228067 94.00000000
0.09819642 0.34387233 94.00000000
0.09810668 0.34545369 94.00000000
0.09801663 0.34702453 94.00000000
0.09792627 0.34858463 94.00000000
0.09783559 0.35013377 94.00000000
0.09774462 0.35167174 95.00000000
0.09765333 0.35319836 96.00000000
0.09756175 0.35471344 96.00000000
0.09746987 0.35621680 96.00000000
0.09737769 0.35770829 96.00000000
0.09728522 0.35918774 96.00000000
0.09719246 0.36065502 96.00000000
0.09709941 0.36211000 96.00000000
0.09700608 0.36355255 96.00000000
0.09691245 0.36498257 97.00000000
0.09681855 0.36639995 97.00000000
0.09672437 0.36780460 97.00000000
0.09662991 0.36919644 97.00000000
0.09653518 0.37057542 97.00000000
0.09644017 0.37194146 97.00000000
0.09634489 0.37329452 97.00000000
0.09624935 0.37463456 97.00000000
0.09615353 0.37596156 98.00000000
0.09605746 0.37727549 98.00000000
0.09596112 0.37857635 98.00000000
0.09586453 0.37986415 98.00000000
0.09576767 0.38113888 98.00000000
0.09567056 0.38240058 98.00000000
0.09557320 0.38364927 98.00000000
0.09547558 0.38488498 98.00000000
0.09537772 0.38610778 98.00000000
0.09527961 0.38731771 99.00000000
0.09518125 0.38851484 99.00000000
0.09508264 0.38969923 99.00000000
0.09498380 0.39087098 99.00000000
0.09488471 0.39203016 99.00000000
0.09478538 0.39317687 99.00000000
0.09468582 0.39431121 99.00000000
0.09458602 0.39543330 99.00000000
0.09448598 0.39654324 100.00000000
0.09438571 0.39764115 100.00000000
0.09428520 0.39872717 100.00000000
0.09418447 0.39980142 100.00000000
0.09408350 0.40086405 100.00000000
0.09398231 0.40191520 100.00000000
0.09388089 0.40295502 100.00000000
0.09377924 0.40398366 100.00000000
0.09367736 0.40500128 101.00000000
0.09357526 0.40600805 101.00000000
0.09347294 0.40700413 101.00000000
0.09337039 0.40798969 101.00000000
0.09326761 0.40896491 101.00000000
0.09316462 0.40992997 101.00000000
0.09306140 0.41088505 101.00000000
0.09295797 0.41183034 101.00000000
0.09285431 0.41276602 102.00000000
0.09275043 0.41369230 102.00000000
0.09264633 0.41460936 102.00000000
0.09254201 0.41551740 102.00000000
0.09243747 0.41641663 102.00000000
0.09233271 0.41730725 102.00000000
0.09222773 0.41818947 102.00000000
0.09212252 0.41906349 103.00000000
0.09201710 0.41992953 103.00000000
0.09191146 0.42078781 103.00000000
0.09180560 0.42163853 103.00000000
0.09169952 0.42248192 103.00000000
0.09159322 0.42331821 103.00000000
0.09148669 0.42414761 103.00000000
0.09137995 0.42497036 103.00000000
0.09127298 0.42578667 103.00000000
0.09116578 0.42659679 104.00000000
0.09105837 0.42740094 104.00000000
0.09095073 0.42819937 104.00000000
0.09084286 0.42899231 104.00000000
0.09073477 0.42978000 104.00000000
0.09062645 0.43056269 104.00000000
0.09051790 0.43134062 104.00000000
0.09040913 0.43211404 104.00000000
0.09030012 0.43288321 105.00000000
0.09019088 0.43364837 105.00000000
0.09008142 0.43440978 105.00000000
0.08997171 0.43516771 105.00000000
0.08986178 0.43592240 105.00000000
0.08975161 0.43667414 105.00000000
0.08964120 0.43742317 105.00000000
0.08953055 0.43816978 105.00000000
0.08941967 0.43891423 106.00000000
0.08930854 0.43965679 106.00000000
0.08919718 0.44039775 106.00000000
0.08908556 0.44113738 106.00000000
0.08897371 0.44187596 106.00000000
0.08886161 0.44261377 106.00000000
0.08874926 0.44335109 106.00000000
0.08863666 0.44408822 106.00000000
0.08852381 0.44482544 107.00000000
0.08841071 0.44556304 107.00000000
0.08829736 0.44630130 107.00000000
0.08818376 0.44704053 107.00000000
0.08806989 0.44778100 107.00000000
0.08795577 0.44852302 107.00000000
0.08784140 0.44926687 107.00000000
0.08772676 0.45001284 107.00000000
0.08761186 0.45076123 108.00000000
0.08749670 0.45151233 108.00000000
0.08738128 0.45226642 108.00000000
0.08726559 0.45302380 108.00000000
0.08714964 0.45378474 108.00000000
0.08703342 0.45454954 108.00000000
0.08691694 0.45531847 108.00000000
0.08680018 0.45609181 108.00000000
0.08668316 0.45686983 108.00000000
0.08656587 0.45765280 109.00000000
0.08644831 0.45844099 109.00000000
0.08633048 0.45923465 109.00000000
0.08621237 0.46003404 109.00000000
0.08609400 0.46083940 109.00000000
0.08597536 0.46165099 109.00000000
0.08585644 0.46246902 109.00000000
0.08573725 0.46329373 109.00000000
0.08561779 0.46412533 110.00000000
0.08549806 0.46496404 110.00000000
0.08537806 0.46581006 110.00000000
0.08525779 0.46666358 110.00000000
0.08513725 0.46752478 110.00000000
0.08501645 0.46839383 110.00000000
0.08489537 0.46927090 110.00000000
0.08477403 0.47015614 110.00000000
0.08465242 0.47104968 111.00000000
0.08453055 0.47195166 111.00000000
0.08440842 0.47286220 111.00000000
0.08428602 0.47378140 111.00000000
0.08416337 0.47470936 111.00000000
0.08404045 0.47564617 111.00000000
0.08391729 0.47659188 111.00000000
0.08379387 0.47754657 111.00000000
0.08367019 0.47851028 112.00000000
0.08354627 0.47948306 113.00000000
0.08342211 0.48046491 113.00000000
0.08329770 0.48145587 113.00000000
0.08317305 0.48245593 113.00000000
0.08304816 0.48346509 113.00000000
0.08292304 0.48448334 113.00000000
0.08279768 0.48551063 113.00000000
0.08267210 0.48654695 113.00000000
0.08254629 0.48759224 113.00000000
0.08242025 0.48864645 114.00000000
0.08229400 0.48970952 114.00000000
0.08216753 0.49078139 114.00000000
0.08204086 0.49186198 114.00000000
0.08191397 0.49295121 114.00000000
0.08178687 0.49404900 114.00000000
0.08165958 0.49515526 114.00000000
0.08153209 0.49626990 114.00000000
0.08140440 0.49739282 115.00000000
0.08127652 0.49852392 115.00000000
0.08114845 0.49966311 115.00000000
0.08102020 0.50081028 115.00000000
0.08089177 0.50196535 115.00000000
0.08076316 0.50312820 115.00000000
0.08063438 0.50429875 115.00000000
0.08050542 0.50547691 115.00000000
0.08037630 0.50666257 116.00000000
0.08024702 0.50785567 116.00000000
0.08011757 0.50905610 116.00000000
0.07998796 0.51026380 116.00000000
0.07985820 0.51147870 116.00000000
0.07972828 0.51270073 116.00000000
0.07959822 0.51392982 116.00000000
0.07946800 0.51516594 116.00000000