Residual Convergence speed Computational time
0.12506336 0.08633597 6.00000000
0.12505758 0.08406607 12.00000000
0.12504670 0.08045478 17.00000000
0.12503134 0.07621797 23.00000000
0.12501206 0.07215628 29.00000000
0.12498929 0.06910337 36.00000000
0.12496331 0.06783986 42.00000000
0.12493422 0.06898211 49.00000000
0.12490191 0.07291324 55.00000000
0.12486605 0.07983170 62.00000000
0.12482607 0.08989512 68.00000000
0.12478106 0.10335307 75.00000000
0.12472966 0.12060065 81.00000000
0.12467000 0.14216241 89.00000000
0.12459937 0.16864704 95.00000000
0.12451403 0.20070106 102.00000000
0.12440877 0.23896687 108.00000000
0.12427644 0.28403348 114.00000000
0.12410737 0.33635745 121.00000000
0.12388875 0.39612454 129.00000000
0.12360410 0.46301580 134.00000000
0.12323310 0.53583659 140.00000000
0.12275249 0.61197260 147.00000000
0.12213867 0.68667148 153.00000000
0.12137356 0.75224985 160.00000000
0.12045448 0.79753435 167.00000000
0.11940771 0.80816834 174.00000000
0.11830150 0.76869825 181.00000000
0.11724847 0.66713788 186.00000000
0.11638489 0.50140598 194.00000000
0.11582311 0.28513561 201.00000000
0.11559558 0.06519951 209.00000000
0.11562667 0.20411519 215.00000000
0.11575652 0.39232548 221.00000000
0.11580453 0.51995329 227.00000000
0.11563571 0.57613425 234.00000000
0.11520061 0.56248910 242.00000000
0.11454021 0.48919705 247.00000000
0.11376229 0.37305179 254.00000000
0.11300071 0.23807163 260.00000000
0.11237203 0.13444694 267.00000000
0.11194422 0.17069871 273.00000000
0.11172620 0.28233202 280.00000000
0.11167735 0.39002192 287.00000000
0.11172808 0.47681027 293.00000000
0.11180237 0.53665174 300.00000000
0.11183672 0.56575842 307.00000000
0.11179300 0.56166247 313.00000000
0.11166422 0.52380824 321.00000000
0.11147242 0.45437376 327.00000000
0.11125906 0.35888212 334.00000000
0.11107027 0.24668086 341.00000000
0.11094147 0.13370144 348.00000000
0.11088653 0.07599887 355.00000000
0.11089533 0.14097328 361.00000000
0.11093996 0.21913537 368.00000000
0.11098619 0.27593273 373.00000000
0.11100540 0.30559583 380.00000000
0.11098237 0.30821147 386.00000000
0.11091735 0.28689623 393.00000000
0.11082268 0.24670538 400.00000000
0.11071645 0.19387718 406.00000000
0.11061574 0.13543997 413.00000000
0.11053176 0.08035301 420.00000000
0.11046797 0.04950311 427.00000000
0.11042086 0.06855181 433.00000000
0.11038260 0.10245300 438.00000000
0.11034422 0.13070579 439.00000000
0.11029818 0.14953551 439.00000000
0.11023995 0.15874925 439.00000000
0.11016833 0.15949216 439.00000000
0.11008487 0.15370960 439.00000000
0.10999271 0.14393648 439.00000000
0.10989528 0.13313952 439.00000000
0.10979515 0.12440494 440.00000000
0.10969337 0.12022647 440.00000000
0.10958927 0.12152495 440.00000000
0.10948075 0.12729976 440.00000000
0.10936492 0.13543560 440.00000000
0.10923880 0.14381308 440.00000000
0.10910002 0.15089576 440.00000000
0.10894719 0.15583925 440.00000000
0.10878006 0.15842128 441.00000000
0.10859921 0.15894594 441.00000000
0.10840571 0.15814342 441.00000000
0.10820051 0.15702707 441.00000000
0.10798409 0.15666087 441.00000000
0.10775614 0.15784487 441.00000000
0.10751557 0.16083439 441.00000000
0.10726075 0.16526736 441.00000000
0.10698987 0.17036939 442.00000000
0.10670137 0.17532104 442.00000000
0.10639421 0.17960070 442.00000000
0.10606800 0.18317747 442.00000000
0.10572289 0.18650902 442.00000000
0.10535925 0.19035297 442.00000000
0.10497742 0.19545539 442.00000000
0.10457738 0.20225141 442.00000000
0.10415875 0.21073721 443.00000000
0.10372085 0.22058572 443.00000000
0.10326298 0.23142782 443.00000000
0.10278468 0.24313509 443.00000000
0.10228589 0.25595740 443.00000000
0.10176700 0.27044100 443.00000000
0.10122864 0.28714774 443.00000000
0.10067150 0.30630368 443.00000000
0.10009616 0.32756833 444.00000000
0.09950298 0.35005761 444.00000000
0.09889227 0.37260111 444.00000000
0.09826447 0.39409128 444.00000000
0.09762037 0.41376354 444.00000000
0.09696124 0.43130712 444.00000000
0.09628870 0.44679022 444.00000000
0.09560462 0.46045911 444.00000000
0.09491090 0.47251685 445.00000000
0.09420934 0.48298362 445.00000000
0.09350167 0.49168509 445.00000000
0.09278958 0.49834013 445.00000000
0.09207477 0.50267437 445.00000000
0.09135891 0.50449499 445.00000000
0.09064356 0.50370871 445.00000000
0.08993001 0.50031142 445.00000000
0.08921933 0.49439008 446.00000000
0.08851244 0.48615407 446.00000000
0.08781026 0.47597332 446.00000000
0.08711388 0.46438017 446.00000000
0.08642460 0.45200767 457.00000000
0.08574394 0.43947860 463.00000000
0.08507355 0.42729649 470.00000000
0.08441515 0.41579143 476.00000000
0.08377049 0.40513616 484.00000000
0.08314133 0.39540146 490.00000000
0.08252935 0.38660177 497.00000000
0.08193611 0.37870482 503.00000000
0.08136290 0.37161774 510.00000000
0.08081072 0.36518118 512.00000000
0.08028023 0.35919056 512.00000000
0.07977181 0.35343659 512.00000000
0.07928557 0.34774149 512.00000000
0.07882142 0.34197350 512.00000000
0.07837906 0.33603954 512.00000000
0.07795807 0.32986985 512.00000000
0.07755786 0.32340882 513.00000000
0.07717777 0.31661801 513.00000000
0.07681703 0.30948758 513.00000000
0.07647485 0.30204711 513.00000000
0.07615040 0.29436883 513.00000000
0.07584285 0.28656077 513.00000000
0.07555134 0.27875266 513.00000000
0.07527502 0.27107924 513.00000000
0.07501306 0.26366547 514.00000000
0.07476462 0.25661590 514.00000000
0.07452890 0.25000817 514.00000000
0.07430511 0.24388947 514.00000000
0.07409251 0.23827488 514.00000000
0.07389039 0.23314739 514.00000000
0.07369808 0.22846039 514.00000000
0.07351493 0.22414344 514.00000000
0.07334034 0.22011142 515.00000000
0.07317374 0.21627611 515.00000000
0.07301458 0.21255800 515.00000000
0.07286236 0.20889616 515.00000000
0.07271662 0.20525427 515.00000000
0.07257691 0.20162199 515.00000000
0.07244282 0.19801191 515.00000000
0.07231398 0.19445341 515.00000000
0.07219005 0.19098473 516.00000000
0.07207069 0.18764527 516.00000000
0.07195562 0.18446891 516.00000000
0.07184455 0.18147952 516.00000000
0.07173723 0.17868843 516.00000000
0.07163342 0.17609405 516.00000000
0.07153292 0.17368300 516.00000000
0.07143552 0.17143242 516.00000000
0.07134104 0.16931317 517.00000000
0.07124931 0.16729340 517.00000000
0.07116017 0.16534229 517.00000000
0.07107348 0.16343343 517.00000000
0.07098910 0.16154759 517.00000000
0.07090692 0.15967440 517.00000000
0.07082680 0.15781281 518.00000000
0.07074865 0.15597030 518.00000000
0.07067237 0.15416114 519.00000000
0.07059786 0.15240380 519.00000000
0.07052504 0.15071825 519.00000000
0.07045382 0.14912325 519.00000000
0.07038412 0.14763420 519.00000000
0.07031588 0.14626156 519.00000000
0.07024904 0.14501007 519.00000000
0.07018352 0.14387862 519.00000000
0.07011927 0.14286073 519.00000000
0.07005624 0.14194545 520.00000000
0.06999438 0.14111870 520.00000000
0.06993363 0.14036459 520.00000000
0.06987396 0.13966699 520.00000000
0.06981532 0.13901078 520.00000000
0.06975768 0.13838302 521.00000000
0.06970099 0.13777366 521.00000000
0.06964523 0.13717592 521.00000000
0.06959035 0.13658621 521.00000000
0.06953634 0.13600370 521.00000000
0.06948316 0.13542966 521.00000000
0.06943078 0.13486660 521.00000000
0.06937918 0.13431742 522.00000000
0.06932834 0.13378461 522.00000000
0.06927823 0.13326966 522.00000000
0.06922883 0.13277268 522.00000000
0.06918012 0.13229222 522.00000000
0.06913207 0.13182533 522.00000000
0.06908468 0.13136784 522.00000000
0.06903793 0.13091475 522.00000000
0.06899179 0.13046071 523.00000000
0.06894626 0.13000053 523.00000000
0.06890131 0.12952967 523.00000000
0.06885693 0.12904463 523.00000000
0.06881311 0.12854322 523.00000000
0.06876984 0.12802470 524.00000000
0.06872711 0.12748970 524.00000000
0.06868490 0.12694013 524.00000000
0.06864319 0.12637881 524.00000000
0.06860199 0.12580918 524.00000000
0.06856128 0.12523491 524.00000000
0.06852105 0.12465957 524.00000000
0.06848130 0.12408629 524.00000000
0.06844200 0.12351756 525.00000000
0.06840316 0.12295512 525.00000000
0.06836477 0.12239988 525.00000000
0.06832682 0.12185202 525.00000000
0.06828929 0.12131110 525.00000000
0.06825219 0.12077621 525.00000000
0.06821551 0.12024622 525.00000000
0.06817924 0.11971991 525.00000000
0.06814337 0.11919619 526.00000000
0.06810790 0.11867424 526.00000000
0.06807282 0.11815359 526.00000000
0.06803813 0.11763412 526.00000000
0.06800381 0.11711608 526.00000000
0.06796987 0.11660002 526.00000000
0.06793630 0.11608665 526.00000000
0.06790309 0.11557678 526.00000000
0.06787024 0.11507115 527.00000000
0.06783775 0.11457038 527.00000000
0.06780560 0.11407485 527.00000000
0.06777379 0.11358468 527.00000000
0.06774233 0.11309969 527.00000000
0.06771120 0.11261947 527.00000000
0.06768040 0.11214337 527.00000000
0.06764992 0.11167063 527.00000000
0.06761977 0.11120041 528.00000000
0.06758993 0.11073191 528.00000000
0.06756041 0.11026442 528.00000000
0.06753119 0.10979741 528.00000000
0.06750228 0.10933056 528.00000000
0.06747367 0.10886375 528.00000000
0.06744536 0.10839708 528.00000000
0.06741734 0.10793087 528.00000000
0.06738960 0.10746554 529.00000000
0.06736215 0.10700166 529.00000000
0.06733499 0.10653979 529.00000000
0.06730810 0.10608051 529.00000000
0.06728148 0.10562433 529.00000000
0.06725513 0.10517167 529.00000000
0.06722905 0.10472286 529.00000000
0.06720323 0.10427808 530.00000000
0.06717767 0.10383744 530.00000000
0.06715236 0.10340094 530.00000000
0.06712731 0.10296854 530.00000000
0.06710250 0.10254015 530.00000000
0.06707794 0.10211570 530.00000000
0.06705362 0.10169514 531.00000000
0.06702953 0.10127845 531.00000000
0.06700568 0.10086569 531.00000000
0.06698206 0.10045695 531.00000000
0.06695867 0.10005240 531.00000000
0.06693550 0.09965224 532.00000000
0.06691255 0.09925668 532.00000000
0.06688982 0.09886594 532.00000000
0.06686730 0.09848025 532.00000000
0.06684499 0.09809979 532.00000000
0.06682289 0.09772469 532.00000000
0.06680099 0.09735505 532.00000000
0.06677929 0.09699091 532.00000000
0.06675779 0.09663227 533.00000000
0.06673648 0.09627909 533.00000000
0.06671536 0.09593131 533.00000000
0.06669443 0.09558886 533.00000000
0.06667369 0.09525167 533.00000000
0.06665312 0.09491969 533.00000000
0.06663273 0.09459289 533.00000000
0.06661252 0.09427128 533.00000000
0.06659248 0.09395490 534.00000000
0.06657261 0.09364382 534.00000000
0.06655290 0.09333817 534.00000000
0.06653336 0.09303806 534.00000000
0.06651397 0.09274366 534.00000000
0.06649474 0.09245511 534.00000000
0.06647566 0.09217260 535.00000000
0.06645673 0.09189626 535.00000000
0.06643795 0.09162627 536.00000000
0.06641931 0.09136275 536.00000000
0.06640081 0.09110584 536.00000000
0.06638245 0.09085566 536.00000000
0.06636422 0.09061233 536.00000000
0.06634612 0.09037596 536.00000000
0.06632815 0.09014669 536.00000000
0.06631030 0.08992465 536.00000000
0.06629257 0.08971000 537.00000000
0.06627495 0.08950289 537.00000000
0.06625745 0.08930354 537.00000000
0.06624006 0.08911214 537.00000000
0.06622278 0.08892895 537.00000000
0.06620560 0.08875421 537.00000000
0.06618851 0.08858821 537.00000000
0.06617153 0.08843123 537.00000000
0.06615463 0.08828359 538.00000000
0.06613782 0.08814561 538.00000000
0.06612110 0.08801762 538.00000000
0.06610445 0.08789997 538.00000000
0.06608788 0.08779303 538.00000000
0.06607138 0.08769718 538.00000000
0.06605495 0.08761282 538.00000000
0.06603858 0.08754038 538.00000000
0.06602226 0.08748030 538.00000000
0.06600600 0.08743307 539.00000000
0.06598979 0.08739923 539.00000000
0.06597361 0.08737931 539.00000000
0.06595748 0.08737395 539.00000000
0.06594138 0.08738377 539.00000000
0.06592530 0.08740950 539.00000000
0.06590924 0.08745189 539.00000000
0.06589319 0.08751175 539.00000000
0.06587715 0.08758996 540.00000000
0.06586111 0.08768745 540.00000000
0.06584506 0.08780522 540.00000000
0.06582899 0.08794435 540.00000000
0.06581290 0.08810599 540.00000000
0.06579678 0.08829137 540.00000000
0.06578061 0.08850181 540.00000000
0.06576439 0.08873874 540.00000000
0.06574811 0.08900369 541.00000000
0.06573176 0.08929829 541.00000000
0.06571532 0.08962432 541.00000000
0.06569878 0.08998370 541.00000000
0.06568213 0.09037850 541.00000000
0.06566536 0.09081095 541.00000000
0.06564845 0.09128346 541.00000000
0.06563137 0.09179867 541.00000000
0.06561413 0.09235939 542.00000000
0.06559669 0.09296872 542.00000000
0.06557904 0.09362998 542.00000000
0.06556115 0.09434679 542.00000000
0.06554300 0.09512310 542.00000000
0.06552456 0.09596319 542.00000000
0.06550581 0.09687170 542.00000000
0.06548671 0.09785373 542.00000000
0.06546724 0.09891480 543.00000000
0.06544735 0.10006097 543.00000000
0.06542700 0.10129885 543.00000000
0.06540616 0.10263566 543.00000000
0.06538477 0.10407934 543.00000000
0.06536278 0.10563857 543.00000000
0.06534013 0.10732289 543.00000000
0.06531676 0.10914280 543.00000000
0.06529260 0.11110981 544.00000000
0.06526758 0.11323664 544.00000000
0.06524160 0.11553727 544.00000000
0.06521457 0.11802715 544.00000000
0.06518638 0.12072332 544.00000000
0.06515693 0.12364460 544.00000000
0.06512609 0.12681180 544.00000000
0.06509370 0.13024793 544.00000000
0.06505961 0.13397839 545.00000000
0.06502365 0.13803131 545.00000000
0.06498562 0.14243771 545.00000000
0.06494531 0.14723183 545.00000000
0.06490247 0.15245138 545.00000000
0.06485685 0.15813776 545.00000000
0.06480816 0.16433627 545.00000000
0.06475608 0.17109617 545.00000000
0.06470028 0.17847075 546.00000000
0.06464038 0.18651699 546.00000000
0.06457600 0.19529514 546.00000000
0.06450672 0.20486769 546.00000000
0.06443213 0.21529797 546.00000000
0.06435179 0.22664789 547.00000000
0.06426529 0.23897479 547.00000000
0.06417224 0.25232727 547.00000000
0.06407227 0.26673976 547.00000000
0.06396512 0.28222599 547.00000000
0.06385057 0.29877152 547.00000000
0.06372853 0.31632606 547.00000000
0.06359903 0.33479648 548.00000000
0.06346217 0.35404201 548.00000000
0.06331820 0.37387322 548.00000000
0.06316737 0.39405607 548.00000000
0.06300996 0.41432169 548.00000000
0.06284616 0.43438064 548.00000000
0.06267598 0.45393911 548.00000000
0.06249920 0.47271261 548.00000000
0.06231524 0.49043281 548.00000000
0.06212317 0.50684464 549.00000000
0.06192167 0.52169377 549.00000000
0.06170911 0.53470843 549.00000000
0.06148362 0.54558222 549.00000000
0.06124324 0.55396593 549.00000000
0.06098609 0.55947560 549.00000000
0.06071047 0.56172159 549.00000000
0.06041504 0.56035922 549.00000000
0.06009886 0.55515537 550.00000000
0.05976131 0.54605835 550.00000000
0.05940202 0.53325086 550.00000000
0.05902057 0.51716368 550.00000000
0.05861623 0.49843340 550.00000000
0.05818753 0.47780416 550.00000000
0.05773195 0.45599477 550.00000000
0.05724560 0.43356978 550.00000000
0.05672304 0.41085686 551.00000000
0.05615733 0.38794458 551.00000000
0.05554033 0.36478184 551.00000000
0.05486334 0.34138903 551.00000000
0.05411829 0.31817203 551.00000000
0.05329915 0.29626595 551.00000000
0.05240351 0.27766694 552.00000000
0.05143348 0.26467696 552.00000000
0.05039537 0.25834322 552.00000000
0.04929785 0.25673807 553.00000000
0.04814907 0.25492043 553.00000000
0.04695418 0.24696775 553.00000000
0.04571415 0.22846106 553.00000000
0.04442588 0.19829438 553.00000000
0.04308267 0.16040068 553.00000000
0.04167423 0.12720782 553.00000000
0.04018626 0.12084830 553.00000000
0.03860098 0.14704473 554.00000000
0.03690114 0.18201483 554.00000000
0.03508133 0.20328907 554.00000000
0.03316717 0.19832935 554.00000000
0.03123450 0.16800902 554.00000000
0.02940322 0.13734584 554.00000000
0.02778129 0.13746352 554.00000000
0.02640331 0.15415578 554.00000000
0.02524568 0.19456726 555.00000000
0.02428304 0.29683843 555.00000000
0.02350276 0.44709262 555.00000000
0.02288297 0.60588594 555.00000000
0.02237819 0.73980410 555.00000000
0.02192928 0.82597527 555.00000000
0.02148699 0.85365158 555.00000000
0.02102984 0.82519670 555.00000000
0.02056421 0.75426927 555.00000000
0.02010941 0.66070188 556.00000000
0.01968090 0.56420262 556.00000000
0.01928250 0.47960833 556.00000000
0.01890895 0.41488348 556.00000000
0.01855282 0.37149561 556.00000000
0.01821001 0.34635768 556.00000000
0.01788103 0.33437068 556.00000000
0.01756922 0.33041527 556.00000000
0.01727800 0.33023518 557.00000000
0.01700883 0.33053244 557.00000000
0.01676062 0.32880503 557.00000000
0.01653016 0.32322471 557.00000000
0.01631315 0.31263632 557.00000000
0.01610542 0.29663972 557.00000000
0.01590377 0.27565943 557.00000000
0.01570630 0.25091211 558.00000000
0.01551228 0.22423920 558.00000000
0.01532157 0.19784057 558.00000000
0.01513401 0.17397216 558.00000000
0.01494896 0.15463124 558.00000000
0.01476516 0.14119969 558.00000000
0.01458082 0.13408737 558.00000000
0.01439377 0.13263351 558.00000000
0.01420173 0.13548673 558.00000000
0.01400243 0.14122113 559.00000000
0.01379365 0.14875202 559.00000000
0.01357316 0.15743052 559.00000000
0.01333865 0.16695401 559.00000000
0.01308750 0.17722909 559.00000000
0.01281666 0.18824718 559.00000000
0.01252250 0.19998407 559.00000000
0.01220067 0.21231742 560.00000000
0.01184605 0.22495135 560.00000000
0.01145272 0.23734040 560.00000000
0.01101412 0.24861391 560.00000000
0.01052341 0.25752616 560.00000000
0.00997443 0.26251784 560.00000000
0.00936355 0.26210985 560.00000000
0.00869307 0.25607507 560.00000000
0.00797569 0.24781482 561.00000000
0.00723813 0.24644948 561.00000000
0.00651856 0.26215752 561.00000000
0.00585477 0.29400998 561.00000000
0.00527019 0.32976170 561.00000000
0.00476995 0.35885122 561.00000000
0.00434809 0.37836471 561.00000000
0.00399541 0.39013765 561.00000000
0.00370224 0.39679961 562.00000000
0.00345837 0.40011544 562.00000000
0.00325281 0.40102135 562.00000000
0.00307460 0.40007442 562.00000000
0.00291424 0.39770112 562.00000000
0.00276491 0.39422234 562.00000000
0.00262270 0.38981350 562.00000000
0.00248619 0.38450033 562.00000000
0.00235540 0.37820428 563.00000000
0.00223097 0.37081333 563.00000000
0.00211354 0.36224836 563.00000000
0.00200346 0.35250479 563.00000000
0.00190080 0.34166366 563.00000000
0.00180539 0.32987918 563.00000000
0.00171696 0.31735433 563.00000000
0.00163512 0.30431484 563.00000000
0.00155951 0.29098756 564.00000000
0.00148973 0.27758530 564.00000000
0.00142541 0.26429782 564.00000000
0.00136618 0.25128769 564.00000000
0.00131167 0.23868938 564.00000000
0.00126150 0.22661042 564.00000000
0.00121532 0.21513341 564.00000000
0.00117275 0.20431844 564.00000000
0.00113346 0.19420550 565.00000000
0.00109711 0.18481663 565.00000000
0.00106338 0.17615799 565.00000000
0.00103201 0.16822176 565.00000000
0.00100272 0.16098793 565.00000000
0.00097529 0.15442625 565.00000000
0.00094954 0.14849809 565.00000000
0.00092529 0.14315845 565.00000000
0.00090240 0.13835785 565.00000000
0.00088076 0.13404430 566.00000000
0.00086027 0.13016496 566.00000000
0.00084085 0.12666773 566.00000000
0.00082242 0.12350248 566.00000000
0.00080492 0.12062212 566.00000000
0.00078830 0.11798327 566.00000000
0.00077250 0.11554673 566.00000000
0.00075747 0.11327775 566.00000000
0.00074317 0.11114603 567.00000000
0.00072956 0.10912562 567.00000000
0.00071658 0.10719471 567.00000000
0.00070420 0.10533531 567.00000000
0.00069238 0.10353293 567.00000000
0.00068109 0.10177613 567.00000000
0.00067029 0.10005624 567.00000000
0.00065995 0.09836690 568.00000000
0.00065004 0.09670376 568.00000000
0.00064053 0.09506410 569.00000000
0.00063140 0.09344656 569.00000000
0.00062262 0.09185083 569.00000000
0.00061417 0.09027744 569.00000000
0.00060604 0.08872750 569.00000000
0.00059820 0.08720257 569.00000000
0.00059064 0.08570441 569.00000000
0.00058334 0.08423494 569.00000000
0.00057629 0.08279607 569.00000000
0.00056947 0.08138963 570.00000000
0.00056286 0.08001730 570.00000000
0.00055647 0.07868056 570.00000000
0.00055028 0.07738064 570.00000000
0.00054427 0.07611851 570.00000000
0.00053844 0.07489487 570.00000000
0.00053278 0.07371014 570.00000000
0.00052727 0.07256444 570.00000000
0.00052192 0.07145768 571.00000000
0.00051671 0.07038948 571.00000000
0.00051164 0.06935926 571.00000000
0.00050670 0.06836623 571.00000000
0.00050189 0.06740943 571.00000000
0.00049719 0.06648774 571.00000000
0.00049260 0.06559992 571.00000000
0.00048813 0.06474462 571.00000000
0.00048376 0.06392044 572.00000000
0.00047948 0.06312590 572.00000000
0.00047530 0.06235950 572.00000000
0.00047122 0.06161973 572.00000000
0.00046722 0.06090508 572.00000000
0.00046330 0.06021405 572.00000000
0.00045947 0.05954520 572.00000000
0.00045571 0.05889711 572.00000000
0.00045203 0.05826844 573.00000000
0.00044843 0.05765789 573.00000000
0.00044489 0.05706423 573.00000000
0.00044142 0.05648632 573.00000000
0.00043801 0.05592308 573.00000000
0.00043467 0.05537352 573.00000000
0.00043139 0.05483670 573.00000000
0.00042817 0.05431178 573.00000000
0.00042501 0.05379799 574.00000000
0.00042190 0.05329463 574.00000000
0.00041884 0.05280106 574.00000000
0.00041584 0.05231673 578.00000000
0.00041289 0.05184111 585.00000000
0.00040999 0.05137377 592.00000000
0.00040714 0.05091431 598.00000000
0.00040433 0.05046238 605.00000000
0.00040157 0.05001767 612.00000000
0.00039885 0.04957992 617.00000000
0.00039617 0.04914891 624.00000000
0.00039354 0.04872443 630.00000000
0.00039094 0.04830631 637.00000000
0.00038839 0.04789441 643.00000000
0.00038588 0.04748860 650.00000000
0.00038340 0.04708876 656.00000000
0.00038096 0.04669481 663.00000000
0.00037855 0.04630666 670.00000000
0.00037618 0.04592423 677.00000000
0.00037384 0.04554746 682.00000000
0.00037154 0.04517628 687.00000000
0.00036926 0.04481063 694.00000000
0.00036702 0.04445045 700.00000000
0.00036481 0.04409570 707.00000000
0.00036263 0.04374630 713.00000000
0.00036048 0.04340221 719.00000000
0.00035836 0.04306336 725.00000000
0.00035627 0.04272969 742.00000000
0.00035420 0.04240114 754.00000000
0.00035216 0.04207765 761.00000000
0.00035015 0.04175913 767.00000000
0.00034816 0.04144554 774.00000000
0.00034620 0.04113678 778.00000000
0.00034426 0.04083278 781.00000000
0.00034235 0.04053347 786.00000000
0.00034046 0.04023876 793.00000000
0.00033859 0.03994857 799.00000000
0.00033675 0.03966282 805.00000000
0.00033493 0.03938143 812.00000000
0.00033313 0.03910430 821.00000000
0.00033135 0.03883134 828.00000000
0.00032959 0.03856248 833.00000000
0.00032785 0.03829763 842.00000000
0.00032614 0.03803669 849.00000000
0.00032444 0.03777959 854.00000000
0.00032276 0.03752623 861.00000000
0.00032111 0.03727653 867.00000000
0.00031947 0.03703041 874.00000000
0.00031784 0.03678778 881.00000000
0.00031624 0.03654856 888.00000000
0.00031466 0.03631268 894.00000000
0.00031309 0.03608005 901.00000000
0.00031154 0.03585060 902.00000000
0.00031000 0.03562426 902.00000000
0.00030849 0.03540095 902.00000000
0.00030698 0.03518060 903.00000000
0.00030550 0.03496315 903.00000000
0.00030403 0.03474853 903.00000000
0.00030257 0.03453667 903.00000000
0.00030113 0.03432752 903.00000000
0.00029971 0.03412100 903.00000000
0.00029830 0.03391708 903.00000000
0.00029690 0.03371568 903.00000000
0.00029552 0.03351676 904.00000000
0.00029415 0.03332027 904.00000000
0.00029280 0.03312615 904.00000000
0.00029146 0.03293435 904.00000000
0.00029013 0.03274484 904.00000000
0.00028882 0.03255755 904.00000000
0.00028752 0.03237246 904.00000000
0.00028623 0.03218952 904.00000000
0.00028495 0.03200868 904.00000000
0.00028369 0.03182992 905.00000000
0.00028243 0.03165318 905.00000000
0.00028119 0.03147844 905.00000000
0.00027997 0.03130566 906.00000000
0.00027875 0.03113480 906.00000000
0.00027754 0.03096584 906.00000000
0.00027635 0.03079874 906.00000000
0.00027516 0.03063346 906.00000000
0.00027399 0.03046998 906.00000000
0.00027283 0.03030828 907.00000000
0.00027168 0.03014831 907.00000000
0.00027054 0.02999005 907.00000000
0.00026941 0.02983348 907.00000000
0.00026828 0.02967857 907.00000000
0.00026717 0.02952529 907.00000000
0.00026607 0.02937362 907.00000000
0.00026498 0.02922353 907.00000000
0.00026390 0.02907499 908.00000000
0.00026283 0.02892800 908.00000000
0.00026176 0.02878251 908.00000000
0.00026071 0.02863852 908.00000000
0.00025966 0.02849599 908.00000000
0.00025863 0.02835490 908.00000000
0.00025760 0.02821524 908.00000000
0.00025658 0.02807698 909.00000000
0.00025557 0.02794011 909.00000000
0.00025457 0.02780459 909.00000000
0.00025357 0.02767042 909.00000000
0.00025259 0.02753757 910.00000000
0.00025161 0.02740603 910.00000000
0.00025064 0.02727577 910.00000000
0.00024968 0.02714677 910.00000000
0.00024873 0.02701903 910.00000000
0.00024778 0.02689251 910.00000000
0.00024684 0.02676721 910.00000000
0.00024591 0.02664310 910.00000000
0.00024499 0.02652017 911.00000000
0.00024407 0.02639841 911.00000000
0.00024316 0.02627779 911.00000000
0.00024226 0.02615829 911.00000000
0.00024137 0.02603992 911.00000000
0.00024048 0.02592264 911.00000000
0.00023960 0.02580644 911.00000000
0.00023872 0.02569132 911.00000000
0.00023785 0.02557724 912.00000000
0.00023699 0.02546420 912.00000000
0.00023614 0.02535219 912.00000000
0.00023529 0.02524119 912.00000000
0.00023445 0.02513119 913.00000000
0.00023361 0.02502217 913.00000000
0.00023278 0.02491412 913.00000000
0.00023196 0.02480702 913.00000000
0.00023114 0.02470087 913.00000000
0.00023033 0.02459565 913.00000000
0.00022953 0.02449135 913.00000000
0.00022873 0.02438796 913.00000000
0.00022793 0.02428546 914.00000000
0.00022715 0.02418385 914.00000000
0.00022637 0.02408310 914.00000000
0.00022559 0.02398322 914.00000000
0.00022482 0.02388418 914.00000000
0.00022405 0.02378598 914.00000000
0.00022329 0.02368861 914.00000000
0.00022254 0.02359206 914.00000000
0.00022179 0.02349631 915.00000000
0.00022105 0.02340136 915.00000000
0.00022031 0.02330720 915.00000000
0.00021957 0.02321381 915.00000000
0.00021884 0.02312118 915.00000000
0.00021812 0.02302932 915.00000000
0.00021740 0.02293820 915.00000000
0.00021669 0.02284782 915.00000000
0.00021598 0.02275816 916.00000000
0.00021528 0.02266923 916.00000000
0.00021458 0.02258101 916.00000000
0.00021388 0.02249349 916.00000000
0.00021319 0.02240667 916.00000000
0.00021251 0.02232053 916.00000000
0.00021183 0.02223507 916.00000000
0.00021115 0.02215028 917.00000000
0.00021048 0.02206615 917.00000000
0.00020981 0.02198267 917.00000000
0.00020915 0.02189984 917.00000000
0.00020849 0.02181765 917.00000000
0.00020784 0.02173609 917.00000000
0.00020718 0.02165516 917.00000000
0.00020654 0.02157483 917.00000000
0.00020590 0.02149512 918.00000000
0.00020526 0.02141602 919.00000000
0.00020463 0.02133750 919.00000000
0.00020400 0.02125958 919.00000000
0.00020337 0.02118224 919.00000000
0.00020275 0.02110547 919.00000000
0.00020213 0.02102927 919.00000000
0.00020152 0.02095364 920.00000000
0.00020091 0.02087856 920.00000000
0.00020030 0.02080403 920.00000000
0.00019970 0.02073004 920.00000000
0.00019910 0.02065660 920.00000000
0.00019851 0.02058368 920.00000000
0.00019791 0.02051129 920.00000000
0.00019733 0.02043942 920.00000000
0.00019674 0.02036807 921.00000000
0.00019616 0.02029723 921.00000000
0.00019559 0.02022689 921.00000000
0.00019501 0.02015705 921.00000000
0.00019444 0.02008770 922.00000000
0.00019388 0.02001884 922.00000000
0.00019331 0.01995046 922.00000000
0.00019275 0.01988256 922.00000000
0.00019220 0.01981513 922.00000000
0.00019164 0.01974817 922.00000000
0.00019109 0.01968167 922.00000000
0.00019055 0.01961563 922.00000000
0.00019000 0.01955005 923.00000000
0.00018946 0.01948491 923.00000000
0.00018892 0.01942021 923.00000000
0.00018839 0.01935595 923.00000000
0.00018786 0.01929213 923.00000000
0.00018733 0.01922874 923.00000000
0.00018681 0.01916578 923.00000000
0.00018628 0.01910323 923.00000000
0.00018577 0.01904110 924.00000000
0.00018525 0.01897939 924.00000000
0.00018474 0.01891809 924.00000000
0.00018423 0.01885718 924.00000000
0.00018372 0.01879668 924.00000000
0.00018322 0.01873658 924.00000000
0.00018271 0.01867687 924.00000000
0.00018221 0.01861755 924.00000000
0.00018172 0.01855861 925.00000000
0.00018123 0.01850006 925.00000000
0.00018074 0.01844188 925.00000000
0.00018025 0.01838407 925.00000000
0.00017976 0.01832664 925.00000000
0.00017928 0.01826957 925.00000000
0.00017880 0.01821287 925.00000000
0.00017832 0.01815652 925.00000000
0.00017785 0.01810053 926.00000000
0.00017738 0.01804490 926.00000000
0.00017691 0.01798961 926.00000000
0.00017644 0.01793467 926.00000000
0.00017598 0.01788007 926.00000000
0.00017551 0.01782581 926.00000000
0.00017505 0.01777189 926.00000000
0.00017460 0.01771830 926.00000000
0.00017414 0.01766504 927.00000000
0.00017369 0.01761211 927.00000000
0.00017324 0.01755950 927.00000000
0.00017279 0.01750722 927.00000000
0.00017235 0.01745525 927.00000000
0.00017191 0.01740359 927.00000000
0.00017147 0.01735225 927.00000000
0.00017103 0.01730122 927.00000000
0.00017059 0.01725049 928.00000000
0.00017016 0.01720007 928.00000000
0.00016973 0.01714995 928.00000000
0.00016930 0.01710012 928.00000000
0.00016887 0.01705059 928.00000000
0.00016845 0.01700136 928.00000000
0.00016802 0.01695241 928.00000000
0.00016760 0.01690376 929.00000000
0.00016719 0.01685538 929.00000000
0.00016677 0.01680729 929.00000000
0.00016636 0.01675948 929.00000000
0.00016594 0.01671195 929.00000000
0.00016553 0.01666469 929.00000000
0.00016513 0.01661771 929.00000000
0.00016472 0.01657099 929.00000000
0.00016432 0.01652455 930.00000000
0.00016391 0.01647837 930.00000000
0.00016351 0.01643245 930.00000000
0.00016312 0.01638679 930.00000000
0.00016272 0.01634139 930.00000000
0.00016233 0.01629625 930.00000000
0.00016194 0.01625137 930.00000000
0.00016155 0.01620673 930.00000000
0.00016116 0.01616235 931.00000000
0.00016077 0.01611821 931.00000000
0.00016039 0.01607432 931.00000000
0.00016000 0.01603067 931.00000000
0.00015962 0.01598727 931.00000000
0.00015925 0.01594410 931.00000000
0.00015887 0.01590117 931.00000000
0.00015849 0.01585848 931.00000000
0.00015812 0.01581602 932.00000000
0.00015775 0.01577380 932.00000000
0.00015738 0.01573180 932.00000000
0.00015701 0.01569003 932.00000000
0.00015664 0.01564849 932.00000000
0.00015628 0.01560717 932.00000000
0.00015592 0.01556607 932.00000000
0.00015556 0.01552520 932.00000000
0.00015520 0.01548454 932.00000000
0.00015484 0.01544410 933.00000000
0.00015448 0.01540388 933.00000000
0.00015413 0.01536387 933.00000000
0.00015377 0.01532407 933.00000000
0.00015342 0.01528448 933.00000000
0.00015307 0.01524510 933.00000000
0.00015273 0.01520592 933.00000000
0.00015238 0.01516696 934.00000000
0.00015203 0.01512819 934.00000000
0.00015169 0.01508963 934.00000000
0.00015135 0.01505126 934.00000000
0.00015101 0.01501310 934.00000000
0.00015067 0.01497513 934.00000000
0.00015033 0.01493736 934.00000000
0.00015000 0.01489978 934.00000000
0.00014966 0.01486240 935.00000000
0.00014933 0.01482520 935.00000000
0.00014900 0.01478820 936.00000000
0.00014867 0.01475138 936.00000000
0.00014834 0.01471475 936.00000000
0.00014802 0.01467831 936.00000000
0.00014769 0.01464205 936.00000000
0.00014737 0.01460597 936.00000000
0.00014705 0.01457007 936.00000000
0.00014673 0.01453436 937.00000000
0.00014641 0.01449882 937.00000000
0.00014609 0.01446346 937.00000000
0.00014577 0.01442827 937.00000000
0.00014546 0.01439326 937.00000000
0.00014514 0.01435842 937.00000000
0.00014483 0.01432375 937.00000000
0.00014452 0.01428925 937.00000000
0.00014421 0.01425492 938.00000000
0.00014390 0.01422076 938.00000000
0.00014359 0.01418677 938.00000000
0.00014329 0.01415294 938.00000000
0.00014298 0.01411928 938.00000000
0.00014268 0.01408578 938.00000000
0.00014238 0.01405244 938.00000000
0.00014208 0.01401926 938.00000000
0.00014178 0.01398624 938.00000000
0.00014148 0.01395338 939.00000000
0.00014118 0.01392067 939.00000000
0.00014089 0.01388812 939.00000000
0.00014059 0.01385573 939.00000000
0.00014030 0.01382349 939.00000000
