Residual Convergence speed Computational time
0.12506336 0.08633597 0.00000000
0.12505758 0.08423727 0.00000000
0.12505013 0.08183927 0.00000000
0.12504223 0.07958985 0.00000000
0.12503422 0.07761977 0.00000000
0.12502622 0.07596247 1.00000000
0.12501823 0.07462219 1.00000000
0.12501024 0.07359499 1.00000000
0.12500226 0.07287515 1.00000000
0.12499425 0.07245722 1.00000000
0.12498621 0.07233653 1.00000000
0.12497813 0.07250938 1.00000000
0.12496997 0.07297311 1.00000000
0.12496174 0.07372611 2.00000000
0.12495340 0.07476782 2.00000000
0.12494494 0.07609875 2.00000000
0.12493635 0.07772047 2.00000000
0.12492758 0.07963568 2.00000000
0.12491863 0.08184815 2.00000000
0.12490946 0.08436277 2.00000000
0.12490003 0.08718555 2.00000000
0.12489033 0.09032361 2.00000000
0.12488030 0.09378521 3.00000000
0.12486990 0.09757971 3.00000000
0.12485909 0.10171758 3.00000000
0.12484781 0.10621043 3.00000000
0.12483601 0.11107094 3.00000000
0.12482361 0.11631286 3.00000000
0.12481055 0.12195104 3.00000000
0.12479674 0.12800136 3.00000000
0.12478208 0.13448068 4.00000000
0.12476647 0.14140687 4.00000000
0.12474980 0.14879870 4.00000000
0.12473194 0.15667579 4.00000000
0.12471275 0.16505851 4.00000000
0.12469205 0.17396793 4.00000000
0.12466968 0.18342561 4.00000000
0.12464544 0.19345349 4.00000000
0.12461911 0.20407368 5.00000000
0.12459045 0.21530820 5.00000000
0.12455917 0.22717870 5.00000000
0.12452500 0.23970606 5.00000000
0.12448761 0.25291005 5.00000000
0.12444663 0.26680873 5.00000000
0.12440167 0.28141793 5.00000000
0.12435231 0.29675050 5.00000000
0.12429809 0.31281555 5.00000000
0.12423850 0.32961751 6.00000000
0.12417301 0.34715507 6.00000000
0.12410104 0.36542000 6.00000000
0.12402198 0.38439587 6.00000000
0.12393519 0.40405653 6.00000000
0.12384001 0.42436461 6.00000000
0.12373575 0.44526983 6.00000000
0.12362171 0.46670731 6.00000000
0.12349720 0.48859579 7.00000000
0.12336155 0.51083604 7.00000000
0.12321412 0.53330933 7.00000000
0.12305433 0.55587618 10.00000000
0.12288168 0.57837559 12.00000000
0.12269580 0.60062479 12.00000000
0.12249645 0.62241973 12.00000000
0.12228355 0.64353651 12.00000000
0.12205725 0.66373394 12.00000000
0.12181792 0.68275728 12.00000000
0.12156619 0.70034331 12.00000000
0.12130296 0.71622677 12.00000000
0.12102941 0.73014795 13.00000000
0.12074701 0.74186138 13.00000000
0.12045748 0.75114506 13.00000000
0.12016275 0.75780991 13.00000000
0.11986495 0.76170876 13.00000000
0.11956631 0.76274420 13.00000000
0.11926912 0.76087474 13.00000000
0.11897562 0.75611857 13.00000000
0.11868796 0.74855466 14.00000000
0.11840808 0.73832079 14.00000000
0.11813770 0.72560887 14.00000000
0.11787824 0.71065749 15.00000000
0.11763079 0.69374259 15.00000000
0.11739609 0.67516672 15.00000000
0.11717457 0.65524774 15.00000000
0.11696632 0.63430777 15.00000000
0.11677115 0.61266294 16.00000000
0.11658866 0.59061458 16.00000000
0.11641820 0.56844213 16.00000000
0.11625903 0.54639791 16.00000000
0.11611028 0.52470378 16.00000000
0.11597102 0.50354948 16.00000000
0.11584032 0.48309245 16.00000000
0.11571724 0.46345891 16.00000000
0.11560089 0.44474572 16.00000000
0.11549041 0.42702292 17.00000000
0.11538503 0.41033660 17.00000000
0.11528403 0.39471191 17.00000000
0.11518676 0.38015607 17.00000000
0.11509267 0.36666120 17.00000000
0.11500124 0.35420697 17.00000000
0.11491206 0.34276303 17.00000000
0.11482475 0.33229109 17.00000000
0.11473901 0.32274678 18.00000000
0.11465458 0.31408130 18.00000000
0.11457124 0.30624271 18.00000000
0.11448883 0.29917717 18.00000000
0.11440721 0.29282988 18.00000000
0.11432628 0.28714589 18.00000000
0.11424596 0.28207082 18.00000000
0.11416619 0.27755139 18.00000000
0.11408696 0.27353587 19.00000000
0.11400824 0.26997446 19.00000000
0.11393002 0.26681953 19.00000000
0.11385234 0.26402586 19.00000000
0.11377519 0.26155076 19.00000000
0.11369863 0.25935415 19.00000000
0.11362268 0.25739859 19.00000000
0.11354738 0.25564933 19.00000000
0.11347278 0.25407420 19.00000000
0.11339894 0.25264360 20.00000000
0.11332590 0.25133042 20.00000000
0.11325372 0.25010991 20.00000000
0.11318245 0.24895962 20.00000000
0.11311214 0.24785924 20.00000000
0.11304284 0.24679052 20.00000000
0.11297461 0.24573714 20.00000000
0.11290750 0.24468457 20.00000000
0.11284154 0.24361999 21.00000000
0.11277679 0.24253215 21.00000000
0.11271327 0.24141126 21.00000000
0.11265104 0.24024892 21.00000000
0.11259011 0.23903795 21.00000000
0.11253053 0.23777236 21.00000000
0.11247230 0.23644723 21.00000000
0.11241547 0.23505863 21.00000000
0.11236003 0.23360354 22.00000000
0.11230601 0.23207974 22.00000000
0.11225341 0.23048581 22.00000000
0.11220225 0.22882098 22.00000000
0.11215251 0.22708514 22.00000000
0.11210420 0.22527870 22.00000000
0.11205732 0.22340262 22.00000000
0.11201185 0.22145830 22.00000000
0.11196779 0.21944751 22.00000000
0.11192512 0.21737243 23.00000000
0.11188382 0.21523551 23.00000000
0.11184387 0.21303948 23.00000000
0.11180526 0.21078730 23.00000000
0.11176795 0.20848213 23.00000000
0.11173193 0.20612728 23.00000000
0.11169717 0.20372618 23.00000000
0.11166364 0.20128237 23.00000000
0.11163131 0.19879944 24.00000000
0.11160016 0.19628104 24.00000000
0.11157014 0.19373082 24.00000000
0.11154124 0.19115245 24.00000000
0.11151341 0.18854955 24.00000000
0.11148664 0.18592572 24.00000000
0.11146088 0.18328450 25.00000000
0.11143610 0.18062935 25.00000000
0.11141227 0.17796364 25.00000000
0.11138937 0.17529068 25.00000000
0.11136735 0.17261363 25.00000000
0.11134619 0.16993558 25.00000000
0.11132586 0.16725947 25.00000000
0.11130632 0.16458814 25.00000000
0.11128756 0.16192429 26.00000000
0.11126953 0.15927049 26.00000000
0.11125221 0.15662919 26.00000000
0.11123558 0.15400268 26.00000000
0.11121960 0.15139316 26.00000000
0.11120425 0.14880267 26.00000000
0.11118950 0.14623312 26.00000000
0.11117533 0.14368629 27.00000000
0.11116172 0.14116386 27.00000000
0.11114864 0.13866736 27.00000000
0.11113606 0.13619820 27.00000000
0.11112398 0.13375770 27.00000000
0.11111236 0.13134705 27.00000000
0.11110118 0.12896734 27.00000000
0.11109043 0.12661954 27.00000000
0.11108008 0.12430456 27.00000000
0.11107012 0.12202317 28.00000000
0.11106053 0.11977609 28.00000000
0.11105129 0.11756393 32.00000000
0.11104239 0.11538724 32.00000000
0.11103381 0.11324647 32.00000000
0.11102554 0.11114202 32.00000000
0.11101755 0.10907422 32.00000000
0.11100984 0.10704332 33.00000000
0.11100240 0.10504955 33.00000000
0.11099520 0.10309303 33.00000000
0.11098824 0.10117389 33.00000000
0.11098151 0.09929216 33.00000000
0.11097498 0.09744786 33.00000000
0.11096867 0.09564095 33.00000000
0.11096254 0.09387137 33.00000000
0.11095660 0.09213902 34.00000000
0.11095083 0.09044376 34.00000000
0.11094522 0.08878542 34.00000000
0.11093976 0.08716382 34.00000000
0.11093445 0.08557875 34.00000000
0.11092928 0.08402997 35.00000000
0.11092423 0.08251723 35.00000000
0.11091931 0.08104027 35.00000000
0.11091450 0.07959878 35.00000000
0.11090980 0.07819249 35.00000000
0.11090520 0.07682107 35.00000000
0.11090069 0.07548421 35.00000000
0.11089627 0.07418158 35.00000000
0.11089193 0.07291283 36.00000000
0.11088767 0.07167763 36.00000000
0.11088348 0.07047563 36.00000000
0.11087935 0.06930647 36.00000000
0.11087528 0.06816979 36.00000000
0.11087127 0.06706524 36.00000000
0.11086730 0.06599245 36.00000000
0.11086339 0.06495106 36.00000000
0.11085951 0.06394071 37.00000000
0.11085567 0.06296103 37.00000000
0.11085186 0.06201166 37.00000000
0.11084809 0.06109224 37.00000000
0.11084433 0.06020240 37.00000000
0.11084060 0.05934179 37.00000000
0.11083689 0.05851004 37.00000000
0.11083319 0.05770681 37.00000000
0.11082950 0.05693172 37.00000000
0.11082581 0.05618444 38.00000000
0.11082214 0.05546460 38.00000000
0.11081846 0.05477187 38.00000000
0.11081478 0.05410589 38.00000000
0.11081110 0.05346632 38.00000000
0.11080740 0.05285281 38.00000000
0.11080370 0.05226503 38.00000000
0.11079999 0.05170264 38.00000000
0.11079626 0.05116530 39.00000000
0.11079251 0.05065268 39.00000000
0.11078874 0.05016444 39.00000000
0.11078494 0.04970025 39.00000000
0.11078112 0.04925978 39.00000000
0.11077728 0.04884271 39.00000000
0.11077340 0.04844871 39.00000000
0.11076948 0.04807745 39.00000000
0.11076554 0.04772861 40.00000000
0.11076155 0.04740188 40.00000000
0.11075753 0.04709692 40.00000000
0.11075346 0.04681342 40.00000000
0.11074935 0.04655106 40.00000000
0.11074519 0.04630953 41.00000000
0.11074098 0.04608852 41.00000000
0.11073672 0.04588770 41.00000000
0.11073241 0.04570678 41.00000000
0.11072804 0.04554544 41.00000000
0.11072362 0.04540337 41.00000000
0.11071914 0.04528027 41.00000000
0.11071459 0.04517585 41.00000000
0.11070998 0.04508979 42.00000000
0.11070531 0.04502181 42.00000000
0.11070056 0.04497161 42.00000000
0.11069575 0.04493889 42.00000000
0.11069087 0.04492338 42.00000000
0.11068591 0.04492479 42.00000000
0.11068087 0.04494283 42.00000000
0.11067576 0.04497724 43.00000000
0.11067056 0.04502773 44.00000000
0.11066529 0.04509405 46.00000000
0.11065992 0.04517592 49.00000000
0.11065447 0.04527308 54.00000000
0.11064894 0.04538529 54.00000000
0.11064331 0.04551228 54.00000000
0.11063758 0.04565381 54.00000000
0.11063176 0.04580965 54.00000000
0.11062585 0.04597955 54.00000000
0.11061983 0.04616328 54.00000000
0.11061371 0.04636062 54.00000000
0.11060748 0.04657133 54.00000000
0.11060115 0.04679522 54.00000000
0.11059470 0.04703205 55.00000000
0.11058815 0.04728163 55.00000000
0.11058148 0.04754374 55.00000000
0.11057469 0.04781820 55.00000000
0.11056779 0.04810481 55.00000000
0.11056076 0.04840337 55.00000000
0.11055361 0.04871371 55.00000000
0.11054633 0.04903564 55.00000000
0.11053892 0.04936898 55.00000000
0.11053138 0.04971357 55.00000000
0.11052371 0.05006924 55.00000000
0.11051590 0.05043581 55.00000000
0.11050795 0.05081313 55.00000000
0.11049986 0.05120103 56.00000000
0.11049162 0.05159938 56.00000000
0.11048323 0.05200800 56.00000000
0.11047470 0.05242676 56.00000000
0.11046601 0.05285551 56.00000000
0.11045716 0.05329410 56.00000000
0.11044816 0.05374240 56.00000000
0.11043899 0.05420027 56.00000000
0.11042966 0.05466756 56.00000000
0.11042016 0.05514415 56.00000000
0.11041049 0.05562990 56.00000000
0.11040065 0.05612468 56.00000000
0.11039063 0.05662837 57.00000000
0.11038043 0.05714082 57.00000000
0.11037005 0.05766193 57.00000000
0.11035948 0.05819155 57.00000000
0.11034873 0.05872958 57.00000000
0.11033778 0.05927587 57.00000000
0.11032664 0.05983031 57.00000000
0.11031529 0.06039278 57.00000000
0.11030375 0.06096316 57.00000000
0.11029200 0.06154131 57.00000000
0.11028005 0.06212713 57.00000000
0.11026788 0.06272049 57.00000000
0.11025549 0.06332127 58.00000000
0.11024289 0.06392934 58.00000000
0.11023007 0.06454459 58.00000000
0.11021702 0.06516690 58.00000000
0.11020374 0.06579614 58.00000000
0.11019024 0.06643220 58.00000000
0.11017649 0.06707495 58.00000000
0.11016251 0.06772427 58.00000000
0.11014828 0.06838005 58.00000000
0.11013381 0.06904215 58.00000000
0.11011909 0.06971046 59.00000000
0.11010411 0.07038486 59.00000000
0.11008888 0.07106522 59.00000000
0.11007339 0.07175143 59.00000000
0.11005763 0.07244336 59.00000000
0.11004161 0.07314089 59.00000000
0.11002531 0.07384389 59.00000000
0.11000874 0.07455226 59.00000000
0.10999189 0.07526587 60.00000000
0.10997476 0.07598459 60.00000000
0.10995734 0.07670832 60.00000000
0.10993963 0.07743692 60.00000000
0.10992163 0.07817029 60.00000000
0.10990333 0.07890830 60.00000000
0.10988473 0.07965084 60.00000000
0.10986582 0.08039779 60.00000000
0.10984660 0.08114905 60.00000000
0.10982707 0.08190449 60.00000000
0.10980722 0.08266402 60.00000000
0.10978705 0.08342751 60.00000000
0.10976656 0.08419487 61.00000000
0.10974574 0.08496600 61.00000000
0.10972458 0.08574077 61.00000000
0.10970309 0.08651912 61.00000000
0.10968126 0.08730092 61.00000000
0.10965908 0.08808610 61.00000000
0.10963656 0.08887455 61.00000000
0.10961368 0.08966621 61.00000000
0.10959045 0.09046097 61.00000000
0.10956685 0.09125877 61.00000000
0.10954290 0.09205953 61.00000000
0.10951857 0.09286318 61.00000000
0.10949387 0.09366966 62.00000000
0.10946880 0.09447890 62.00000000
0.10944335 0.09529085 62.00000000
0.10941751 0.09610545 62.00000000
0.10939128 0.09692267 62.00000000
0.10936467 0.09774247 62.00000000
0.10933765 0.09856481 62.00000000
0.10931024 0.09938967 62.00000000
0.10928242 0.10021702 62.00000000
0.10925420 0.10104686 62.00000000
0.10922556 0.10187917 62.00000000
0.10919651 0.10271397 62.00000000
0.10916703 0.10355125 63.00000000
0.10913713 0.10439103 63.00000000
0.10910681 0.10523334 63.00000000
0.10907605 0.10607820 63.00000000
0.10904485 0.10692567 63.00000000
0.10901322 0.10777578 63.00000000
0.10898114 0.10862859 63.00000000
0.10894861 0.10948417 63.00000000
0.10891563 0.11034260 63.00000000
0.10888220 0.11120395 63.00000000
0.10884830 0.11206831 63.00000000
0.10881394 0.11293580 63.00000000
0.10877910 0.11380652 64.00000000
0.10874380 0.11468060 64.00000000
0.10870802 0.11555815 64.00000000
0.10867176 0.11643933 64.00000000
0.10863501 0.11732428 64.00000000
0.10859778 0.11821316 64.00000000
0.10856005 0.11910615 65.00000000
0.10852182 0.12000342 65.00000000
0.10848309 0.12090515 65.00000000
0.10844386 0.12181156 65.00000000
0.10840412 0.12272285 66.00000000
0.10836386 0.12363924 66.00000000
0.10832309 0.12456095 66.00000000
0.10828179 0.12548823 66.00000000
0.10823997 0.12642133 66.00000000
0.10819762 0.12736050 66.00000000
0.10815474 0.12830601 66.00000000
0.10811132 0.12925815 66.00000000
0.10806735 0.13021718 66.00000000
0.10802284 0.13118342 66.00000000
0.10797778 0.13215717 67.00000000
0.10793217 0.13313873 67.00000000
0.10788599 0.13412843 67.00000000
0.10783926 0.13512660 67.00000000
0.10779196 0.13613359 68.00000000
0.10774409 0.13714972 68.00000000
0.10769564 0.13817536 68.00000000
0.10764662 0.13921087 68.00000000
0.10759701 0.14025661 68.00000000
0.10754682 0.14131296 68.00000000
0.10749604 0.14238029 68.00000000
0.10744466 0.14345900 68.00000000
0.10739269 0.14454946 68.00000000
0.10734012 0.14565208 68.00000000
0.10728694 0.14676725 68.00000000
0.10723315 0.14789537 68.00000000
0.10717875 0.14903686 69.00000000
0.10712373 0.15019211 69.00000000
0.10706809 0.15136154 69.00000000
0.10701183 0.15254557 69.00000000
0.10695493 0.15374460 69.00000000
0.10689741 0.15495904 69.00000000
0.10683925 0.15618932 69.00000000
0.10678046 0.15743584 69.00000000
0.10672102 0.15869900 69.00000000
0.10666093 0.15997923 69.00000000
0.10660020 0.16127692 69.00000000
0.10653881 0.16259248 69.00000000
0.10647677 0.16392630 70.00000000
0.10641407 0.16527877 70.00000000
0.10635070 0.16665028 70.00000000
0.10628667 0.16804121 70.00000000
0.10622197 0.16945193 70.00000000
0.10615659 0.17088279 70.00000000
0.10609054 0.17233417 70.00000000
0.10602382 0.17380639 70.00000000
0.10595641 0.17529979 70.00000000
0.10588831 0.17681469 70.00000000
0.10581953 0.17835141 70.00000000
0.10575006 0.17991023 70.00000000
0.10567989 0.18149144 71.00000000
0.10560903 0.18309531 71.00000000
0.10553747 0.18472208 71.00000000
0.10546521 0.18637199 71.00000000
0.10539224 0.18804526 71.00000000
0.10531857 0.18974208 71.00000000
0.10524419 0.19146264 71.00000000
0.10516910 0.19320710 71.00000000
0.10509329 0.19497559 71.00000000
0.10501677 0.19676824 71.00000000
0.10493954 0.19858514 71.00000000
0.10486158 0.20042636 71.00000000
0.10478290 0.20229195 72.00000000
0.10470350 0.20418194 72.00000000
0.10462338 0.20609634 72.00000000
0.10454252 0.20803510 72.00000000
0.10446094 0.20999819 72.00000000
0.10437863 0.21198553 72.00000000
0.10429559 0.21399701 72.00000000
0.10421182 0.21603250 72.00000000
0.10412731 0.21809184 72.00000000
0.10404207 0.22017483 72.00000000
0.10395610 0.22228127 72.00000000
0.10386938 0.22441089 73.00000000
0.10378194 0.22656343 73.00000000
0.10369375 0.22873857 73.00000000
0.10360483 0.23093597 73.00000000
0.10351517 0.23315527 73.00000000
0.10342477 0.23539607 73.00000000
0.10333363 0.23765793 73.00000000
0.10324175 0.23994038 73.00000000
0.10314914 0.24224295 73.00000000
0.10305579 0.24456510 73.00000000
0.10296170 0.24690628 73.00000000
0.10286688 0.24926590 73.00000000
0.10277132 0.25164336 74.00000000
0.10267503 0.25403800 74.00000000
0.10257800 0.25644915 74.00000000
0.10248024 0.25887611 74.00000000
0.10238175 0.26131815 74.00000000
0.10228254 0.26377451 74.00000000
0.10218259 0.26624440 74.00000000
0.10208193 0.26872702 74.00000000
0.10198054 0.27122153 74.00000000
0.10187843 0.27372707 74.00000000
0.10177560 0.27624275 75.00000000
0.10167206 0.27876768 75.00000000
0.10156781 0.28130093 75.00000000
0.10146285 0.28384155 75.00000000
0.10135718 0.28638858 75.00000000
0.10125081 0.28894105 75.00000000
0.10114375 0.29149797 75.00000000
0.10103600 0.29405832 75.00000000
0.10092755 0.29662109 76.00000000
0.10081842 0.29918526 76.00000000
0.10070861 0.30174979 76.00000000
0.10059813 0.30431364 76.00000000
0.10048698 0.30687578 76.00000000
0.10037516 0.30943515 76.00000000
0.10026268 0.31199071 76.00000000
0.10014955 0.31454142 76.00000000
0.10003577 0.31708624 76.00000000
0.09992135 0.31962415 76.00000000
0.09980630 0.32215412 76.00000000
0.09969062 0.32467513 77.00000000
0.09957431 0.32718621 77.00000000
0.09945739 0.32968635 77.00000000
0.09933987 0.33217460 77.00000000
0.09922174 0.33465001 77.00000000
0.09910301 0.33711166 77.00000000
0.09898370 0.33955864 77.00000000
0.09886382 0.34199009 77.00000000
0.09874336 0.34440514 77.00000000
0.09862233 0.34680300 77.00000000
0.09850075 0.34918285 77.00000000
0.09837863 0.35154395 78.00000000
0.09825596 0.35388558 78.00000000
0.09813276 0.35620703 78.00000000
0.09800904 0.35850766 78.00000000
0.09788480 0.36078685 78.00000000
0.09776006 0.36304402 78.00000000
0.09763481 0.36527862 78.00000000
0.09750908 0.36749015 78.00000000
0.09738287 0.36967815 78.00000000
0.09725618 0.37184219 78.00000000
0.09712902 0.37398188 78.00000000
0.09700141 0.37609687 79.00000000
0.09687335 0.37818686 79.00000000
0.09674485 0.38025158 79.00000000
0.09661592 0.38229079 79.00000000
0.09648656 0.38430430 79.00000000
0.09635679 0.38629196 79.00000000
0.09622661 0.38825363 79.00000000
0.09609603 0.39018923 79.00000000
0.09596505 0.39209871 79.00000000
0.09583369 0.39398205 79.00000000
0.09570196 0.39583926 79.00000000
0.09556985 0.39767036 80.00000000
0.09543738 0.39947544 80.00000000
0.09530455 0.40125459 80.00000000
0.09517137 0.40300792 80.00000000
0.09503785 0.40473557 80.00000000
0.09490399 0.40643772 80.00000000
0.09476981 0.40811454 80.00000000
0.09463530 0.40976624 81.00000000
0.09450047 0.41139304 81.00000000
0.09436533 0.41299517 82.00000000
0.09422988 0.41457289 82.00000000
0.09409413 0.41612646 82.00000000
0.09395809 0.41765615 82.00000000
0.09382176 0.41916226 82.00000000
0.09368514 0.42064506 82.00000000
0.09354823 0.42210487 82.00000000
0.09341106 0.42354199 82.00000000
0.09327360 0.42495674 82.00000000
0.09313589 0.42634943 83.00000000
0.09299790 0.42772040 83.00000000
0.09285965 0.42906997 83.00000000
0.09272115 0.43039847 83.00000000
0.09258239 0.43170624 83.00000000
0.09244338 0.43299362 83.00000000
0.09230412 0.43426095 83.00000000
0.09216461 0.43550858 83.00000000
0.09202486 0.43673685 83.00000000
0.09188486 0.43794612 83.00000000
0.09174463 0.43913675 84.00000000
0.09160415 0.44030910 84.00000000
0.09146343 0.44146354 84.00000000
0.09132248 0.44260044 84.00000000
0.09118129 0.44372019 84.00000000
0.09103987 0.44482317 84.00000000
0.09089821 0.44590979 84.00000000
0.09075631 0.44698045 84.00000000
0.09061418 0.44803557 84.00000000
0.09047181 0.44907559 84.00000000
0.09032920 0.45010096 84.00000000
0.09018635 0.45111213 85.00000000
0.09004327 0.45210959 85.00000000
0.08989994 0.45309383 85.00000000
0.08975636 0.45406536 85.00000000
0.08961255 0.45502471 85.00000000
0.08946848 0.45597245 85.00000000
0.08932416 0.45690914 85.00000000
0.08917959 0.45783539 85.00000000
0.08903475 0.45875181 85.00000000
0.08888966 0.45965906 85.00000000
0.08874430 0.46055780 86.00000000
0.08859867 0.46144874 86.00000000
0.08845276 0.46233259 86.00000000
0.08830657 0.46321012 86.00000000
0.08816010 0.46408210 86.00000000
0.08801333 0.46494933 86.00000000
0.08786626 0.46581266 86.00000000
0.08771890 0.46667293 86.00000000
0.08757122 0.46753105 86.00000000
0.08742322 0.46838793 86.00000000
0.08727489 0.46924450 86.00000000
0.08712624 0.47010172 87.00000000
0.08697724 0.47096060 87.00000000
0.08682790 0.47182213 87.00000000
0.08667820 0.47268734 87.00000000
0.08652813 0.47355728 87.00000000
0.08637769 0.47443302 87.00000000
0.08622687 0.47531563 87.00000000
0.08607566 0.47620619 87.00000000
0.08592405 0.47710582 87.00000000
0.08577203 0.47801559 87.00000000
0.08561959 0.47893662 87.00000000
0.08546673 0.47987002 88.00000000
0.08531343 0.48081686 88.00000000
0.08515969 0.48177823 88.00000000
0.08500550 0.48275522 88.00000000
0.08485084 0.48374886 88.00000000
0.08469572 0.48476018 88.00000000
0.08454012 0.48579018 88.00000000
0.08438404 0.48683984 88.00000000
0.08422746 0.48791007 88.00000000
0.08407039 0.48900177 88.00000000
0.08391281 0.49011577 88.00000000
0.08375472 0.49125286 89.00000000
0.08359611 0.49241377 89.00000000
0.08343699 0.49359916 89.00000000
0.08327733 0.49480963 89.00000000
0.08311716 0.49604571 89.00000000
0.08295644 0.49730786 89.00000000
0.08279520 0.49859645 89.00000000
0.08263342 0.49991178 89.00000000
0.08247111 0.50125407 89.00000000
0.08230825 0.50262345 89.00000000
0.08214487 0.50401995 89.00000000
0.08198095 0.50544353 90.00000000
0.08181650 0.50689407 90.00000000
0.08165153 0.50837134 90.00000000
0.08148603 0.50987505 90.00000000
0.08132001 0.51140481 90.00000000
0.08115347 0.51296016 90.00000000
0.08098643 0.51454056 90.00000000
0.08081889 0.51614539 90.00000000
0.08065086 0.51777400 90.00000000
0.08048234 0.51942563 91.00000000
0.08031334 0.52109950 91.00000000
0.08014388 0.52279477 91.00000000
0.07997396 0.52451057 91.00000000
0.07980358 0.52624598 91.00000000
0.07963277 0.52800007 91.00000000
0.07946152 0.52977190 91.00000000
0.07928986 0.53156050 92.00000000
0.07911778 0.53336492 92.00000000
0.07894531 0.53518422 92.00000000
0.07877244 0.53701746 92.00000000
0.07859919 0.53886374 92.00000000
0.07842558 0.54072219 92.00000000
0.07825159 0.54259197 92.00000000
0.07807726 0.54447230 92.00000000
0.07790257 0.54636244 92.00000000
0.07772755 0.54826172 93.00000000
0.07755220 0.55016951 93.00000000
0.07737651 0.55208529 93.00000000
0.07720051 0.55400855 93.00000000
0.07702419 0.55593891 93.00000000
0.07684755 0.55787602 93.00000000
0.07667060 0.55981964 93.00000000
0.07649334 0.56176958 93.00000000
0.07631576 0.56372574 93.00000000
0.07613788 0.56568810 93.00000000
0.07595968 0.56765669 93.00000000
0.07578117 0.56963164 94.00000000
0.07560233 0.57161314 94.00000000
0.07542317 0.57360143 94.00000000
0.07524367 0.57559683 94.00000000
0.07506384 0.57759972 94.00000000
0.07488365 0.57961053 94.00000000
0.07470310 0.58162973 94.00000000
0.07452217 0.58365784 94.00000000
0.07434086 0.58569544 94.00000000
0.07415915 0.58774310 94.00000000
0.07397702 0.58980146 94.00000000
0.07379447 0.59187117 95.00000000
0.07361146 0.59395288 95.00000000
0.07342798 0.59604727 95.00000000
0.07324400 0.59815501 108.00000000
0.07305952 0.60027680 116.00000000
0.07287451 0.60241328 123.00000000
0.07268893 0.60456514 128.00000000
0.07250278 0.60673299 141.00000000
0.07231601 0.60891747 143.00000000
0.07212861 0.61111915 143.00000000
0.07194055 0.61333859 143.00000000
0.07175179 0.61557629 143.00000000
0.07156232 0.61783272 143.00000000
0.07137209 0.62010829 143.00000000
0.07118108 0.62240336 143.00000000
0.07098926 0.62471823 144.00000000
0.07079659 0.62705312 144.00000000
0.07060304 0.62940820 144.00000000
0.07040857 0.63178356 144.00000000
0.07021316 0.63417920 144.00000000
0.07001677 0.63659506 144.00000000
0.06981935 0.63903098 144.00000000
0.06962089 0.64148673 144.00000000
0.06942133 0.64396196 144.00000000
0.06922065 0.64645626 145.00000000
0.06901881 0.64896910 145.00000000
0.06881577 0.65149988 145.00000000
0.06861149 0.65404787 145.00000000
0.06840595 0.65661227 145.00000000
0.06819910 0.65919217 145.00000000
0.06799091 0.66178655 145.00000000
0.06778134 0.66439432 145.00000000
0.06757036 0.66701426 146.00000000
0.06735793 0.66964507 146.00000000
0.06714402 0.67228536 150.00000000
0.06692859 0.67493363 153.00000000
0.06671161 0.67758831 153.00000000
0.06649306 0.68024774 153.00000000
0.06627289 0.68291015 154.00000000
0.06605108 0.68557373 154.00000000
0.06582760 0.68823657 154.00000000
0.06560241 0.69089670 154.00000000
0.06537550 0.69355208 154.00000000
0.06514683 0.69620063 154.00000000
0.06491639 0.69884020 154.00000000
0.06468414 0.70146860 155.00000000
0.06445007 0.70408359 155.00000000
0.06421415 0.70668291 155.00000000
0.06397637 0.70926427 155.00000000
0.06373671 0.71182537 156.00000000
0.06349516 0.71436388 156.00000000
0.06325170 0.71687748 156.00000000
0.06300631 0.71936384 156.00000000
0.06275900 0.72182064 156.00000000
0.06250975 0.72424557 156.00000000
0.06225856 0.72663635 157.00000000
0.06200543 0.72899069 157.00000000
0.06175035 0.73130636 157.00000000
0.06149333 0.73358115 157.00000000
0.06123436 0.73581288 157.00000000
0.06097347 0.73799939 157.00000000
0.06071065 0.74013858 158.00000000
0.06044592 0.74222836 158.00000000
0.06017929 0.74426670 158.00000000
0.05991079 0.74625159 158.00000000
0.05964042 0.74818103 158.00000000
0.05936822 0.75005309 159.00000000
0.05909420 0.75186583 159.00000000
0.05881840 0.75361734 159.00000000
0.05854085 0.75530572 159.00000000
0.05826158 0.75692908 159.00000000
0.05798064 0.75848554 159.00000000
0.05769805 0.75997322 159.00000000
0.05741386 0.76139021 159.00000000
0.05712813 0.76273463 160.00000000
0.05684089 0.76400453 160.00000000
0.05655220 0.76519800 160.00000000
0.05626213 0.76631306 160.00000000
0.05597071 0.76734775 160.00000000
0.05567802 0.76830007 160.00000000
0.05538412 0.76916801 160.00000000
0.05508907 0.76994955 160.00000000
0.05479294 0.77064267 161.00000000
0.05449581 0.77124533 161.00000000
0.05419775 0.77175555 161.00000000
0.05389883 0.77217134 161.00000000
0.05359913 0.77249078 161.00000000
0.05329873 0.77271197 161.00000000
0.05299772 0.77283314 161.00000000
0.05269616 0.77285256 161.00000000
0.05239415 0.77276865 162.00000000
0.05209177 0.77257993 162.00000000
0.05178910 0.77228511 162.00000000
0.05148623 0.77188302 162.00000000
0.05118325 0.77137272 162.00000000
0.05088024 0.77075345 162.00000000
0.05057728 0.77002465 162.00000000
0.05027445 0.76918603 162.00000000
0.04997185 0.76823749 162.00000000
0.04966955 0.76717921 163.00000000
0.04936763 0.76601160 163.00000000
0.04906618 0.76473534 163.00000000
0.04876527 0.76335134 163.00000000
0.04846497 0.76186077 163.00000000
0.04816537 0.76026502 163.00000000
0.04786653 0.75856573 163.00000000
0.04756853 0.75676476 163.00000000
0.04727143 0.75486416 164.00000000
0.04697529 0.75286617 164.00000000
0.04668019 0.75077323 164.00000000
0.04638618 0.74858791 164.00000000
0.04609333 0.74631292 165.00000000
0.04580169 0.74395111 165.00000000
0.04551131 0.74150540 165.00000000
0.04522225 0.73897880 165.00000000
0.04493456 0.73637442 166.00000000
0.04464829 0.73369535 166.00000000
0.04436348 0.73094477 166.00000000
0.04408018 0.72812583 166.00000000
0.04379843 0.72524169 166.00000000
0.04351827 0.72229551 166.00000000
0.04323974 0.71929039 166.00000000
0.04296287 0.71622942 166.00000000
0.04268770 0.71311562 166.00000000
0.04241427 0.70995196 167.00000000
0.04214260 0.70674134 167.00000000
0.04187273 0.70348658 167.00000000
0.04160469 0.70019044 168.00000000
0.04133849 0.69685558 168.00000000
0.04107417 0.69348458 168.00000000
0.04081175 0.69007994 168.00000000
0.04055125 0.68664406 168.00000000
0.04029269 0.68317926 168.00000000
0.04003610 0.67968776 168.00000000
0.03978150 0.67617169 168.00000000
0.03952889 0.67263311 168.00000000
0.03927830 0.66907398 169.00000000
0.03902973 0.66549617 169.00000000
0.03878322 0.66190148 169.00000000
0.03853876 0.65829163 169.00000000
0.03829637 0.65466824 169.00000000
0.03805606 0.65103288 169.00000000
0.03781784 0.64738704 169.00000000
0.03758171 0.64373215 169.00000000
0.03734769 0.64006955 169.00000000
0.03711578 0.63640055 170.00000000
0.03688599 0.63272638 170.00000000
0.03665831 0.62904821 170.00000000
0.03643276 0.62536717 170.00000000
0.03620934 0.62168433 170.00000000
0.03598804 0.61800070 170.00000000
0.03576888 0.61431728 170.00000000
0.03555184 0.61063499 170.00000000
0.03533693 0.60695473 171.00000000
0.03512414 0.60327734 171.00000000
0.03491348 0.59960366 171.00000000
0.03470494 0.59593445 171.00000000
0.03449851 0.59227047 171.00000000
0.03429420 0.58861244 172.00000000
0.03409199 0.58496104 172.00000000
0.03389188 0.58131694 172.00000000
0.03369386 0.57768078 172.00000000
0.03349793 0.57405315 172.00000000
0.03330407 0.57043466 172.00000000
0.03311228 0.56682585 172.00000000
0.03292255 0.56322728 172.00000000
0.03273488 0.55963946 173.00000000
0.03254924 0.55606289 173.00000000
0.03236562 0.55249807 173.00000000
0.03218403 0.54894544 173.00000000
0.03200444 0.54540546 173.00000000
0.03182685 0.54187855 173.00000000
0.03165123 0.53836513 173.00000000
0.03147758 0.53486560 173.00000000
0.03130589 0.53138034 173.00000000
0.03113613 0.52790972 174.00000000
0.03096831 0.52445409 174.00000000
0.03080239 0.52101378 174.00000000
0.03063837 0.51758913 174.00000000
0.03047624 0.51418046 174.00000000
0.03031597 0.51078804 174.00000000
0.03015756 0.50741219 174.00000000
0.03000097 0.50405316 174.00000000
0.02984621 0.50071123 175.00000000
0.02969326 0.49738664 175.00000000
0.02954209 0.49407964 175.00000000
0.02939269 0.49079045 175.00000000
0.02924505 0.48751929 175.00000000
0.02909915 0.48426636 175.00000000
0.02895496 0.48103186 175.00000000
0.02881249 0.47781598 175.00000000
0.02867169 0.47461889 175.00000000
0.02853257 0.47144075 176.00000000
0.02839511 0.46828172 176.00000000
0.02825927 0.46514195 176.00000000
0.02812506 0.46202157 176.00000000
0.02799245 0.45892070 176.00000000
0.02786142 0.45583947 176.00000000
0.02773196 0.45277798 176.00000000
0.02760405 0.44973633 176.00000000
0.02747767 0.44671461 177.00000000
0.02735280 0.44371290 177.00000000
0.02722944 0.44073128 177.00000000
0.02710755 0.43776982 177.00000000
0.02698713 0.43482857 177.00000000
0.02686815 0.43190757 177.00000000
0.02675060 0.42900689 177.00000000
0.02663447 0.42612654 177.00000000
0.02651973 0.42326657 178.00000000
0.02640637 0.42042699 178.00000000
0.02629437 0.41760781 178.00000000
0.02618371 0.41480905 178.00000000
0.02607439 0.41203070 178.00000000
0.02596637 0.40927277 178.00000000
0.02585966 0.40653525 178.00000000
0.02575422 0.40381811 178.00000000
0.02565005 0.40112133 178.00000000
0.02554712 0.39844490 179.00000000
0.02544543 0.39578877 179.00000000
0.02534495 0.39315292 179.00000000
0.02524567 0.39053729 179.00000000
0.02514758 0.38794184 179.00000000
0.02505066 0.38536652 179.00000000
0.02495489 0.38281127 179.00000000
0.02486026 0.38027604 179.00000000